
********************************************************************************
                   Status report produced on 04/08/2025 22:57                   
********************************************************************************


Delayed methods: No delays

===============================
 Delayed adjusted / FX prices  
===============================

                    last_update
RUR         2025-06-12 23:00:01
CNH-onshore 2025-07-28 23:00:00
SGX         2025-07-30 23:00:02
SWISSLEAD   2025-07-31 23:00:00


===============================================
           Delayed optimal positions           
===============================================

                                    last_update
dynamic_TF_carry/SGX 2024-12-02 22:31:28.544775

Instruments at trade limit: No constraints

================================================
         Instruments at position limit          
================================================

                 keys  position pos_limit  spare
245  EUROSTX200-LARGE         0       0.0    0.0
80           TWD-mini         0       0.0    0.0
79         COPPER_LME         0       0.0    0.0
77             KRWUSD         0       0.0    0.0
74           JGB-mini         0       0.0    0.0
72                 IG         0       0.0    0.0
171     EU-DJ-TELECOM         0       0.0    0.0
68            SMI-MID         0       0.0    0.0
65        CNH-onshore         0       0.0    0.0
160               OMX         0       0.0    0.0
177      COAL-GEORDIE         0       0.0    0.0
57           SGD_mini         0       0.0    0.0
183         EU-RETAIL         0       0.0    0.0
184               PLN         0       0.0    0.0
189              COAL         0       0.0    0.0
192              VNKI         0       0.0    0.0
50          SWISSLEAD         0       0.0    0.0
193           TIN_LME         0       0.0    0.0
194          HOUSE-US         0       0.0    0.0
182            NASDAQ         0       0.0    0.0
153   EU-CONSTRUCTION         0       0.0    0.0
151         EU-TRAVEL         0       0.0    0.0
150     EUROSTX-LARGE         0       0.0    0.0
117              CH10         0       0.0    0.0
115               NOK         0       0.0    0.0
114       COPPER-mini         0       0.0    0.0
124          JPY_mini         0       0.0    0.0
110           MILKDRY         0       0.0    0.0
126               RUR         0       0.0    0.0
131           BOVESPA         0       0.0    0.0
105               SGX         0       0.0    0.0
133            AUDJPY         0       0.0    0.0
135           MILKWET         0       0.0    0.0
99          CHF_micro         0       0.0    0.0
97         EU-DJ-TECH         0       0.0    0.0
137            BUTTER         0       0.0    0.0
138            EURCAD         0       0.0    0.0
93             EURCHF         0       0.0    0.0
92                SEK         0       0.0    0.0
140          EU-HOUSE         0       0.0    0.0
146            EURAUD         0       0.0    0.0
88             CHFJPY         0       0.0    0.0
196       EPRA-EUROPE         0       0.0    0.0
44                IRS         0       0.0    0.0
59        HEATOIL-ICE         0       0.0    0.0
198               MIB         1       1.0    0.0
242               JGB         0       0.0    0.0
5           HIGHYIELD         0       0.0    0.0
240              GICS         0       0.0    0.0
239            COTTON         0       0.0    0.0
11              STEEL         0       0.0    0.0
12           EU-MEDIA         0       0.0    0.0
13              R1000         0       0.0    0.0
236            GBPJPY         0       0.0    0.0
16           ETHEREUM         0       0.0    0.0
224          AEX_mini         0       0.0    0.0
220           GAS-PEN        -1       1.0    0.0
216   GASOILINE_micro         0       0.0    0.0
28            EU-CHEM         0       0.0    0.0
212               TWD         0       0.0    0.0
120              WHEY         0       0.0    0.0
37              SP400         0       0.0    0.0
206            PALLAD         0       0.0    0.0
207          MSCIEAFA         2       2.0    0.0
38                CLP         0       0.0    0.0
39                CZK         0       0.0    0.0


=======================================================
        Overrides in database consider deleting        
=======================================================

                                               override
NICKEL_LME           Override Close because in database
RICE           Override Reduce only because in database
COAL           Override Reduce only because in database
GAS-PEN        Override Reduce only because in database
GAS_US_mini    Override Reduce only because in database
VNKI           Override Reduce only because in database
VIX_mini       Override Reduce only because in database
STEEL          Override Reduce only because in database
COPPER-mini    Override Reduce only because in database
IBEX_mini      Override Reduce only because in database
BOVESPA        Override Reduce only because in database
IBEX           Override Reduce only because in database
WHEAT_mini     Override Reduce only because in database
CRUDE_W_micro  Override Reduce only because in database
GICS           Override Reduce only because in database
CHINAA-CON     Override Reduce only because in database
SGD            Override Reduce only because in database
KRWUSD         Override Reduce only because in database
CNH-onshore    Override Reduce only because in database
COAL-GEORDIE   Override Reduce only because in database
CRUDE_W_mini   Override Reduce only because in database
AEX            Override Reduce only because in database
TWD-mini       Override Reduce only because in database
WHEAT_ICE      Override Reduce only because in database
AEX_mini       Override Reduce only because in database
CAC            Override Reduce only because in database

Locked instruments (position mismatch): []

==============================================
Status of adjusted price / FX price collection
==============================================

                         last_update
RUR              2025-06-12 23:00:01
CNH-onshore      2025-07-28 23:00:00
SGX              2025-07-30 23:00:02
SWISSLEAD        2025-07-31 23:00:00
CAD5             2025-08-01 23:00:00
CANOLA*          2025-08-01 23:00:00
CHFJPY           2025-08-01 23:00:00
CLP              2025-08-01 23:00:00
COAL-GEORDIE     2025-08-01 23:00:00
CAD2             2025-08-01 23:00:00
MSCIEMASIA       2025-08-01 23:00:00
COTTON           2025-08-01 23:00:00
GBPCHF           2025-08-01 23:00:00
EPRA-EUROPE      2025-08-01 23:00:00
MILKWET          2025-08-01 23:00:00
MILKDRY          2025-08-01 23:00:00
KRWUSD           2025-08-01 23:00:00
EUROSTX-LARGE    2025-08-01 23:00:00
HOUSE-US         2025-08-01 23:00:00
OMX              2025-08-01 23:00:00
CAD10*           2025-08-01 23:00:00
GASOILINE_micro  2025-08-01 23:00:00
WHEY             2025-08-01 23:00:00
SUGAR16          2025-08-01 23:00:00
BOVESPA          2025-08-01 23:00:00
SGD_mini         2025-08-02 23:00:00
TWD              2025-08-02 23:00:00
JGB-mini         2025-08-04 02:00:00
JP-REALESTATE    2025-08-04 04:00:00
KR3              2025-08-04 04:00:00
VNKI             2025-08-04 04:00:00
HANG_mini        2025-08-04 04:00:00
JGB-SGX-mini     2025-08-04 04:00:00
HANGENT_mini     2025-08-04 04:00:00
HANGENT          2025-08-04 04:00:00
TWD-mini         2025-08-04 04:00:00
RUBBER           2025-08-04 04:00:00
FTSECHINAH       2025-08-04 04:00:00
HANGTECH         2025-08-04 04:00:00
SPI200*          2025-08-04 04:00:00
FTSEINDO         2025-08-04 04:00:00
HANG             2025-08-04 04:00:00
FTSEVIET         2025-08-04 04:00:00
CHINAA-CON       2025-08-04 04:00:00
MUMMY*           2025-08-04 05:00:00
KR10             2025-08-04 05:00:00
KOSPI_mini       2025-08-04 05:00:00
MSCISING*        2025-08-04 05:00:00
MSCITAIWAN       2025-08-04 05:00:00
KOSPI            2025-08-04 05:00:00
FTSETAIWAN       2025-08-04 05:00:00
SGD              2025-08-04 05:00:00
NIKKEI           2025-08-04 05:00:00
NIKKEI400        2025-08-04 05:00:00
IRON             2025-08-04 05:00:00
CNH              2025-08-04 05:00:00
KOSDAQ*          2025-08-04 05:00:00
JGB              2025-08-04 05:00:00
TOPIX            2025-08-04 05:00:00
FTSECHINAA       2025-08-04 05:00:00
KRWUSD_mini*     2025-08-04 05:00:00
COPPER_LME       2025-08-04 07:00:00
AEX_mini         2025-08-04 08:00:00
EU-DJ-TELECOM    2025-08-04 08:00:00
TIN_LME          2025-08-04 09:00:00
COAL             2025-08-04 10:00:00
EU-RETAIL        2025-08-04 13:00:00
MSCIWORLD        2025-08-04 14:00:00
EURIBOR          2025-08-04 14:00:00
EU-HOUSE         2025-08-04 14:00:00
PLN              2025-08-04 14:30:00
FTSE250          2025-08-04 15:00:00
GASOIL           2025-08-04 15:00:00
IRS              2025-08-04 15:00:00
FTSE100          2025-08-04 15:00:00
IBEX_mini        2025-08-04 15:00:00
HEATOIL-ICE      2025-08-04 15:00:00
GILT             2025-08-04 15:00:00
EUROSTX-SMALL    2025-08-04 15:00:00
ZINC_LME         2025-08-04 15:00:00
EURIBOR-ICE      2025-08-04 15:00:00
IBEX             2025-08-04 15:00:00
EUROSTX200-LARGE 2025-08-04 15:00:00
EU-DJ-OIL        2025-08-04 15:00:00
EU-TRAVEL        2025-08-04 15:00:00
SONIA3           2025-08-04 15:00:00
CH10             2025-08-04 15:00:00
BRENT_W          2025-08-04 15:00:00
SARONA           2025-08-04 15:00:00
COCOA_LDN        2025-08-04 15:00:00
BONO             2025-08-04 15:00:00
ROBUSTA          2025-08-04 15:00:00
CRUDE_ICE        2025-08-04 15:00:00
EUA              2025-08-04 15:00:00
V2X              2025-08-04 15:00:00
NICKEL_LME       2025-08-04 15:00:00
EU-DJ-TECH       2025-08-04 15:00:00
WHEAT_ICE        2025-08-04 15:00:00
MIB*             2025-08-04 15:00:00
LEAD_LME         2025-08-04 15:00:00
EU-CHEM          2025-08-04 15:00:00
ALUMINIUM_LME    2025-08-04 15:00:00
EU-TECH          2025-08-04 15:00:00
MILLWHEAT        2025-08-04 15:00:00
EU-MEDIA         2025-08-04 15:00:00
EU-MID           2025-08-04 15:00:00
GICS             2025-08-04 16:00:00
SHATZ            2025-08-04 16:00:00
MSCIASIA         2025-08-04 16:00:00
SMI              2025-08-04 16:00:00
OAT              2025-08-04 16:00:00
SUGAR_WHITE      2025-08-04 16:00:00
SMI-MID          2025-08-04 16:00:00
AEX              2025-08-04 16:00:00
BUXL             2025-08-04 16:00:00
BTP*             2025-08-04 16:00:00
CZK              2025-08-04 16:00:00
EU-UTILS         2025-08-04 16:00:00
EU-REALESTATE    2025-08-04 16:00:00
BOBL             2025-08-04 16:00:00
EU-OIL           2025-08-04 16:00:00
EU-INSURE        2025-08-04 16:00:00
EU-HEALTH        2025-08-04 16:00:00
EU-FOOD          2025-08-04 16:00:00
EU-DJ-UTIL       2025-08-04 16:00:00
EU-DIV30         2025-08-04 16:00:00
EU-CONSTRUCTION  2025-08-04 16:00:00
EU-BASIC         2025-08-04 16:00:00
EU-BANKS         2025-08-04 16:00:00
EU-AUTO          2025-08-04 16:00:00
EURO600          2025-08-04 16:00:00
EUROSTX          2025-08-04 16:00:00
DAX              2025-08-04 16:00:00
CAC              2025-08-04 16:00:00
BTP3             2025-08-04 16:00:00
BUND*            2025-08-04 16:00:00
GASOILINE_ICE    2025-08-04 16:00:00
SUGAR11          2025-08-04 17:00:00
BUTTER           2025-08-04 17:00:00
EURAUD           2025-08-04 17:00:00
HIGHYIELD        2025-08-04 18:00:00
AUDJPY           2025-08-04 18:00:00
COFFEE           2025-08-04 18:00:00
COCOA            2025-08-04 18:00:00
EURCAD           2025-08-04 18:00:00
OJ               2025-08-04 18:00:00
ALUMINIUM        2025-08-04 18:00:00
STEEL            2025-08-04 18:00:00
US-ENERGY        2025-08-04 19:00:00
US-DISCRETE      2025-08-04 19:00:00
BITCOIN          2025-08-04 19:00:00
COTTON2          2025-08-04 19:00:00
COPPER-mini      2025-08-04 19:00:00
SOYMEAL          2025-08-04 19:00:00
CAD_micro        2025-08-04 19:00:00
CHEESE           2025-08-04 19:00:00
SOYOIL           2025-08-04 19:00:00
CORN_mini        2025-08-04 19:00:00
OATIES           2025-08-04 19:00:00
RICE*            2025-08-04 19:00:00
SOYBEAN_mini     2025-08-04 19:00:00
CORN             2025-08-04 19:00:00
REDWHEAT         2025-08-04 19:00:00
IG               2025-08-04 19:00:00
GBPJPY           2025-08-04 19:00:00
GAS-PEN*         2025-08-04 19:00:00
GOLD             2025-08-04 19:00:00
WHEAT_mini       2025-08-04 19:00:00
GAS-LAST         2025-08-04 19:00:00
FEEDCOW*         2025-08-04 19:00:00
WHEAT*           2025-08-04 19:00:00
BBCOMM           2025-08-04 19:00:00
DX*              2025-08-04 19:00:00
INR              2025-08-04 19:00:00
MILK             2025-08-04 19:00:00
LIVECOW          2025-08-04 19:00:00
LUMBER-new       2025-08-04 19:00:00
SOYBEAN          2025-08-04 19:00:00
LEANHOG*         2025-08-04 19:00:00
US2              2025-08-04 20:00:00
ZAR              2025-08-04 20:00:00
US-STAPLES       2025-08-04 20:00:00
YENEUR*          2025-08-04 20:00:00
AUD              2025-08-04 20:00:00
US-REALESTATE    2025-08-04 20:00:00
US10             2025-08-04 20:00:00
SP400            2025-08-04 20:00:00
SP500            2025-08-04 20:00:00
US10U*           2025-08-04 20:00:00
SP500_micro      2025-08-04 20:00:00
US-HEALTH        2025-08-04 20:00:00
US-INDUSTRY      2025-08-04 20:00:00
AUD_micro        2025-08-04 20:00:00
VIX_mini         2025-08-04 20:00:00
VIX              2025-08-04 20:00:00
US5              2025-08-04 20:00:00
BRENT-LAST       2025-08-04 20:00:00
US30             2025-08-04 20:00:00
US3              2025-08-04 20:00:00
US20             2025-08-04 20:00:00
BRE              2025-08-04 20:00:00
US-MATERIAL      2025-08-04 20:00:00
US-UTILS         2025-08-04 20:00:00
GAS_US_mini*     2025-08-04 20:00:00
CAD              2025-08-04 20:00:00
MSCIEAFA*        2025-08-04 20:00:00
ETHER-micro      2025-08-04 20:00:00
ETHEREUM         2025-08-04 20:00:00
SOFR             2025-08-04 20:00:00
JPY*             2025-08-04 20:00:00
EUR              2025-08-04 20:00:00
EURCHF           2025-08-04 20:00:00
EUR_micro        2025-08-04 20:00:00
DOW_mini         2025-08-04 20:00:00
EUR_mini         2025-08-04 20:00:00
FANG             2025-08-04 20:00:00
FED              2025-08-04 20:00:00
GOLD_micro*      2025-08-04 20:00:00
GOLD-mini        2025-08-04 20:00:00
GASOILINE        2025-08-04 20:00:00
GBP_micro        2025-08-04 20:00:00
GBPEUR           2025-08-04 20:00:00
GBP              2025-08-04 20:00:00
HEATOIL          2025-08-04 20:00:00
DOW              2025-08-04 20:00:00
JPY_mini         2025-08-04 20:00:00
MXP*             2025-08-04 20:00:00
SILVER           2025-08-04 20:00:00
CHF              2025-08-04 20:00:00
CHF_micro        2025-08-04 20:00:00
SEK              2025-08-04 20:00:00
CRUDE_W_mini     2025-08-04 20:00:00
RUSSELL          2025-08-04 20:00:00
COPPER           2025-08-04 20:00:00
COPPER-micro     2025-08-04 20:00:00
GAS_US           2025-08-04 20:00:00
RUSSELL_mini     2025-08-04 20:00:00
PLAT*            2025-08-04 20:00:00
PALLAD           2025-08-04 20:00:00
NZD              2025-08-04 20:00:00
NOK              2025-08-04 20:00:00
CRUDE_W          2025-08-04 20:00:00
CRUDE_W_micro*   2025-08-04 20:00:00
NASDAQ_micro*    2025-08-04 20:00:00
NASDAQ           2025-08-04 20:00:00
R1000            2025-08-04 20:00:00
CHFUSD           2025-08-04 23:00:00
JPYUSD           2025-08-04 23:00:00
EURUSD           2025-08-04 23:00:00
CADUSD           2025-08-04 23:00:00
KRWUSD           2025-08-04 23:00:00
SGDUSD           2025-08-04 23:00:00
SEKUSD           2025-08-04 23:00:00
GBPUSD           2025-08-04 23:00:00
MXPUSD           2025-08-04 23:00:00
HKDUSD           2025-08-04 23:00:00
CNHUSD           2025-08-04 23:00:00
AUDUSD           2025-08-04 23:00:00


============================================================
           Status of optimal position generation            
============================================================

                                                 last_update
dynamic_TF_carry/SGX              2024-12-02 22:31:28.544775
dynamic_TF_carry/HANGTECH         2025-08-04 22:31:35.008049
dynamic_TF_carry/YENEUR           2025-08-04 22:31:35.008309
dynamic_TF_carry/EUA              2025-08-04 22:31:35.008548
dynamic_TF_carry/STEEL            2025-08-04 22:31:35.008783
dynamic_TF_carry/EUR              2025-08-04 22:31:35.009015
dynamic_TF_carry/CANOLA           2025-08-04 22:31:35.009245
dynamic_TF_carry/GBPJPY           2025-08-04 22:31:35.009476
dynamic_TF_carry/SMI              2025-08-04 22:31:35.009722
dynamic_TF_carry/EU-OIL           2025-08-04 22:31:35.009954
dynamic_TF_carry/EU-CONSTRUCTION  2025-08-04 22:31:35.010184
dynamic_TF_carry/HANG_mini        2025-08-04 22:31:35.010414
dynamic_TF_carry/GAS-PEN          2025-08-04 22:31:35.010643
dynamic_TF_carry/ROBUSTA          2025-08-04 22:31:35.010871
dynamic_TF_carry/REDWHEAT         2025-08-04 22:31:35.011099
dynamic_TF_carry/COCOA_LDN        2025-08-04 22:31:35.011556
dynamic_TF_carry/EURAUD           2025-08-04 22:31:35.011786
dynamic_TF_carry/GASOILINE        2025-08-04 22:31:35.012014
dynamic_TF_carry/US3              2025-08-04 22:31:35.012243
dynamic_TF_carry/DAX              2025-08-04 22:31:35.012472
dynamic_TF_carry/JP-REALESTATE    2025-08-04 22:31:35.012929
dynamic_TF_carry/CHINAA-CON       2025-08-04 22:31:35.013158
dynamic_TF_carry/MILLWHEAT        2025-08-04 22:31:35.013385
dynamic_TF_carry/US-DISCRETE      2025-08-04 22:31:35.013620
dynamic_TF_carry/GBP              2025-08-04 22:31:35.013849
dynamic_TF_carry/US-MATERIAL      2025-08-04 22:31:35.014078
dynamic_TF_carry/OJ               2025-08-04 22:31:35.014307
dynamic_TF_carry/TWD              2025-08-04 22:31:35.014535
dynamic_TF_carry/SMI-MID          2025-08-04 22:31:35.014764
dynamic_TF_carry/R1000            2025-08-04 22:31:35.014992
dynamic_TF_carry/JGB              2025-08-04 22:31:35.015219
dynamic_TF_carry/BUTTER           2025-08-04 22:31:35.015447
dynamic_TF_carry/CHF              2025-08-04 22:31:35.015676
dynamic_TF_carry/CRUDE_W_mini     2025-08-04 22:31:35.015905
dynamic_TF_carry/SOYMEAL          2025-08-04 22:31:35.016133
dynamic_TF_carry/EURIBOR          2025-08-04 22:31:35.016363
dynamic_TF_carry/SPI200           2025-08-04 22:31:35.016592
dynamic_TF_carry/SOYOIL           2025-08-04 22:31:35.016822
dynamic_TF_carry/IG               2025-08-04 22:31:35.017052
dynamic_TF_carry/CLP              2025-08-04 22:31:35.017510
dynamic_TF_carry/MILK             2025-08-04 22:31:35.017752
dynamic_TF_carry/EU-BASIC         2025-08-04 22:31:35.017981
dynamic_TF_carry/MILKWET          2025-08-04 22:31:35.018210
dynamic_TF_carry/MSCIASIA         2025-08-04 22:31:35.018438
dynamic_TF_carry/MSCITAIWAN       2025-08-04 22:31:35.018667
dynamic_TF_carry/COPPER_LME       2025-08-04 22:31:35.018897
dynamic_TF_carry/LUMBER-new       2025-08-04 22:31:35.019126
dynamic_TF_carry/RUR              2025-08-04 22:31:35.019354
dynamic_TF_carry/OATIES           2025-08-04 22:31:35.019582
dynamic_TF_carry/ZINC_LME         2025-08-04 22:31:35.019812
dynamic_TF_carry/EU-AUTO          2025-08-04 22:31:35.020040
dynamic_TF_carry/IBEX_mini        2025-08-04 22:31:35.020269
dynamic_TF_carry/CAC              2025-08-04 22:31:35.020499
dynamic_TF_carry/CH10             2025-08-04 22:31:35.020728
dynamic_TF_carry/SOYBEAN          2025-08-04 22:31:35.020958
dynamic_TF_carry/OMX              2025-08-04 22:31:35.021187
dynamic_TF_carry/AUDJPY           2025-08-04 22:31:35.021415
dynamic_TF_carry/RUBBER           2025-08-04 22:31:35.021648
dynamic_TF_carry/AUD_micro        2025-08-04 22:31:35.021878
dynamic_TF_carry/EU-FOOD          2025-08-04 22:31:35.022108
dynamic_TF_carry/MSCIEAFA         2025-08-04 22:31:35.022336
dynamic_TF_carry/EU-HEALTH        2025-08-04 22:31:35.022794
dynamic_TF_carry/NIKKEI400        2025-08-04 22:31:35.023023
dynamic_TF_carry/EURCAD           2025-08-04 22:31:35.023253
dynamic_TF_carry/AEX              2025-08-04 22:31:35.023482
dynamic_TF_carry/NICKEL_LME       2025-08-04 22:31:35.023710
dynamic_TF_carry/US30             2025-08-04 22:31:35.023938
dynamic_TF_carry/COTTON2          2025-08-04 22:31:35.024168
dynamic_TF_carry/FTSECHINAA       2025-08-04 22:31:35.024627
dynamic_TF_carry/SEK              2025-08-04 22:31:35.024855
dynamic_TF_carry/JGB-SGX-mini     2025-08-04 22:31:35.025315
dynamic_TF_carry/V2X              2025-08-04 22:31:35.025542
dynamic_TF_carry/MXP              2025-08-04 22:31:35.025777
dynamic_TF_carry/PLAT             2025-08-04 22:31:35.026008
dynamic_TF_carry/EURIBOR-ICE      2025-08-04 22:31:35.026239
dynamic_TF_carry/COPPER           2025-08-04 22:31:35.026468
dynamic_TF_carry/FEEDCOW          2025-08-04 22:31:35.026697
dynamic_TF_carry/ETHEREUM         2025-08-04 22:31:35.026927
dynamic_TF_carry/HOUSE-US         2025-08-04 22:31:35.027157
dynamic_TF_carry/IRON             2025-08-04 22:31:35.027386
dynamic_TF_carry/BTP              2025-08-04 22:31:35.027843
dynamic_TF_carry/EURO600          2025-08-04 22:31:35.028071
dynamic_TF_carry/US-REALESTATE    2025-08-04 22:31:35.028300
dynamic_TF_carry/KOSDAQ           2025-08-04 22:31:35.028529
dynamic_TF_carry/HANGENT_mini     2025-08-04 22:31:35.028757
dynamic_TF_carry/SOFR             2025-08-04 22:31:35.028986
dynamic_TF_carry/EUROSTX200-LARGE 2025-08-04 22:31:35.029215
dynamic_TF_carry/EPRA-EUROPE      2025-08-04 22:31:35.029444
dynamic_TF_carry/FTSE100          2025-08-04 22:31:35.029676
dynamic_TF_carry/IRS              2025-08-04 22:31:35.029906
dynamic_TF_carry/LIVECOW          2025-08-04 22:31:35.030135
dynamic_TF_carry/NZD              2025-08-04 22:31:35.030363
dynamic_TF_carry/CAD2             2025-08-04 22:31:35.030592
dynamic_TF_carry/BUXL             2025-08-04 22:31:35.030820
dynamic_TF_carry/FTSECHINAH       2025-08-04 22:31:35.031048
dynamic_TF_carry/EUROSTX          2025-08-04 22:31:35.031277
dynamic_TF_carry/SOYBEAN_mini     2025-08-04 22:31:35.031505
dynamic_TF_carry/GILT             2025-08-04 22:31:35.031733
dynamic_TF_carry/GAS-LAST         2025-08-04 22:31:35.031961
dynamic_TF_carry/CRUDE_W_micro    2025-08-04 22:31:35.032189
dynamic_TF_carry/SHATZ            2025-08-04 22:31:35.032416
dynamic_TF_carry/US20             2025-08-04 22:31:35.032644
dynamic_TF_carry/FTSETAIWAN       2025-08-04 22:31:35.033102
dynamic_TF_carry/LEANHOG          2025-08-04 22:31:35.033331
dynamic_TF_carry/WHEAT            2025-08-04 22:31:35.033560
dynamic_TF_carry/BUND             2025-08-04 22:31:35.033793
dynamic_TF_carry/DX               2025-08-04 22:31:35.034022
dynamic_TF_carry/SUGAR16          2025-08-04 22:31:35.034253
dynamic_TF_carry/CZK              2025-08-04 22:31:35.034712
dynamic_TF_carry/EU-RETAIL        2025-08-04 22:31:35.034940
dynamic_TF_carry/COAL             2025-08-04 22:31:35.035168
dynamic_TF_carry/EUR_micro        2025-08-04 22:31:35.035398
dynamic_TF_carry/HIGHYIELD        2025-08-04 22:31:35.035627
dynamic_TF_carry/NOK              2025-08-04 22:31:35.035856
dynamic_TF_carry/SP500_micro      2025-08-04 22:31:35.036086
dynamic_TF_carry/CNH              2025-08-04 22:31:35.036315
dynamic_TF_carry/BONO             2025-08-04 22:31:35.036544
dynamic_TF_carry/MUMMY            2025-08-04 22:31:35.036772
dynamic_TF_carry/COPPER-micro     2025-08-04 22:31:35.037001
dynamic_TF_carry/WHEY             2025-08-04 22:31:35.037229
dynamic_TF_carry/CHEESE           2025-08-04 22:31:35.037458
dynamic_TF_carry/TOPIX            2025-08-04 22:31:35.037691
dynamic_TF_carry/INR              2025-08-04 22:31:35.037923
dynamic_TF_carry/MSCIEMASIA       2025-08-04 22:31:35.038152
dynamic_TF_carry/US10             2025-08-04 22:31:35.038383
dynamic_TF_carry/TIN_LME          2025-08-04 22:31:35.038613
dynamic_TF_carry/FANG             2025-08-04 22:31:35.038843
dynamic_TF_carry/RUSSELL          2025-08-04 22:31:35.039073
dynamic_TF_carry/JPY              2025-08-04 22:31:35.039303
dynamic_TF_carry/EU-TECH          2025-08-04 22:31:35.039532
dynamic_TF_carry/EU-DJ-UTIL       2025-08-04 22:31:35.039991
dynamic_TF_carry/GBPCHF           2025-08-04 22:31:35.040220
dynamic_TF_carry/BRE              2025-08-04 22:31:35.040450
dynamic_TF_carry/GASOIL           2025-08-04 22:31:35.040681
dynamic_TF_carry/SGD              2025-08-04 22:31:35.040911
dynamic_TF_carry/GOLD_micro       2025-08-04 22:31:35.041142
dynamic_TF_carry/FED              2025-08-04 22:31:35.041372
dynamic_TF_carry/EU-CHEM          2025-08-04 22:31:35.041607
dynamic_TF_carry/BOBL             2025-08-04 22:31:35.042068
dynamic_TF_carry/ZAR              2025-08-04 22:31:35.042297
dynamic_TF_carry/EUROSTX-SMALL    2025-08-04 22:31:35.042529
dynamic_TF_carry/MSCISING         2025-08-04 22:31:35.042760
dynamic_TF_carry/COCOA            2025-08-04 22:31:35.042990
dynamic_TF_carry/EU-TRAVEL        2025-08-04 22:31:35.043218
dynamic_TF_carry/EU-REALESTATE    2025-08-04 22:31:35.043447
dynamic_TF_carry/PALLAD           2025-08-04 22:31:35.043676
dynamic_TF_carry/FTSE250          2025-08-04 22:31:35.043906
dynamic_TF_carry/SILVER           2025-08-04 22:31:35.044136
dynamic_TF_carry/FTSEINDO         2025-08-04 22:31:35.044365
dynamic_TF_carry/AUD              2025-08-04 22:31:35.044595
dynamic_TF_carry/MIB              2025-08-04 22:31:35.044824
dynamic_TF_carry/EU-DIV30         2025-08-04 22:31:35.045054
dynamic_TF_carry/US-STAPLES       2025-08-04 22:31:35.045283
dynamic_TF_carry/COFFEE           2025-08-04 22:31:35.045512
dynamic_TF_carry/COAL-GEORDIE     2025-08-04 22:31:35.045745
dynamic_TF_carry/FTSEVIET         2025-08-04 22:31:35.045973
dynamic_TF_carry/CAD10            2025-08-04 22:31:35.046202
dynamic_TF_carry/CRUDE_ICE        2025-08-04 22:31:35.046431
dynamic_TF_carry/BRENT-LAST       2025-08-04 22:31:35.046659
dynamic_TF_carry/BTP3             2025-08-04 22:31:35.046889
dynamic_TF_carry/CHFJPY           2025-08-04 22:31:35.047120
dynamic_TF_carry/US-UTILS         2025-08-04 22:31:35.047349
dynamic_TF_carry/KOSPI            2025-08-04 22:31:35.047578
dynamic_TF_carry/GAS_US_mini      2025-08-04 22:31:35.047807
dynamic_TF_carry/SWISSLEAD        2025-08-04 22:31:35.048038
dynamic_TF_carry/KRWUSD_mini      2025-08-04 22:31:35.048268
dynamic_TF_carry/EU-UTILS         2025-08-04 22:31:35.048498
dynamic_TF_carry/EU-HOUSE         2025-08-04 22:31:35.048726
dynamic_TF_carry/MSCIWORLD        2025-08-04 22:31:35.048956
dynamic_TF_carry/EU-DJ-TELECOM    2025-08-04 22:31:35.049184
dynamic_TF_carry/KR10             2025-08-04 22:31:35.049413
dynamic_TF_carry/PLN              2025-08-04 22:31:35.049645
dynamic_TF_carry/US-HEALTH        2025-08-04 22:31:35.049875
dynamic_TF_carry/SUGAR11          2025-08-04 22:31:35.050106
dynamic_TF_carry/KOSPI_mini       2025-08-04 22:31:35.050335
dynamic_TF_carry/ALUMINIUM        2025-08-04 22:31:35.050564
dynamic_TF_carry/MILKDRY          2025-08-04 22:31:35.050794
dynamic_TF_carry/KR3              2025-08-04 22:31:35.051023
dynamic_TF_carry/NIKKEI           2025-08-04 22:31:35.051484
dynamic_TF_carry/WHEAT_ICE        2025-08-04 22:31:35.051714
dynamic_TF_carry/CAD              2025-08-04 22:31:35.051943
dynamic_TF_carry/HEATOIL          2025-08-04 22:31:35.052173
dynamic_TF_carry/BRENT_W          2025-08-04 22:31:35.052403
dynamic_TF_carry/LEAD_LME         2025-08-04 22:31:35.052633
dynamic_TF_carry/BITCOIN          2025-08-04 22:31:35.052863
dynamic_TF_carry/CAD5             2025-08-04 22:31:35.053093
dynamic_TF_carry/US5              2025-08-04 22:31:35.053323
dynamic_TF_carry/OAT              2025-08-04 22:31:35.053553
dynamic_TF_carry/EU-MEDIA         2025-08-04 22:31:35.053787
dynamic_TF_carry/EU-MID           2025-08-04 22:31:35.054017
dynamic_TF_carry/SUGAR_WHITE      2025-08-04 22:31:35.054247
dynamic_TF_carry/GBPEUR           2025-08-04 22:31:35.054480
dynamic_TF_carry/US-INDUSTRY      2025-08-04 22:31:35.054711
dynamic_TF_carry/COTTON           2025-08-04 22:31:35.054942
dynamic_TF_carry/EU-INSURE        2025-08-04 22:31:35.055173
dynamic_TF_carry/KRWUSD           2025-08-04 22:31:35.055404
dynamic_TF_carry/RICE             2025-08-04 22:31:35.055635
dynamic_TF_carry/BBCOMM           2025-08-04 22:31:35.055865
dynamic_TF_carry/SARONA           2025-08-04 22:31:35.056095
dynamic_TF_carry/US10U            2025-08-04 22:31:35.056326
dynamic_TF_carry/EURCHF           2025-08-04 22:31:35.056557
dynamic_TF_carry/EUROSTX-LARGE    2025-08-04 22:31:35.056787
dynamic_TF_carry/US2              2025-08-04 22:31:35.057017
dynamic_TF_carry/DOW              2025-08-04 22:31:35.057246
dynamic_TF_carry/SP400            2025-08-04 22:31:35.057712
dynamic_TF_carry/BOVESPA          2025-08-04 22:31:35.057942
dynamic_TF_carry/VNKI             2025-08-04 22:31:35.058173
dynamic_TF_carry/EU-BANKS         2025-08-04 22:31:35.058404
dynamic_TF_carry/CORN             2025-08-04 22:31:35.058635
dynamic_TF_carry/US-ENERGY        2025-08-04 22:31:35.058866
dynamic_TF_carry/SONIA3           2025-08-04 22:31:35.059096
dynamic_TF_carry/GICS             2025-08-04 22:31:35.059328
dynamic_TF_carry/VIX              2025-08-04 22:31:35.059557
dynamic_TF_carry/NASDAQ_micro     2025-08-04 22:31:35.059787


======================================================================================================================
                                                Status of trade limits                                                
======================================================================================================================

                   period_days  trade_limit  trades_since_last_reset  trade_capacity_remaining   time_since_last_reset
 CAD                        30            6                      4.0                       2.0 17 days 07:58:05.349040
 BTP                        14            4                      1.0                       3.0 13 days 14:58:30.233341
 YENEUR                     30            4                      1.0                       3.0  6 days 07:58:25.813300
 JPY                        30            5                      2.0                       3.0 17 days 07:58:28.980964
 BTP                        30            4                      1.0                       3.0 13 days 14:58:30.235110
 YENEUR                     14            4                      1.0                       3.0  6 days 07:58:25.816006
 EU-DJ-UTIL                  1            4                      0.0                       4.0  0 days 00:00:00.000001
 EU-DJ-TELECOM               1            4                      0.0                       4.0  0 days 00:00:00.000001
 EU-DJ-TECH                  1            4                      0.0                       4.0  0 days 00:00:00.000002
 EU-DJ-OIL                   1            4                      0.0                       4.0  0 days 00:00:00.000002
 EU-CONSTRUCTION             1            4                      0.0                       4.0  0 days 00:00:00.000001
 CZK                         1            4                      0.0                       4.0  0 days 00:00:00.000002
 COTTON                      1            4                      0.0                       4.0  0 days 00:00:00.000002
 CLP                         1            4                      0.0                       4.0  0 days 00:00:00.000001
 CNH-onshore                 1            4                      0.0                       4.0  0 days 00:00:00.000001
 EU-HOUSE                    1            4                      0.0                       4.0  0 days 00:00:00.000002
 CH10                        1            4                      0.0                       4.0  0 days 00:00:00.000002
 BUTTER                      1            4                      0.0                       4.0  0 days 00:00:00.000001
 BOVESPA                     1            4                      0.0                       4.0  0 days 00:00:00.000001
 BEL20                       1            4                      0.0                       4.0  0 days 00:00:00.000001
 ALUMINIUM                   1            4                      0.0                       4.0  0 days 00:00:00.000001
 US30                       30            4                      0.0                       4.0  0 days 00:00:00.000001
 COPPER-mini                 1            4                      0.0                       4.0  0 days 00:00:00.000001
 EU-MEDIA                    1            4                      0.0                       4.0  0 days 00:00:00.000001
 EU-MID                      1            4                      0.0                       4.0  0 days 00:00:00.000001
 EU-REALESTATE               1            4                      0.0                       4.0  0 days 00:00:00.000002
 US-HEALTH                   1            4                      0.0                       4.0  0 days 00:00:00.000001
 US-ENERGY                   1            4                      0.0                       4.0  0 days 00:00:00.000001
 US-DISCRETE                 1            4                      0.0                       4.0  0 days 00:00:00.000002
 SMI-MID                     1            4                      0.0                       4.0  0 days 00:00:00.000002
 SGX                         1            4                      0.0                       4.0  0 days 00:00:00.000001
 SGD                         1            4                      0.0                       4.0  0 days 00:00:00.000001
 OMX                         1            4                      0.0                       4.0  0 days 00:00:00.000002
 MSCIASIA                    1            4                      0.0                       4.0  0 days 00:00:00.000002
 MILKWET                     1            4                      0.0                       4.0  0 days 00:00:00.000001
 US3                        30            4                      0.0                       4.0  0 days 00:00:00.000002
 MILKDRY                     1            4                      0.0                       4.0  0 days 00:00:00.000001
 JP-REALESTATE               1            4                      0.0                       4.0  0 days 00:00:00.000002
 JGB-SGX-mini                1            4                      0.0                       4.0  0 days 00:00:00.000001
 IRS                         1            4                      0.0                       4.0  0 days 00:00:00.000001
 FTSEINDO                    1            4                      0.0                       4.0  0 days 00:00:00.000001
 EUROSTX200-LARGE            1            4                      0.0                       4.0  0 days 00:00:00.000002
 EUROSTX-SMALL               1            4                      0.0                       4.0  0 days 00:00:00.000002
 EUROSTX-LARGE               1            4                      0.0                       4.0  0 days 00:00:00.000001
 EURIBOR                     1            4                      0.0                       4.0  0 days 00:00:00.000001
 EURCHF                      1            4                      0.0                       4.0  0 days 00:00:00.000002
 MID-DAX                     1            4                      0.0                       4.0  0 days 00:00:00.000002
 US10U                      30            4                      0.0                       4.0 20 days 07:58:25.250288
 NOK                        30            4                      0.0                       4.0  0 days 00:00:00.000002
 SEK                        30            4                      0.0                       4.0  0 days 00:00:00.000001
 GBPEUR                     14            4                      0.0                       4.0  0 days 00:00:00.000001
 GAS-LAST                   14            4                      0.0                       4.0  0 days 00:00:00.000001
 FTSETAIWAN                 14            4                      0.0                       4.0  0 days 00:00:00.000001
 EU-TECH                    14            4                      0.0                       4.0  0 days 00:00:00.000002
 EU-CHEM                    14            4                      0.0                       4.0  0 days 00:00:00.000002
 ETHEREUM                   14            4                      0.0                       4.0  0 days 00:00:00.000002
 CNH                        14            4                      0.0                       4.0  0 days 00:00:00.000001
 BUXL                       14            4                      0.0                       4.0  0 days 00:00:00.000002
 BTP3                       14            4                      0.0                       4.0  0 days 00:00:00.000001
 BRENT-LAST                 14            4                      0.0                       4.0  0 days 00:00:00.000002
 BONO                       14            4                      0.0                       4.0  0 days 00:00:00.000002
 YENEUR                      1            4                      0.0                       4.0  0 days 00:00:00.000001
 US3                         1            4                      0.0                       4.0  0 days 00:00:00.000001
 US10U                       1            4                      0.0                       4.0  0 days 00:00:00.000002
 US-REALESTATE               1            4                      0.0                       4.0  0 days 00:00:00.000002
 TOPIX                       1            4                      0.0                       4.0  0 days 00:00:00.000001
 SP400                       1            4                      0.0                       4.0  0 days 00:00:00.000001
 SEK                         1            4                      0.0                       4.0  0 days 00:00:00.000002
 RUSSELL                     1            4                      0.0                       4.0  0 days 00:00:00.000002
 HEATOIL                    14            4                      0.0                       4.0  0 days 00:00:00.000002
 SP400                      30            4                      0.0                       4.0  0 days 00:00:00.000001
 JGB                        14            4                      0.0                       4.0  0 days 00:00:00.000001
 NOK                        14            4                      0.0                       4.0  0 days 00:00:00.000002
 US-INDUSTRY                 1            4                      0.0                       4.0  0 days 00:00:00.000002
 JGB                        30            4                      0.0                       4.0  0 days 00:00:00.000002
 HEATOIL                    30            4                      0.0                       4.0  0 days 00:00:00.000001
 GBPEUR                     30            4                      0.0                       4.0  0 days 00:00:00.000002
 GASOILINE                  30            4                      0.0                       4.0  0 days 00:00:00.000001
 GAS-LAST                   30            4                      0.0                       4.0  0 days 00:00:00.000001
 ETHEREUM                   30            4                      0.0                       4.0  0 days 00:00:00.000002
 CHF                        30            4                      0.0                       4.0  0 days 00:00:00.000001
 BUXL                       30            4                      0.0                       4.0  0 days 00:00:00.000002
 BTP3                       30            4                      0.0                       4.0  0 days 00:00:00.000002
 BRENT-LAST                 30            4                      0.0                       4.0  0 days 00:00:00.000001
 BONO                       30            4                      0.0                       4.0  0 days 00:00:00.000001
 US30                       14            4                      0.0                       4.0  0 days 00:00:00.000002
 US3                        14            4                      0.0                       4.0  0 days 00:00:00.000001
 US10U                      14            4                      0.0                       4.0  0 days 00:00:00.000001
