
********************************************************************************
                   Status report produced on 06/04/2026 22:57                   
********************************************************************************


Delayed methods: No delays

====================================
    Delayed adjusted / FX prices    
====================================

                         last_update
HIGHYIELD        2026-02-27 15:00:02
IG               2026-02-27 20:00:02
SGX              2026-03-02 23:00:01
HOUSE-US         2026-03-27 23:00:00
CNH-onshore      2026-03-30 23:00:00
EUROSTX-LARGE    2026-04-02 23:00:00
EUROSTX-SMALL    2026-04-02 23:00:00
EUROSTX200-LARGE 2026-04-02 23:00:00
FTSE100          2026-04-02 23:00:00
FTSE250          2026-04-02 23:00:00
GASOILINE_micro  2026-04-02 23:00:00
EUROSTX          2026-04-02 23:00:00
GBPCHF           2026-04-02 23:00:00
GBPJPY           2026-04-02 23:00:00
GICS             2026-04-02 23:00:00
GILT             2026-04-02 23:00:00
GAS-PEN          2026-04-02 23:00:00
EURO600          2026-04-02 23:00:00
AEX              2026-04-02 23:00:00
EURIBOR          2026-04-02 23:00:00
EU-FOOD          2026-04-02 23:00:00
EU-HEALTH        2026-04-02 23:00:00
EU-HOUSE         2026-04-02 23:00:00
EU-INSURE        2026-04-02 23:00:00
EU-MEDIA         2026-04-02 23:00:00
EU-MID           2026-04-02 23:00:00
HANG             2026-04-02 23:00:00
EU-OIL           2026-04-02 23:00:00
EU-RETAIL        2026-04-02 23:00:00
EU-TECH          2026-04-02 23:00:00
EU-TRAVEL        2026-04-02 23:00:00
EU-UTILS         2026-04-02 23:00:00
EUA              2026-04-02 23:00:00
EURCAD           2026-04-02 23:00:00
EU-REALESTATE    2026-04-02 23:00:00
EURIBOR-ICE      2026-04-02 23:00:00
HANGENT_mini     2026-04-02 23:00:00
EU-DJ-UTIL       2026-04-02 23:00:00
ZINC_LME         2026-04-02 23:00:00
WHEAT_ICE        2026-04-02 23:00:00
V2X              2026-04-02 23:00:00
TWD-mini         2026-04-02 23:00:00
TIN_LME          2026-04-02 23:00:00
SWISSLEAD        2026-04-02 23:00:00
SUGAR_WHITE      2026-04-02 23:00:00
SUGAR16          2026-04-02 23:00:00
SPI200           2026-04-02 23:00:00
SONIA3           2026-04-02 23:00:00
SMI-MID          2026-04-02 23:00:00
SMI              2026-04-02 23:00:00
SHATZ            2026-04-02 23:00:00
HANGENT          2026-04-02 23:00:00
SGD_mini         2026-04-02 23:00:00
ROBUSTA          2026-04-02 23:00:00
PLN              2026-04-02 23:00:00
OMX              2026-04-02 23:00:00
OAT              2026-04-02 23:00:00
NICKEL_LME       2026-04-02 23:00:00
MSCIWORLD        2026-04-02 23:00:00
MSCIASIA         2026-04-02 23:00:00
MILLWHEAT        2026-04-02 23:00:00
MILKWET          2026-04-02 23:00:00
MIB              2026-04-02 23:00:00
KRWUSD           2026-04-02 23:00:00
IBEX_mini        2026-04-02 23:00:00
IBEX             2026-04-02 23:00:00
SARONA           2026-04-02 23:00:00
EU-DJ-TELECOM    2026-04-02 23:00:00
HANGTECH         2026-04-02 23:00:00
EU-DJ-OIL        2026-04-02 23:00:00
CH10             2026-04-02 23:00:00
CAC              2026-04-02 23:00:00
BUXL             2026-04-02 23:00:00
CHFJPY           2026-04-02 23:00:00
BUND             2026-04-02 23:00:00
BTP3             2026-04-02 23:00:00
COAL-GEORDIE     2026-04-02 23:00:00
COCOA_LDN        2026-04-02 23:00:00
BTP              2026-04-02 23:00:00
BOVESPA          2026-04-02 23:00:00
BONO             2026-04-02 23:00:00
COPPER_LME       2026-04-02 23:00:00
BOBL             2026-04-02 23:00:00
COTTON           2026-04-02 23:00:00
ALUMINIUM_LME    2026-04-02 23:00:00
EU-DJ-TECH       2026-04-02 23:00:00
EU-BANKS         2026-04-02 23:00:00
AEX_mini         2026-04-02 23:00:00
EU-AUTO          2026-04-02 23:00:00
DAX              2026-04-02 23:00:00
EPRA-EUROPE      2026-04-02 23:00:00
EU-CHEM          2026-04-02 23:00:00
EU-BASIC         2026-04-02 23:00:00
EU-CONSTRUCTION  2026-04-02 23:00:00
EU-DIV30         2026-04-02 23:00:00
CZK              2026-04-02 23:00:00
HANG_mini        2026-04-02 23:00:01
COAL             2026-04-02 23:00:01
LEAD_LME         2026-04-02 23:00:01
CLP              2026-04-02 23:00:02


===============================================
           Delayed optimal positions           
===============================================

                                    last_update
dynamic_TF_carry/SGX 2024-12-02 22:31:28.544775

Instruments at trade limit: No constraints

================================================
         Instruments at position limit          
================================================

                 keys  position pos_limit  spare
185               IRS         0       0.0    0.0
102               JGB         0       0.0    0.0
57      EU-DJ-TELECOM         0       0.0    0.0
105         HIGHYIELD         0       0.0    0.0
106             SP400         0       0.0    0.0
216          JPY_mini         0       0.0    0.0
108         AUD_micro         5       5.0    0.0
210              GICS         0       0.0    0.0
50            TIN_LME         0       0.0    0.0
112            EURCAD         0       0.0    0.0
219      COAL-GEORDIE         0       0.0    0.0
220            BUTTER         0       0.0    0.0
43                OMX         0       0.0    0.0
82             CHFJPY         0       0.0    0.0
39        HEATOIL-ICE         0       0.0    0.0
47             PALLAD         0       0.0    0.0
223        EU-DJ-TECH         0       0.0    0.0
100          JGB-mini         0       0.0    0.0
63            MILKWET         0       0.0    0.0
81             COTTON         0       0.0    0.0
86             EURCHF         0       0.0    0.0
78           EU-MEDIA         0       0.0    0.0
208            GBPJPY         0       0.0    0.0
76           SGD_mini         0       0.0    0.0
75            MILKDRY         0       0.0    0.0
62                 IG         0       0.0    0.0
74                TWD         0       0.0    0.0
72          CHF_micro         0       0.0    0.0
89           HOUSE-US         0       0.0    0.0
199               SGX         0       0.0    0.0
66          SWISSLEAD         0       0.0    0.0
209          AEX_mini         0       0.0    0.0
97          EU-RETAIL         0       0.0    0.0
73             EURAUD         0       0.0    0.0
120              COAL         0       0.0    0.0
204   GASOILINE_micro         0       0.0    0.0
181           BOVESPA         0       0.0    0.0
233  EUROSTX200-LARGE         0       0.0    0.0
145             R1000         0       0.0    0.0
169         GASOILINE         1       1.0    0.0
15      EUROSTX-LARGE         0       0.0    0.0
147            KRWUSD         0       0.0    0.0
149       EPRA-EUROPE         0       0.0    0.0
232           EU-CHEM         0       0.0    0.0
12        COPPER-mini         0       0.0    0.0
163   EU-CONSTRUCTION         0       0.0    0.0
240       CNH-onshore         0       0.0    0.0
241              VNKI         0       0.0    0.0
5            TWD-mini         0       0.0    0.0
3                CH10         0       0.0    0.0
2                 CLP         0       0.0    0.0
238         EU-TRAVEL         0       0.0    0.0
22             AUDJPY         0       0.0    0.0
172           SMI-MID         0       0.0    0.0
179               PLN         0       0.0    0.0
230              WHEY         0       0.0    0.0
29              STEEL         0       0.0    0.0
132               CZK         0       0.0    0.0
133          ETHEREUM         0       0.0    0.0
134          EU-HOUSE         0       0.0    0.0
178               SEK         0       0.0    0.0
228               NOK         0       0.0    0.0
135            NASDAQ         0       0.0    0.0
180        COPPER_LME         0       0.0    0.0


=========================================================
         Overrides in database consider deleting         
=========================================================

                                                 override
NICKEL_LME             Override Close because in database
OATIES           Override Reduce only because in database
RICE             Override Reduce only because in database
LUMBER-new       Override Reduce only because in database
GAS_US_mini      Override Reduce only because in database
VNKI             Override Reduce only because in database
VIX_mini         Override Reduce only because in database
COPPER-mini      Override Reduce only because in database
MILKDRY          Override Reduce only because in database
TWD              Override Reduce only because in database
IBEX_mini        Override Reduce only because in database
IBEX             Override Reduce only because in database
GICS             Override Reduce only because in database
KOSPI_mini       Override Reduce only because in database
SGD              Override Reduce only because in database
CNH-onshore      Override Reduce only because in database
CRUDE_W_mini     Override Reduce only because in database
BOVESPA          Override Reduce only because in database
CHINAA-CON       Override Reduce only because in database
STEEL            Override Reduce only because in database
AEX              Override Reduce only because in database
SUGAR16          Override Reduce only because in database
AEX_mini         Override Reduce only because in database
CAC              Override Reduce only because in database
GASOILINE_micro  Override Reduce only because in database

Locked instruments (position mismatch): []

==============================================
Status of adjusted price / FX price collection
==============================================

                         last_update
HIGHYIELD        2026-02-27 15:00:02
IG               2026-02-27 20:00:02
SGX              2026-03-02 23:00:01
HOUSE-US         2026-03-27 23:00:00
CNH-onshore      2026-03-30 23:00:00
EUROSTX-LARGE    2026-04-02 23:00:00
EUROSTX-SMALL    2026-04-02 23:00:00
EUROSTX200-LARGE 2026-04-02 23:00:00
FTSE100          2026-04-02 23:00:00
FTSE250          2026-04-02 23:00:00
GASOILINE_micro  2026-04-02 23:00:00
EUROSTX          2026-04-02 23:00:00
GBPCHF           2026-04-02 23:00:00
GBPJPY           2026-04-02 23:00:00
GICS             2026-04-02 23:00:00
GILT             2026-04-02 23:00:00
GAS-PEN          2026-04-02 23:00:00
EURO600          2026-04-02 23:00:00
AEX              2026-04-02 23:00:00
EURIBOR          2026-04-02 23:00:00
EU-FOOD          2026-04-02 23:00:00
EU-HEALTH        2026-04-02 23:00:00
EU-HOUSE         2026-04-02 23:00:00
EU-INSURE        2026-04-02 23:00:00
EU-MEDIA         2026-04-02 23:00:00
EU-MID           2026-04-02 23:00:00
HANG             2026-04-02 23:00:00
EU-OIL*          2026-04-02 23:00:00
EU-RETAIL        2026-04-02 23:00:00
EU-TECH          2026-04-02 23:00:00
EU-TRAVEL        2026-04-02 23:00:00
EU-UTILS         2026-04-02 23:00:00
EUA              2026-04-02 23:00:00
EURCAD           2026-04-02 23:00:00
EU-REALESTATE    2026-04-02 23:00:00
EURIBOR-ICE      2026-04-02 23:00:00
HANGENT_mini*    2026-04-02 23:00:00
EU-DJ-UTIL       2026-04-02 23:00:00
ZINC_LME         2026-04-02 23:00:00
WHEAT_ICE        2026-04-02 23:00:00
V2X*             2026-04-02 23:00:00
TWD-mini         2026-04-02 23:00:00
TIN_LME          2026-04-02 23:00:00
SWISSLEAD        2026-04-02 23:00:00
SUGAR_WHITE      2026-04-02 23:00:00
SUGAR16          2026-04-02 23:00:00
SPI200           2026-04-02 23:00:00
SONIA3           2026-04-02 23:00:00
SMI-MID          2026-04-02 23:00:00
SMI              2026-04-02 23:00:00
SHATZ            2026-04-02 23:00:00
HANGENT          2026-04-02 23:00:00
SGD_mini         2026-04-02 23:00:00
ROBUSTA          2026-04-02 23:00:00
PLN              2026-04-02 23:00:00
OMX              2026-04-02 23:00:00
OAT              2026-04-02 23:00:00
NICKEL_LME       2026-04-02 23:00:00
MSCIWORLD        2026-04-02 23:00:00
MSCIASIA         2026-04-02 23:00:00
MILLWHEAT        2026-04-02 23:00:00
MILKWET          2026-04-02 23:00:00
MIB              2026-04-02 23:00:00
KRWUSD           2026-04-02 23:00:00
IBEX_mini        2026-04-02 23:00:00
IBEX             2026-04-02 23:00:00
SARONA           2026-04-02 23:00:00
EU-DJ-TELECOM    2026-04-02 23:00:00
HANGTECH         2026-04-02 23:00:00
EU-DJ-OIL        2026-04-02 23:00:00
CH10             2026-04-02 23:00:00
CAC              2026-04-02 23:00:00
BUXL             2026-04-02 23:00:00
CHFJPY           2026-04-02 23:00:00
BUND             2026-04-02 23:00:00
BTP3             2026-04-02 23:00:00
COAL-GEORDIE     2026-04-02 23:00:00
COCOA_LDN        2026-04-02 23:00:00
BTP              2026-04-02 23:00:00
BOVESPA          2026-04-02 23:00:00
BONO             2026-04-02 23:00:00
COPPER_LME       2026-04-02 23:00:00
BOBL             2026-04-02 23:00:00
COTTON           2026-04-02 23:00:00
ALUMINIUM_LME    2026-04-02 23:00:00
EU-DJ-TECH       2026-04-02 23:00:00
EU-BANKS         2026-04-02 23:00:00
AEX_mini         2026-04-02 23:00:00
EU-AUTO          2026-04-02 23:00:00
DAX              2026-04-02 23:00:00
EPRA-EUROPE      2026-04-02 23:00:00
EU-CHEM          2026-04-02 23:00:00
EU-BASIC*        2026-04-02 23:00:00
EU-CONSTRUCTION  2026-04-02 23:00:00
EU-DIV30         2026-04-02 23:00:00
CZK              2026-04-02 23:00:00
HANG_mini        2026-04-02 23:00:01
COAL             2026-04-02 23:00:01
LEAD_LME         2026-04-02 23:00:01
CLP              2026-04-02 23:00:02
SGD              2026-04-03 23:00:00
FTSEVIET         2026-04-03 23:00:00
TWD              2026-04-04 23:00:00
JGB-mini         2026-04-06 02:00:00
MSCITAIWAN       2026-04-06 02:00:00
VNKI             2026-04-06 02:00:00
FTSEINDO         2026-04-06 03:00:00
JP-REALESTATE    2026-04-06 03:00:00
IRON             2026-04-06 04:00:00
KRWUSD_mini      2026-04-06 04:00:00
RUBBER           2026-04-06 04:00:00
FTSECHINAH       2026-04-06 04:00:00
CHINAA-CON       2026-04-06 04:00:00
FTSETAIWAN       2026-04-06 05:00:00
TOPIX            2026-04-06 05:00:00
CNH              2026-04-06 05:00:00
JGB              2026-04-06 05:00:00
JGB-SGX-mini     2026-04-06 05:00:00
FTSECHINAA*      2026-04-06 05:00:00
KOSDAQ           2026-04-06 05:00:00
KOSPI_mini       2026-04-06 05:00:00
KR10*            2026-04-06 05:00:00
KR3              2026-04-06 05:00:00
NIKKEI400        2026-04-06 05:00:00
NIKKEI           2026-04-06 05:00:00
MUMMY*           2026-04-06 05:00:00
MSCISING         2026-04-06 05:00:00
KOSPI            2026-04-06 05:00:00
IRS              2026-04-06 14:30:00
CRUDE_ICE        2026-04-06 15:00:00
GASOIL           2026-04-06 15:00:00
HEATOIL-ICE      2026-04-06 15:00:00
AUDJPY           2026-04-06 16:00:00
BRENT_W          2026-04-06 16:00:00
GASOILINE_ICE    2026-04-06 16:00:00
WHEY             2026-04-06 16:00:00
GAS-LAST         2026-04-06 17:00:00
MILKDRY          2026-04-06 17:00:00
SUGAR11          2026-04-06 17:00:00
ALUMINIUM*       2026-04-06 18:00:00
COCOA            2026-04-06 18:00:00
COFFEE           2026-04-06 18:00:00
OJ               2026-04-06 18:00:00
BBCOMM           2026-04-06 19:00:00
BUTTER           2026-04-06 19:00:00
US-STAPLES       2026-04-06 19:00:00
SOYBEAN_mini     2026-04-06 19:00:00
SOYBEAN          2026-04-06 19:00:00
RICE             2026-04-06 19:00:00
NOK              2026-04-06 19:00:00
US-MATERIAL      2026-04-06 19:00:00
WHEAT            2026-04-06 19:00:00
US-ENERGY        2026-04-06 19:00:00
WHEAT_mini       2026-04-06 19:00:00
BRENT-LAST       2026-04-06 19:00:00
MSCIEMASIA       2026-04-06 19:00:00
REDWHEAT         2026-04-06 19:00:00
SOYOIL*          2026-04-06 19:00:00
VIX_mini         2026-04-06 19:00:00
OATIES           2026-04-06 19:00:00
SOYMEAL          2026-04-06 19:00:00
US-INDUSTRY      2026-04-06 19:00:00
R1000            2026-04-06 19:00:00
CAD2             2026-04-06 19:00:00
EURAUD           2026-04-06 19:00:00
INR              2026-04-06 19:00:00
FEEDCOW          2026-04-06 19:00:00
COPPER-mini      2026-04-06 19:00:00
CANOLA           2026-04-06 19:00:00
COPPER-micro     2026-04-06 19:00:00
DX               2026-04-06 19:00:00
CORN_mini        2026-04-06 19:00:00
CHEESE           2026-04-06 19:00:00
CHF_micro        2026-04-06 19:00:00
LIVECOW*         2026-04-06 19:00:00
LEANHOG*         2026-04-06 19:00:00
COTTON2          2026-04-06 19:00:00
CORN             2026-04-06 19:00:00
US-HEALTH        2026-04-06 20:00:00
CRUDE_W_micro    2026-04-06 20:00:00
CRUDE_W          2026-04-06 20:00:00
US-DISCRETE      2026-04-06 20:00:00
CAD5             2026-04-06 20:00:00
US-REALESTATE    2026-04-06 20:00:00
EUR_micro*       2026-04-06 20:00:00
AUD_micro*       2026-04-06 20:00:00
EUR_mini         2026-04-06 20:00:00
BITCOIN*         2026-04-06 20:00:00
AUD              2026-04-06 20:00:00
EURCHF           2026-04-06 20:00:00
US2              2026-04-06 20:00:00
US10*            2026-04-06 20:00:00
ETHEREUM         2026-04-06 20:00:00
ZAR              2026-04-06 20:00:00
YENEUR*          2026-04-06 20:00:00
ETHER-micro      2026-04-06 20:00:00
DOW_mini         2026-04-06 20:00:00
DOW*             2026-04-06 20:00:00
EUR              2026-04-06 20:00:00
VIX              2026-04-06 20:00:00
CRUDE_W_mini     2026-04-06 20:00:00
US5              2026-04-06 20:00:00
US30             2026-04-06 20:00:00
US3              2026-04-06 20:00:00
US20             2026-04-06 20:00:00
FANG             2026-04-06 20:00:00
US10U            2026-04-06 20:00:00
US-UTILS         2026-04-06 20:00:00
MSCIEAFA         2026-04-06 20:00:00
STEEL            2026-04-06 20:00:00
SP500_micro*     2026-04-06 20:00:00
CHF*             2026-04-06 20:00:00
PLAT             2026-04-06 20:00:00
FED              2026-04-06 20:00:00
JPY              2026-04-06 20:00:00
JPY_mini         2026-04-06 20:00:00
NZD              2026-04-06 20:00:00
HEATOIL          2026-04-06 20:00:00
LUMBER-new       2026-04-06 20:00:00
NASDAQ_micro*    2026-04-06 20:00:00
NASDAQ           2026-04-06 20:00:00
MXP*             2026-04-06 20:00:00
CAD10            2026-04-06 20:00:00
MILK             2026-04-06 20:00:00
CAD_micro        2026-04-06 20:00:00
CAD*             2026-04-06 20:00:00
GOLD_micro       2026-04-06 20:00:00
PALLAD           2026-04-06 20:00:00
RUSSELL          2026-04-06 20:00:00
SP500            2026-04-06 20:00:00
SP400            2026-04-06 20:00:00
GOLD-mini        2026-04-06 20:00:00
COPPER           2026-04-06 20:00:00
SOFR             2026-04-06 20:00:00
GAS_US           2026-04-06 20:00:00
BRE              2026-04-06 20:00:00
SILVER           2026-04-06 20:00:00
GASOILINE*       2026-04-06 20:00:00
GBP              2026-04-06 20:00:00
GBPEUR           2026-04-06 20:00:00
GBP_micro        2026-04-06 20:00:00
SEK              2026-04-06 20:00:00
GOLD             2026-04-06 20:00:00
RUSSELL_mini     2026-04-06 20:00:00
GAS_US_mini*     2026-04-06 20:00:00
CHFUSD           2026-04-06 23:00:00
JPYUSD           2026-04-06 23:00:00
EURUSD           2026-04-06 23:00:00
CADUSD           2026-04-06 23:00:00
KRWUSD           2026-04-06 23:00:00
GBPUSD           2026-04-06 23:00:00
SEKUSD           2026-04-06 23:00:00
SGDUSD           2026-04-06 23:00:00
MXPUSD           2026-04-06 23:00:00
HKDUSD           2026-04-06 23:00:00
CNHUSD           2026-04-06 23:00:00
AUDUSD           2026-04-06 23:00:00


============================================================
           Status of optimal position generation            
============================================================

                                                 last_update
dynamic_TF_carry/SGX              2024-12-02 22:31:28.544775
dynamic_TF_carry/REDWHEAT         2026-04-06 22:31:40.525353
dynamic_TF_carry/BITCOIN          2026-04-06 22:31:40.525615
dynamic_TF_carry/ROBUSTA          2026-04-06 22:31:40.525857
dynamic_TF_carry/US-INDUSTRY      2026-04-06 22:31:40.526092
dynamic_TF_carry/CNH              2026-04-06 22:31:40.526324
dynamic_TF_carry/MSCIWORLD        2026-04-06 22:31:40.526556
dynamic_TF_carry/SONIA3           2026-04-06 22:31:40.526788
dynamic_TF_carry/EU-OIL           2026-04-06 22:31:40.527023
dynamic_TF_carry/HANG_mini        2026-04-06 22:31:40.527254
dynamic_TF_carry/FTSEVIET         2026-04-06 22:31:40.527484
dynamic_TF_carry/JP-REALESTATE    2026-04-06 22:31:40.527713
dynamic_TF_carry/LIVECOW          2026-04-06 22:31:40.527941
dynamic_TF_carry/HANGTECH         2026-04-06 22:31:40.528169
dynamic_TF_carry/FTSE100          2026-04-06 22:31:40.528397
dynamic_TF_carry/SUGAR16          2026-04-06 22:31:40.528625
dynamic_TF_carry/COPPER_LME       2026-04-06 22:31:40.528856
dynamic_TF_carry/MILKDRY          2026-04-06 22:31:40.529313
dynamic_TF_carry/ALUMINIUM        2026-04-06 22:31:40.529541
dynamic_TF_carry/NIKKEI           2026-04-06 22:31:40.529774
dynamic_TF_carry/NOK              2026-04-06 22:31:40.530003
dynamic_TF_carry/OMX              2026-04-06 22:31:40.530462
dynamic_TF_carry/JPY              2026-04-06 22:31:40.530689
dynamic_TF_carry/ZAR              2026-04-06 22:31:40.530919
dynamic_TF_carry/CZK              2026-04-06 22:31:40.531149
dynamic_TF_carry/GASOILINE        2026-04-06 22:31:40.531377
dynamic_TF_carry/JGB              2026-04-06 22:31:40.531607
dynamic_TF_carry/SWISSLEAD        2026-04-06 22:31:40.531836
dynamic_TF_carry/LUMBER-new       2026-04-06 22:31:40.532065
dynamic_TF_carry/BTP3             2026-04-06 22:31:40.532295
dynamic_TF_carry/SOYBEAN_mini     2026-04-06 22:31:40.532523
dynamic_TF_carry/US2              2026-04-06 22:31:40.532751
dynamic_TF_carry/STEEL            2026-04-06 22:31:40.533206
dynamic_TF_carry/FTSECHINAA       2026-04-06 22:31:40.533433
dynamic_TF_carry/GILT             2026-04-06 22:31:40.533665
dynamic_TF_carry/AUDJPY           2026-04-06 22:31:40.533894
dynamic_TF_carry/BRE              2026-04-06 22:31:40.534123
dynamic_TF_carry/EUROSTX-SMALL    2026-04-06 22:31:40.534352
dynamic_TF_carry/EU-BASIC         2026-04-06 22:31:40.534580
dynamic_TF_carry/US10U            2026-04-06 22:31:40.534810
dynamic_TF_carry/CHF              2026-04-06 22:31:40.535038
dynamic_TF_carry/TIN_LME          2026-04-06 22:31:40.535267
dynamic_TF_carry/US-DISCRETE      2026-04-06 22:31:40.535497
dynamic_TF_carry/COCOA            2026-04-06 22:31:40.535725
dynamic_TF_carry/US-STAPLES       2026-04-06 22:31:40.535953
dynamic_TF_carry/EU-MEDIA         2026-04-06 22:31:40.536182
dynamic_TF_carry/EU-INSURE        2026-04-06 22:31:40.536411
dynamic_TF_carry/CLP              2026-04-06 22:31:40.536640
dynamic_TF_carry/MSCIEMASIA       2026-04-06 22:31:40.537096
dynamic_TF_carry/KR10             2026-04-06 22:31:40.537325
dynamic_TF_carry/CHFJPY           2026-04-06 22:31:40.537553
dynamic_TF_carry/GBPEUR           2026-04-06 22:31:40.537785
dynamic_TF_carry/FED              2026-04-06 22:31:40.538012
dynamic_TF_carry/IRON             2026-04-06 22:31:40.538241
dynamic_TF_carry/SP400            2026-04-06 22:31:40.538471
dynamic_TF_carry/SMI              2026-04-06 22:31:40.538699
dynamic_TF_carry/EU-CONSTRUCTION  2026-04-06 22:31:40.538927
dynamic_TF_carry/HANGENT_mini     2026-04-06 22:31:40.539155
dynamic_TF_carry/CAD5             2026-04-06 22:31:40.539383
dynamic_TF_carry/COPPER           2026-04-06 22:31:40.539612
dynamic_TF_carry/BOVESPA          2026-04-06 22:31:40.539840
dynamic_TF_carry/DOW              2026-04-06 22:31:40.540069
dynamic_TF_carry/EU-BANKS         2026-04-06 22:31:40.540297
dynamic_TF_carry/MSCITAIWAN       2026-04-06 22:31:40.540527
dynamic_TF_carry/BRENT-LAST       2026-04-06 22:31:40.541215
dynamic_TF_carry/US-MATERIAL      2026-04-06 22:31:40.541446
dynamic_TF_carry/WHEAT_ICE        2026-04-06 22:31:40.541691
dynamic_TF_carry/EUR_micro        2026-04-06 22:31:40.541922
dynamic_TF_carry/BUND             2026-04-06 22:31:40.542152
dynamic_TF_carry/COTTON2          2026-04-06 22:31:40.542382
dynamic_TF_carry/EU-HOUSE         2026-04-06 22:31:40.542612
dynamic_TF_carry/EU-FOOD          2026-04-06 22:31:40.542842
dynamic_TF_carry/EU-TRAVEL        2026-04-06 22:31:40.543071
dynamic_TF_carry/GBPCHF           2026-04-06 22:31:40.543301
dynamic_TF_carry/INR              2026-04-06 22:31:40.543530
dynamic_TF_carry/DAX              2026-04-06 22:31:40.543760
dynamic_TF_carry/ETHEREUM         2026-04-06 22:31:40.543990
dynamic_TF_carry/AEX              2026-04-06 22:31:40.544220
dynamic_TF_carry/MXP              2026-04-06 22:31:40.544450
dynamic_TF_carry/US-REALESTATE    2026-04-06 22:31:40.544682
dynamic_TF_carry/EURCHF           2026-04-06 22:31:40.544912
dynamic_TF_carry/EU-UTILS         2026-04-06 22:31:40.545140
dynamic_TF_carry/EU-RETAIL        2026-04-06 22:31:40.545368
dynamic_TF_carry/FTSECHINAH       2026-04-06 22:31:40.545600
dynamic_TF_carry/COPPER-micro     2026-04-06 22:31:40.546059
dynamic_TF_carry/EU-HEALTH        2026-04-06 22:31:40.546289
dynamic_TF_carry/GBP              2026-04-06 22:31:40.546519
dynamic_TF_carry/US3              2026-04-06 22:31:40.546750
dynamic_TF_carry/GOLD_micro       2026-04-06 22:31:40.546980
dynamic_TF_carry/IBEX_mini        2026-04-06 22:31:40.547210
dynamic_TF_carry/SUGAR11          2026-04-06 22:31:40.547440
dynamic_TF_carry/US-UTILS         2026-04-06 22:31:40.547671
dynamic_TF_carry/KOSDAQ           2026-04-06 22:31:40.547900
dynamic_TF_carry/AUD_micro        2026-04-06 22:31:40.548131
dynamic_TF_carry/SP500_micro      2026-04-06 22:31:40.548361
dynamic_TF_carry/BONO             2026-04-06 22:31:40.548590
dynamic_TF_carry/EPRA-EUROPE      2026-04-06 22:31:40.548818
dynamic_TF_carry/JGB-SGX-mini     2026-04-06 22:31:40.549048
dynamic_TF_carry/SEK              2026-04-06 22:31:40.549276
dynamic_TF_carry/RUSSELL          2026-04-06 22:31:40.549737
dynamic_TF_carry/WHEAT            2026-04-06 22:31:40.549966
dynamic_TF_carry/COCOA_LDN        2026-04-06 22:31:40.550196
dynamic_TF_carry/CAD              2026-04-06 22:31:40.550426
dynamic_TF_carry/SHATZ            2026-04-06 22:31:40.550655
dynamic_TF_carry/GBPJPY           2026-04-06 22:31:40.550887
dynamic_TF_carry/KR3              2026-04-06 22:31:40.551118
dynamic_TF_carry/GAS-PEN          2026-04-06 22:31:40.551348
dynamic_TF_carry/GASOIL           2026-04-06 22:31:40.551807
dynamic_TF_carry/US5              2026-04-06 22:31:40.552037
dynamic_TF_carry/HIGHYIELD        2026-04-06 22:31:40.552265
dynamic_TF_carry/EURCAD           2026-04-06 22:31:40.552494
dynamic_TF_carry/EU-MID           2026-04-06 22:31:40.552723
dynamic_TF_carry/EUA              2026-04-06 22:31:40.552950
dynamic_TF_carry/MSCIASIA         2026-04-06 22:31:40.553179
dynamic_TF_carry/MSCIEAFA         2026-04-06 22:31:40.553409
dynamic_TF_carry/CRUDE_W_mini     2026-04-06 22:31:40.553641
dynamic_TF_carry/NASDAQ_micro     2026-04-06 22:31:40.553869
dynamic_TF_carry/KRWUSD_mini      2026-04-06 22:31:40.554097
dynamic_TF_carry/OATIES           2026-04-06 22:31:40.554327
dynamic_TF_carry/YENEUR           2026-04-06 22:31:40.554557
dynamic_TF_carry/EU-DJ-UTIL       2026-04-06 22:31:40.554785
dynamic_TF_carry/EUROSTX200-LARGE 2026-04-06 22:31:40.555016
dynamic_TF_carry/IG               2026-04-06 22:31:40.555246
dynamic_TF_carry/KOSPI            2026-04-06 22:31:40.555476
dynamic_TF_carry/BUTTER           2026-04-06 22:31:40.555937
dynamic_TF_carry/SMI-MID          2026-04-06 22:31:40.556166
dynamic_TF_carry/NIKKEI400        2026-04-06 22:31:40.556394
dynamic_TF_carry/EURO600          2026-04-06 22:31:40.556623
dynamic_TF_carry/MIB              2026-04-06 22:31:40.556855
dynamic_TF_carry/SPI200           2026-04-06 22:31:40.557089
dynamic_TF_carry/COTTON           2026-04-06 22:31:40.557321
dynamic_TF_carry/CAD10            2026-04-06 22:31:40.557554
dynamic_TF_carry/SOYOIL           2026-04-06 22:31:40.557789
dynamic_TF_carry/PLAT             2026-04-06 22:31:40.558021
dynamic_TF_carry/US30             2026-04-06 22:31:40.558253
dynamic_TF_carry/ZINC_LME         2026-04-06 22:31:40.558713
dynamic_TF_carry/BUXL             2026-04-06 22:31:40.558941
dynamic_TF_carry/PALLAD           2026-04-06 22:31:40.559170
dynamic_TF_carry/AUD              2026-04-06 22:31:40.559401
dynamic_TF_carry/CANOLA           2026-04-06 22:31:40.559630
dynamic_TF_carry/R1000            2026-04-06 22:31:40.559860
dynamic_TF_carry/US-HEALTH        2026-04-06 22:31:40.560091
dynamic_TF_carry/WHEY             2026-04-06 22:31:40.560322
dynamic_TF_carry/EURIBOR-ICE      2026-04-06 22:31:40.560552
dynamic_TF_carry/BRENT_W          2026-04-06 22:31:40.560781
dynamic_TF_carry/GICS             2026-04-06 22:31:40.561012
dynamic_TF_carry/V2X              2026-04-06 22:31:40.561241
dynamic_TF_carry/EU-DJ-TELECOM    2026-04-06 22:31:40.561470
dynamic_TF_carry/SILVER           2026-04-06 22:31:40.561702
dynamic_TF_carry/BBCOMM           2026-04-06 22:31:40.561933
dynamic_TF_carry/CAC              2026-04-06 22:31:40.562163
dynamic_TF_carry/EUROSTX          2026-04-06 22:31:40.562394
dynamic_TF_carry/LEANHOG          2026-04-06 22:31:40.562623
dynamic_TF_carry/EURIBOR          2026-04-06 22:31:40.563086
dynamic_TF_carry/RUBBER           2026-04-06 22:31:40.563315
dynamic_TF_carry/TOPIX            2026-04-06 22:31:40.563545
dynamic_TF_carry/CHINAA-CON       2026-04-06 22:31:40.563776
dynamic_TF_carry/KRWUSD           2026-04-06 22:31:40.564235
dynamic_TF_carry/HEATOIL          2026-04-06 22:31:40.564466
dynamic_TF_carry/MILLWHEAT        2026-04-06 22:31:40.564697
dynamic_TF_carry/SOYBEAN          2026-04-06 22:31:40.564928
dynamic_TF_carry/VIX              2026-04-06 22:31:40.565158
dynamic_TF_carry/COAL             2026-04-06 22:31:40.565392
dynamic_TF_carry/CHEESE           2026-04-06 22:31:40.565627
dynamic_TF_carry/FTSETAIWAN       2026-04-06 22:31:40.565858
dynamic_TF_carry/SOFR             2026-04-06 22:31:40.566089
dynamic_TF_carry/SGD              2026-04-06 22:31:40.566323
dynamic_TF_carry/BOBL             2026-04-06 22:31:40.566554
dynamic_TF_carry/US20             2026-04-06 22:31:40.566784
dynamic_TF_carry/IRS              2026-04-06 22:31:40.567013
dynamic_TF_carry/MILK             2026-04-06 22:31:40.567471
dynamic_TF_carry/VNKI             2026-04-06 22:31:40.567700
dynamic_TF_carry/NZD              2026-04-06 22:31:40.567930
dynamic_TF_carry/EU-TECH          2026-04-06 22:31:40.568160
dynamic_TF_carry/NICKEL_LME       2026-04-06 22:31:40.568390
dynamic_TF_carry/FTSEINDO         2026-04-06 22:31:40.568619
dynamic_TF_carry/TWD              2026-04-06 22:31:40.568849
dynamic_TF_carry/CRUDE_W_micro    2026-04-06 22:31:40.569077
dynamic_TF_carry/CRUDE_ICE        2026-04-06 22:31:40.569306
dynamic_TF_carry/EUR              2026-04-06 22:31:40.569536
dynamic_TF_carry/GAS_US_mini      2026-04-06 22:31:40.569769
dynamic_TF_carry/SARONA           2026-04-06 22:31:40.569999
dynamic_TF_carry/FANG             2026-04-06 22:31:40.570228
dynamic_TF_carry/MUMMY            2026-04-06 22:31:40.570459
dynamic_TF_carry/OAT              2026-04-06 22:31:40.570690
dynamic_TF_carry/EURAUD           2026-04-06 22:31:40.570920
dynamic_TF_carry/OJ               2026-04-06 22:31:40.571150
dynamic_TF_carry/EU-DIV30         2026-04-06 22:31:40.571378
dynamic_TF_carry/EU-CHEM          2026-04-06 22:31:40.571608
dynamic_TF_carry/COFFEE           2026-04-06 22:31:40.571841
dynamic_TF_carry/US10             2026-04-06 22:31:40.572071
dynamic_TF_carry/CH10             2026-04-06 22:31:40.572302
dynamic_TF_carry/BTP              2026-04-06 22:31:40.572531
dynamic_TF_carry/RICE             2026-04-06 22:31:40.572760
dynamic_TF_carry/CORN             2026-04-06 22:31:40.572989
dynamic_TF_carry/US-ENERGY        2026-04-06 22:31:40.573218
dynamic_TF_carry/DX               2026-04-06 22:31:40.573446
dynamic_TF_carry/MSCISING         2026-04-06 22:31:40.573679
dynamic_TF_carry/HOUSE-US         2026-04-06 22:31:40.573926
dynamic_TF_carry/SOYMEAL          2026-04-06 22:31:40.574156
dynamic_TF_carry/FTSE250          2026-04-06 22:31:40.574385
dynamic_TF_carry/EUROSTX-LARGE    2026-04-06 22:31:40.574616
dynamic_TF_carry/PLN              2026-04-06 22:31:40.574845
dynamic_TF_carry/COAL-GEORDIE     2026-04-06 22:31:40.575073
dynamic_TF_carry/CAD2             2026-04-06 22:31:40.575301
dynamic_TF_carry/EU-AUTO          2026-04-06 22:31:40.575530
dynamic_TF_carry/EU-REALESTATE    2026-04-06 22:31:40.575759
dynamic_TF_carry/FEEDCOW          2026-04-06 22:31:40.575988
dynamic_TF_carry/KOSPI_mini       2026-04-06 22:31:40.576220
dynamic_TF_carry/GAS-LAST         2026-04-06 22:31:40.576449
dynamic_TF_carry/LEAD_LME         2026-04-06 22:31:40.576678
dynamic_TF_carry/SUGAR_WHITE      2026-04-06 22:31:40.576907
dynamic_TF_carry/MILKWET          2026-04-06 22:31:40.577136


======================================================================================================================
                                                Status of trade limits                                                
======================================================================================================================

                   period_days  trade_limit  trades_since_last_reset  trade_capacity_remaining   time_since_last_reset
 JPY                        14            4                      2.0                       2.0 11 days 07:58:39.058714
 JPY                        30            5                      2.0                       3.0 11 days 07:58:39.060228
 CORN                        1            4                      0.0                       4.0  0 days 00:00:00.000003
 EU-MEDIA                    1            4                      0.0                       4.0  0 days 00:00:00.000001
 EU-HOUSE                    1            4                      0.0                       4.0  0 days 00:00:00.000002
 EU-DJ-UTIL                  1            4                      0.0                       4.0  0 days 00:00:00.000001
 EU-DJ-TELECOM               1            4                      0.0                       4.0  0 days 00:00:00.000001
 EU-DJ-TECH                  1            4                      0.0                       4.0  0 days 00:00:00.000001
 EU-DJ-OIL                   1            4                      0.0                       4.0  0 days 00:00:00.000002
 EU-CONSTRUCTION             1            4                      0.0                       4.0  0 days 00:00:00.000001
 CZK                         1            4                      0.0                       4.0  0 days 00:00:00.000001
 COTTON                      1            4                      0.0                       4.0  0 days 00:00:00.000002
 COPPER-mini                 1            4                      0.0                       4.0  0 days 00:00:00.000001
 CLP                         1            4                      0.0                       4.0  0 days 00:00:00.000002
 CH10                        1            4                      0.0                       4.0  0 days 00:00:00.000001
 BUTTER                      1            4                      0.0                       4.0  0 days 00:00:00.000001
 BOVESPA                     1            4                      0.0                       4.0  0 days 00:00:00.000002
 BEL20                       1            4                      0.0                       4.0  0 days 00:00:00.000001
 ALUMINIUM                   1            4                      0.0                       4.0  0 days 00:00:00.000001
 YENEUR                     30            4                      0.0                       4.0 11 days 07:58:46.170552
 US30                       30            4                      0.0                       4.0  0 days 00:00:00.000001
 CNH-onshore                 1            4                      0.0                       4.0  0 days 00:00:00.000002
 EU-MID                      1            4                      0.0                       4.0  0 days 00:00:00.000001
 EU-REALESTATE               1            4                      0.0                       4.0  0 days 00:00:00.000001
 EURCHF                      1            4                      0.0                       4.0  0 days 00:00:00.000002
 US-HEALTH                   1            4                      0.0                       4.0  0 days 00:00:00.000002
 US-ENERGY                   1            4                      0.0                       4.0  0 days 00:00:00.000002
 US-DISCRETE                 1            4                      0.0                       4.0  0 days 00:00:00.000001
 SMI-MID                     1            4                      0.0                       4.0  0 days 00:00:00.000001
 SGX                         1            4                      0.0                       4.0  0 days 00:00:00.000002
 SGD                         1            4                      0.0                       4.0  0 days 00:00:00.000001
 OMX                         1            4                      0.0                       4.0  0 days 00:00:00.000002
 MSCIASIA                    1            4                      0.0                       4.0  0 days 00:00:00.000002
 MILKWET                     1            4                      0.0                       4.0  0 days 00:00:00.000001
 MILKDRY                     1            4                      0.0                       4.0  0 days 00:00:00.000001
 MID-DAX                     1            4                      0.0                       4.0  0 days 00:00:00.000002
 JP-REALESTATE               1            4                      0.0                       4.0  0 days 00:00:00.000002
 JGB-SGX-mini                1            4                      0.0                       4.0  0 days 00:00:00.000001
 IRS                         1            4                      0.0                       4.0  0 days 00:00:00.000001
 FTSEINDO                    1            4                      0.0                       4.0  0 days 00:00:00.000002
 EUROSTX200-LARGE            1            4                      0.0                       4.0  0 days 00:00:00.000001
 EUROSTX-SMALL               1            4                      0.0                       4.0  0 days 00:00:00.000001
 EUROSTX-LARGE               1            4                      0.0                       4.0  0 days 00:00:00.000001
 EURIBOR                     1            4                      0.0                       4.0  0 days 00:00:00.000002
 US3                        30            4                      0.0                       4.0  0 days 00:00:00.000001
 US10U                      30            4                      0.0                       4.0  0 days 00:00:00.000002
 SP400                      30            4                      0.0                       4.0  0 days 00:00:00.000001
 SEK                        30            4                      0.0                       4.0  0 days 00:00:00.000001
 GBPEUR                     14            4                      0.0                       4.0  0 days 00:00:00.000001
 GAS-LAST                   14            4                      0.0                       4.0  0 days 00:00:00.000002
 FTSETAIWAN                 14            4                      0.0                       4.0  0 days 00:00:00.000002
 EU-TECH                    14            4                      0.0                       4.0  0 days 00:00:00.000001
 EU-CHEM                    14            4                      0.0                       4.0  0 days 00:00:00.000001
 ETHEREUM                   14            4                      0.0                       4.0  0 days 00:00:00.000002
 CNH                        14            4                      0.0                       4.0  0 days 00:00:00.000001
 BUXL                       14            4                      0.0                       4.0  0 days 00:00:00.000002
 BTP3                       14            4                      0.0                       4.0  0 days 00:00:00.000001
 BRENT-LAST                 14            4                      0.0                       4.0  0 days 00:00:00.000001
 BONO                       14            4                      0.0                       4.0  0 days 00:00:00.000002
