
********************************************************************************
                   Status report produced on 17/06/2026 22:54                   
********************************************************************************



===================================================================================================
                                          Delayed methods                                          
===================================================================================================

                  process_name                 last_start                last_end currently_running
clean_log_files   run_cleaners 2026-05-14 22:45:04.423207 2026-05-12 22:45:04.575              True
backup_db_to_csv   run_backups 2026-05-15 22:46:04.478052 2026-05-12 22:53:43.982              True


=============================
Delayed adjusted / FX prices 
=============================

                  last_update
SGX       2026-03-02 23:00:04
IG        2026-05-22 20:00:01
HIGHYIELD 2026-05-22 20:00:01


===============================================
           Delayed optimal positions           
===============================================

                                    last_update
dynamic_TF_carry/SGX 2024-12-02 22:31:28.544775


================================================================================================================
                                           Instruments at trade limit                                           
================================================================================================================

             period_days  trade_limit  trades_since_last_reset  trade_capacity_remaining   time_since_last_reset
NOSTRAT JPY           30            5                      5.0                       0.0 12 days 13:53:21.778788


================================================
         Instruments at position limit          
================================================

                 keys  position pos_limit  spare
74           EU-HOUSE         0         0      0
183          MSCIEAFA         1         1      0
185       HEATOIL-ICE         0         0      0
83             GBPJPY         0         0      0
81        CNH-onshore         0         0      0
79        COPPER-mini         0         0      0
187              BONO         0         0      0
188          JPY_mini         0         0      0
92            MILKWET         0         0      0
70               COAL         0         0      0
193               MIB         0         0      0
58            SUGAR16         0         0      0
56               GICS         0         0      0
55             NASDAQ         0         0      0
199         GOLD-mini         0         0      0
204               SGX         0         0      0
208            PALLAD         0         0      0
68      EU-DJ-TELECOM         0         0      0
94         EU-DJ-TECH         0         0      0
97            TIN_LME         0         0      0
104        COPPER_LME         0         0      0
151             SP400         0         0      0
144              VNKI         0         0      0
153            AUDJPY         0         0      0
156            BUTTER         0         0      0
157      COAL-GEORDIE         0         0      0
136     GASOILINE_ICE         0         0      0
131          SGD_mini         0         0      0
130               CHF        -3         3      0
124          HOUSE-US         0         0      0
243         SWISSLEAD         0         0      0
170            KRWUSD         0         0      0
115          ETHEREUM         0         0      0
110               SGD         0         0      0
109              CH10         0         0      0
107            EURAUD         0         0      0
175          TWD-mini         0         0      0
105       EPRA-EUROPE         0         0      0
41             CHFJPY         0         0      0
212           MILKDRY         0         0      0
149            COTTON         0         0      0
10               WHEY         0         0      0
15                PLN         0         0      0
22           FTSEINDO         0         0      0
228               OMX         0         0      0
9       EUROSTX-LARGE         0         0      0
217            EURCAD         0         0      0
32                CZK         0         0      0
19    GASOILINE_micro         0         0      0
8             BOVESPA         0         0      0
232               NOK         0         0      0
39            HEATOIL         0         0      0
7                GOLD         0         0      0
239         EU-DJ-OIL         0         0      0
20          CRUDE_ICE         0         0      0
223               IRS         0         0      0
224  EUROSTX200-LARGE         0         0      0
37             GBPCHF         0         0      0
2             GAS-PEN         0         0      0
1               KOSPI         0         0      0
221               CLP         0         0      0
13           AEX_mini         0         0      0


==========================================================
         Overrides in database consider deleting          
==========================================================

                                                  override
NICKEL_LME              Override Close because in database
MILKDRY           Override Reduce only because in database
COPPER-mini       Override Reduce only because in database
SOYBEAN_mini      Override Reduce only because in database
GAS_US_mini       Override Reduce only because in database
SUGAR16           Override Reduce only because in database
EU-CONSTRUCTION   Override Reduce only because in database
CORN_mini         Override Reduce only because in database
EU-DJ-UTIL        Override Reduce only because in database
CRUDE_W_mini      Override Reduce only because in database
EU-HOUSE          Override Reduce only because in database
EUROSTX-SMALL     Override Reduce only because in database
STEEL             Override Reduce only because in database
EU-MEDIA          Override Reduce only because in database
EUROSTX-LARGE     Override Reduce only because in database
GASOILINE_micro   Override Reduce only because in database
MSCIWORLD         Override Reduce only because in database
EUROSTX200-LARGE  Override Reduce only because in database
EU-DJ-OIL         Override Reduce only because in database
EU-FOOD           Override Reduce only because in database
EU-DJ-TECH        Override Reduce only because in database
AEX_mini          Override Reduce only because in database
EU-TRAVEL         Override Reduce only because in database
EU-DJ-TELECOM     Override Reduce only because in database
EPRA-EUROPE       Override Reduce only because in database
EU-RETAIL         Override Reduce only because in database
MSCIEMASIA        Override Reduce only because in database
SWISSLEAD         Override Reduce only because in database
SMI-MID           Override Reduce only because in database
COAL              Override Reduce only because in database
INR               Override Reduce only because in database
RICE              Override Reduce only because in database
FTSEINDO          Override Reduce only because in database
FTSECHINAH        Override Reduce only because in database
FTSETAIWAN        Override Reduce only because in database
COTTON            Override Reduce only because in database
BRENT-LAST        Override Reduce only because in database
MSCISING          Override Reduce only because in database
GAS-PEN           Override Reduce only because in database
HANG              Override Reduce only because in database
MSCITAIWAN        Override Reduce only because in database
SGX               Override Reduce only because in database
HANGTECH          Override Reduce only because in database
HANGENT           Override Reduce only because in database
FTSEVIET          Override Reduce only because in database
VNKI              Override Reduce only because in database
HIGHYIELD         Override Reduce only because in database
CLP               Override Reduce only because in database
IG                Override Reduce only because in database

Locked instruments (position mismatch): ['KR10']

==============================================
Status of adjusted price / FX price collection
==============================================

                         last_update
SGX              2026-03-02 23:00:04
IG               2026-05-22 20:00:01
HIGHYIELD        2026-05-22 20:00:01
CNH-onshore      2026-06-15 23:00:00
TWD-mini         2026-06-15 23:00:00
SGD              2026-06-16 23:00:00
SGD_mini         2026-06-16 23:00:00
PLN              2026-06-16 23:00:00
OMX              2026-06-16 23:00:00
COTTON           2026-06-16 23:00:00
CZK              2026-06-16 23:00:00
KR10*            2026-06-16 23:00:00
SUGAR16          2026-06-16 23:00:00
IRS              2026-06-16 23:00:00
SWISSLEAD        2026-06-16 23:00:00
CLP              2026-06-16 23:00:00
GASOILINE_micro  2026-06-16 23:00:00
BOVESPA          2026-06-16 23:00:00
GAS-PEN          2026-06-16 23:00:00
GBPCHF           2026-06-16 23:00:00
HOUSE-US         2026-06-16 23:00:00
JGB-mini         2026-06-17 02:00:00
VNKI             2026-06-17 02:00:00
FTSEVIET         2026-06-17 03:00:00
HANGENT          2026-06-17 04:00:00
HANGENT_mini*    2026-06-17 04:00:00
HANG_mini        2026-06-17 04:00:00
CNH              2026-06-17 04:00:00
KRWUSD_mini      2026-06-17 04:00:00
JP-REALESTATE    2026-06-17 04:00:00
FTSEINDO         2026-06-17 04:00:00
FTSECHINAH       2026-06-17 04:00:00
HANGTECH         2026-06-17 04:00:00
HANG             2026-06-17 04:00:00
TWD              2026-06-17 04:00:00
SPI200           2026-06-17 04:00:00
RUBBER           2026-06-17 05:00:00
TOPIX            2026-06-17 05:00:00
FTSETAIWAN       2026-06-17 05:00:00
FTSECHINAA       2026-06-17 05:00:00
IRON             2026-06-17 05:00:00
JGB              2026-06-17 05:00:00
JGB-SGX-mini     2026-06-17 05:00:00
KOSDAQ           2026-06-17 05:00:00
KOSPI            2026-06-17 05:00:00
KOSPI_mini       2026-06-17 05:00:00
CHINAA-CON       2026-06-17 05:00:00
MSCISING         2026-06-17 05:00:00
MSCITAIWAN       2026-06-17 05:00:00
KR3              2026-06-17 05:00:00
MUMMY            2026-06-17 05:00:00
NIKKEI*          2026-06-17 05:00:00
NIKKEI400        2026-06-17 05:00:00
CH10             2026-06-17 10:00:00
MSCIWORLD        2026-06-17 11:00:00
EPRA-EUROPE      2026-06-17 14:00:00
COAL-GEORDIE     2026-06-17 14:00:00
AEX_mini         2026-06-17 14:00:00
LEAD_LME         2026-06-17 14:00:00
GAS-LAST         2026-06-17 14:30:00
IBEX             2026-06-17 15:00:00
WHEAT_ICE        2026-06-17 15:00:00
V2X              2026-06-17 15:00:00
EUROSTX-LARGE    2026-06-17 15:00:00
EUROSTX-SMALL    2026-06-17 15:00:00
SARONA           2026-06-17 15:00:00
COCOA_LDN        2026-06-17 15:00:00
FTSE100          2026-06-17 15:00:00
TIN_LME          2026-06-17 15:00:00
EUA              2026-06-17 15:00:00
COAL             2026-06-17 15:00:00
GASOILINE_ICE    2026-06-17 15:00:00
SUGAR_WHITE      2026-06-17 15:00:00
EU-INSURE        2026-06-17 15:00:00
COPPER_LME       2026-06-17 15:00:00
EU-CONSTRUCTION  2026-06-17 15:00:00
EU-DJ-OIL        2026-06-17 15:00:00
MSCIASIA         2026-06-17 15:00:00
MILLWHEAT        2026-06-17 15:00:00
SONIA3           2026-06-17 15:00:00
GICS             2026-06-17 15:00:00
EU-CHEM          2026-06-17 16:00:00
EU-BASIC*        2026-06-17 16:00:00
FTSE250          2026-06-17 16:00:00
BRENT_W          2026-06-17 16:00:00
EU-BANKS         2026-06-17 16:00:00
EU-AUTO          2026-06-17 16:00:00
KRWUSD           2026-06-17 16:00:00
BONO             2026-06-17 16:00:00
IBEX_mini        2026-06-17 16:00:00
MIB              2026-06-17 16:00:00
SMI-MID          2026-06-17 16:00:00
ALUMINIUM_LME    2026-06-17 16:00:00
ZINC_LME         2026-06-17 16:00:00
EU-HOUSE         2026-06-17 16:00:00
BUND             2026-06-17 16:00:00
EU-MEDIA         2026-06-17 16:00:00
SHATZ            2026-06-17 16:00:00
EU-MID           2026-06-17 16:00:00
NICKEL_LME       2026-06-17 16:00:00
EU-REALESTATE    2026-06-17 16:00:00
EU-RETAIL        2026-06-17 16:00:00
EU-TECH          2026-06-17 16:00:00
EU-TRAVEL        2026-06-17 16:00:00
EU-UTILS         2026-06-17 16:00:00
EU-DIV30         2026-06-17 16:00:00
EU-FOOD          2026-06-17 16:00:00
EU-HEALTH        2026-06-17 16:00:00
EU-DJ-TELECOM    2026-06-17 16:00:00
CAC*             2026-06-17 16:00:00
EURIBOR-ICE      2026-06-17 16:00:00
EURO600          2026-06-17 16:00:00
EU-DJ-TECH       2026-06-17 16:00:00
EUROSTX200-LARGE 2026-06-17 16:00:00
EU-DJ-UTIL       2026-06-17 16:00:00
EU-OIL*          2026-06-17 16:00:00
OAT              2026-06-17 17:00:00
ROBUSTA          2026-06-17 17:00:00
SUGAR11          2026-06-17 17:00:00
HEATOIL-ICE      2026-06-17 17:00:00
WHEY             2026-06-17 17:00:00
SMI              2026-06-17 17:00:00
AEX              2026-06-17 17:00:00
BTP3             2026-06-17 17:00:00
BUXL             2026-06-17 17:00:00
GASOIL           2026-06-17 17:00:00
EURIBOR          2026-06-17 17:00:00
BTP              2026-06-17 17:00:00
EUROSTX          2026-06-17 17:00:00
BOBL             2026-06-17 17:00:00
DAX              2026-06-17 17:00:00
GILT             2026-06-17 17:00:00
CRUDE_ICE        2026-06-17 17:00:00
COCOA            2026-06-17 18:00:00
BUTTER           2026-06-17 18:00:00
ALUMINIUM        2026-06-17 18:00:00
COFFEE           2026-06-17 18:00:00
OJ               2026-06-17 18:00:00
COTTON2          2026-06-17 19:00:00
CORN_mini        2026-06-17 19:00:00
CORN             2026-06-17 19:00:00
MILKWET          2026-06-17 19:00:00
OATIES           2026-06-17 19:00:00
MILKDRY          2026-06-17 19:00:00
R1000            2026-06-17 19:00:00
REDWHEAT*        2026-06-17 19:00:00
RICE             2026-06-17 19:00:00
SOYOIL*          2026-06-17 19:00:00
SOYMEAL          2026-06-17 19:00:00
SOYBEAN_mini     2026-06-17 19:00:00
SOYBEAN          2026-06-17 19:00:00
CAD10*           2026-06-17 19:00:00
CHEESE           2026-06-17 19:00:00
CANOLA*          2026-06-17 19:00:00
STEEL            2026-06-17 19:00:00
MILK             2026-06-17 19:00:00
CAD5             2026-06-17 19:00:00
ETHER-micro      2026-06-17 19:00:00
BBCOMM           2026-06-17 19:00:00
EURCAD           2026-06-17 19:00:00
FEEDCOW          2026-06-17 19:00:00
WHEAT            2026-06-17 19:00:00
WHEAT_mini       2026-06-17 19:00:00
FANG             2026-06-17 19:00:00
LEANHOG*         2026-06-17 19:00:00
LIVECOW*         2026-06-17 19:00:00
SOFR             2026-06-17 20:00:00
AUDJPY           2026-06-17 20:00:00
YENEUR           2026-06-17 20:00:00
SP500_micro      2026-06-17 20:00:00
AUD_micro*       2026-06-17 20:00:00
VIX_mini         2026-06-17 20:00:00
VIX              2026-06-17 20:00:00
ZAR              2026-06-17 20:00:00
US5              2026-06-17 20:00:00
SP400            2026-06-17 20:00:00
SP500            2026-06-17 20:00:00
AUD              2026-06-17 20:00:00
US-HEALTH        2026-06-17 20:00:00
CAD              2026-06-17 20:00:00
US-INDUSTRY      2026-06-17 20:00:00
CAD2             2026-06-17 20:00:00
US-MATERIAL      2026-06-17 20:00:00
US-ENERGY        2026-06-17 20:00:00
US-DISCRETE      2026-06-17 20:00:00
BITCOIN*         2026-06-17 20:00:00
US-REALESTATE    2026-06-17 20:00:00
BRE              2026-06-17 20:00:00
US-STAPLES       2026-06-17 20:00:00
BRENT-LAST       2026-06-17 20:00:00
US-UTILS         2026-06-17 20:00:00
US10             2026-06-17 20:00:00
US10U            2026-06-17 20:00:00
US2              2026-06-17 20:00:00
US20             2026-06-17 20:00:00
US3              2026-06-17 20:00:00
US30             2026-06-17 20:00:00
GOLD-mini        2026-06-17 20:00:00
RUSSELL*         2026-06-17 20:00:00
CAD_micro        2026-06-17 20:00:00
DX               2026-06-17 20:00:00
ETHEREUM         2026-06-17 20:00:00
EUR              2026-06-17 20:00:00
SILVER           2026-06-17 20:00:00
EURCHF           2026-06-17 20:00:00
JPY_mini         2026-06-17 20:00:00
JPY*             2026-06-17 20:00:00
EUR_micro        2026-06-17 20:00:00
EUR_mini         2026-06-17 20:00:00
DOW_mini         2026-06-17 20:00:00
FED              2026-06-17 20:00:00
GASOILINE        2026-06-17 20:00:00
GAS_US           2026-06-17 20:00:00
GAS_US_mini*     2026-06-17 20:00:00
GBP*             2026-06-17 20:00:00
HEATOIL          2026-06-17 20:00:00
GBPEUR           2026-06-17 20:00:00
GBPJPY           2026-06-17 20:00:00
GBP_micro        2026-06-17 20:00:00
GOLD_micro*      2026-06-17 20:00:00
INR              2026-06-17 20:00:00
LUMBER-new       2026-06-17 20:00:00
EURAUD           2026-06-17 20:00:00
CRUDE_W_mini     2026-06-17 20:00:00
CHF*             2026-06-17 20:00:00
SEK              2026-06-17 20:00:00
CHFJPY           2026-06-17 20:00:00
RUSSELL_mini     2026-06-17 20:00:00
DOW              2026-06-17 20:00:00
CHF_micro        2026-06-17 20:00:00
PLAT             2026-06-17 20:00:00
PALLAD           2026-06-17 20:00:00
COPPER           2026-06-17 20:00:00
COPPER-micro*    2026-06-17 20:00:00
GOLD             2026-06-17 20:00:00
NOK              2026-06-17 20:00:00
COPPER-mini      2026-06-17 20:00:00
NASDAQ_micro     2026-06-17 20:00:00
NASDAQ           2026-06-17 20:00:00
MXP*             2026-06-17 20:00:00
CRUDE_W          2026-06-17 20:00:00
CRUDE_W_micro*   2026-06-17 20:00:00
MSCIEMASIA       2026-06-17 20:00:00
MSCIEAFA*        2026-06-17 20:00:00
NZD              2026-06-17 20:00:00
JPYUSD           2026-06-17 23:00:00
CNHUSD           2026-06-17 23:00:00
AUDUSD           2026-06-17 23:00:00
KRWUSD           2026-06-17 23:00:00
CHFUSD           2026-06-17 23:00:00
HKDUSD           2026-06-17 23:00:00
MXPUSD           2026-06-17 23:00:00
SGDUSD           2026-06-17 23:00:00
GBPUSD           2026-06-17 23:00:00
CADUSD           2026-06-17 23:00:00
EURUSD           2026-06-17 23:00:00
SEKUSD           2026-06-17 23:00:00


============================================================
           Status of optimal position generation            
============================================================

                                                 last_update
dynamic_TF_carry/SGX              2024-12-02 22:31:28.544775
dynamic_TF_carry/MSCITAIWAN       2026-06-17 22:31:31.095725
dynamic_TF_carry/FTSE250          2026-06-17 22:31:31.095950
dynamic_TF_carry/BUXL             2026-06-17 22:31:31.096167
dynamic_TF_carry/BUTTER           2026-06-17 22:31:31.096375
dynamic_TF_carry/MUMMY            2026-06-17 22:31:31.096582
dynamic_TF_carry/EU-RETAIL        2026-06-17 22:31:31.096789
dynamic_TF_carry/LUMBER-new       2026-06-17 22:31:31.096994
dynamic_TF_carry/RUSSELL          2026-06-17 22:31:31.097199
dynamic_TF_carry/SUGAR11          2026-06-17 22:31:31.097405
dynamic_TF_carry/GOLD_micro       2026-06-17 22:31:31.097609
dynamic_TF_carry/YENEUR           2026-06-17 22:31:31.097813
dynamic_TF_carry/SUGAR16          2026-06-17 22:31:31.098018
dynamic_TF_carry/SOYBEAN_mini     2026-06-17 22:31:31.098222
dynamic_TF_carry/EUROSTX-LARGE    2026-06-17 22:31:31.098425
dynamic_TF_carry/NIKKEI           2026-06-17 22:31:31.098628
dynamic_TF_carry/COTTON2          2026-06-17 22:31:31.099036
dynamic_TF_carry/NICKEL_LME       2026-06-17 22:31:31.099443
dynamic_TF_carry/EU-CONSTRUCTION  2026-06-17 22:31:31.099648
dynamic_TF_carry/MILKDRY          2026-06-17 22:31:31.099851
dynamic_TF_carry/RUBBER           2026-06-17 22:31:31.100057
dynamic_TF_carry/GBP              2026-06-17 22:31:31.100262
dynamic_TF_carry/EURCAD           2026-06-17 22:31:31.100466
dynamic_TF_carry/COCOA            2026-06-17 22:31:31.100670
dynamic_TF_carry/CAC              2026-06-17 22:31:31.100873
dynamic_TF_carry/CAD5             2026-06-17 22:31:31.101078
dynamic_TF_carry/JGB              2026-06-17 22:31:31.101282
dynamic_TF_carry/ETHEREUM         2026-06-17 22:31:31.101485
dynamic_TF_carry/AUD              2026-06-17 22:31:31.101689
dynamic_TF_carry/GBPJPY           2026-06-17 22:31:31.101894
dynamic_TF_carry/FTSEVIET         2026-06-17 22:31:31.102097
dynamic_TF_carry/US2              2026-06-17 22:31:31.102299
dynamic_TF_carry/SOYBEAN          2026-06-17 22:31:31.102502
dynamic_TF_carry/MSCIWORLD        2026-06-17 22:31:31.102705
dynamic_TF_carry/US10U            2026-06-17 22:31:31.103112
dynamic_TF_carry/US3              2026-06-17 22:31:31.103316
dynamic_TF_carry/SONIA3           2026-06-17 22:31:31.103519
dynamic_TF_carry/FTSE100          2026-06-17 22:31:31.103722
dynamic_TF_carry/CNH              2026-06-17 22:31:31.104132
dynamic_TF_carry/PLAT             2026-06-17 22:31:31.104336
dynamic_TF_carry/EU-HEALTH        2026-06-17 22:31:31.104540
dynamic_TF_carry/NZD              2026-06-17 22:31:31.104743
dynamic_TF_carry/EUR              2026-06-17 22:31:31.104948
dynamic_TF_carry/IRON             2026-06-17 22:31:31.105150
dynamic_TF_carry/EU-TRAVEL        2026-06-17 22:31:31.105354
dynamic_TF_carry/EU-TECH          2026-06-17 22:31:31.105557
dynamic_TF_carry/AUDJPY           2026-06-17 22:31:31.105761
dynamic_TF_carry/STEEL            2026-06-17 22:31:31.105964
dynamic_TF_carry/SMI              2026-06-17 22:31:31.106168
dynamic_TF_carry/KOSDAQ           2026-06-17 22:31:31.106372
dynamic_TF_carry/US-STAPLES       2026-06-17 22:31:31.106576
dynamic_TF_carry/MILLWHEAT        2026-06-17 22:31:31.106780
dynamic_TF_carry/SPI200           2026-06-17 22:31:31.106984
dynamic_TF_carry/SARONA           2026-06-17 22:31:31.107187
dynamic_TF_carry/ALUMINIUM        2026-06-17 22:31:31.107392
dynamic_TF_carry/WHEY             2026-06-17 22:31:31.107595
dynamic_TF_carry/JPY              2026-06-17 22:31:31.107801
dynamic_TF_carry/NASDAQ_micro     2026-06-17 22:31:31.108008
dynamic_TF_carry/EU-MID           2026-06-17 22:31:31.108417
dynamic_TF_carry/CRUDE_ICE        2026-06-17 22:31:31.108620
dynamic_TF_carry/COFFEE           2026-06-17 22:31:31.108823
dynamic_TF_carry/EU-MEDIA         2026-06-17 22:31:31.109027
dynamic_TF_carry/BOBL             2026-06-17 22:31:31.109229
dynamic_TF_carry/KRWUSD           2026-06-17 22:31:31.109432
dynamic_TF_carry/PLN              2026-06-17 22:31:31.109634
dynamic_TF_carry/CH10             2026-06-17 22:31:31.109837
dynamic_TF_carry/EU-REALESTATE    2026-06-17 22:31:31.110039
dynamic_TF_carry/GBPCHF           2026-06-17 22:31:31.110243
dynamic_TF_carry/OAT              2026-06-17 22:31:31.110445
dynamic_TF_carry/HANGTECH         2026-06-17 22:31:31.110648
dynamic_TF_carry/CLP              2026-06-17 22:31:31.110852
dynamic_TF_carry/US-UTILS         2026-06-17 22:31:31.111055
dynamic_TF_carry/PALLAD           2026-06-17 22:31:31.111258
dynamic_TF_carry/SHATZ            2026-06-17 22:31:31.111666
dynamic_TF_carry/EU-HOUSE         2026-06-17 22:31:31.111868
dynamic_TF_carry/GASOILINE        2026-06-17 22:31:31.112074
dynamic_TF_carry/CAD2             2026-06-17 22:31:31.112279
dynamic_TF_carry/MIB              2026-06-17 22:31:31.112483
dynamic_TF_carry/MILKWET          2026-06-17 22:31:31.112687
dynamic_TF_carry/SUGAR_WHITE      2026-06-17 22:31:31.112890
dynamic_TF_carry/OATIES           2026-06-17 22:31:31.113094
dynamic_TF_carry/EU-FOOD          2026-06-17 22:31:31.113297
dynamic_TF_carry/EURAUD           2026-06-17 22:31:31.113500
dynamic_TF_carry/GASOIL           2026-06-17 22:31:31.113705
dynamic_TF_carry/EURIBOR-ICE      2026-06-17 22:31:31.113908
dynamic_TF_carry/BUND             2026-06-17 22:31:31.114111
dynamic_TF_carry/REDWHEAT         2026-06-17 22:31:31.114315
dynamic_TF_carry/MILK             2026-06-17 22:31:31.114519
dynamic_TF_carry/FANG             2026-06-17 22:31:31.114722
dynamic_TF_carry/EUR_micro        2026-06-17 22:31:31.114927
dynamic_TF_carry/R1000            2026-06-17 22:31:31.115132
dynamic_TF_carry/CHF              2026-06-17 22:31:31.115335
dynamic_TF_carry/GICS             2026-06-17 22:31:31.115539
dynamic_TF_carry/US-HEALTH        2026-06-17 22:31:31.115746
dynamic_TF_carry/VIX              2026-06-17 22:31:31.115949
dynamic_TF_carry/HEATOIL          2026-06-17 22:31:31.116156
dynamic_TF_carry/HANG_mini        2026-06-17 22:31:31.116360
dynamic_TF_carry/KOSPI_mini       2026-06-17 22:31:31.116564
dynamic_TF_carry/TWD              2026-06-17 22:31:31.117378
dynamic_TF_carry/JP-REALESTATE    2026-06-17 22:31:31.117581
dynamic_TF_carry/EU-CHEM          2026-06-17 22:31:31.117783
dynamic_TF_carry/COAL             2026-06-17 22:31:31.117986
dynamic_TF_carry/FTSECHINAA       2026-06-17 22:31:31.118191
dynamic_TF_carry/FTSETAIWAN       2026-06-17 22:31:31.118396
dynamic_TF_carry/BTP              2026-06-17 22:31:31.118599
dynamic_TF_carry/HIGHYIELD        2026-06-17 22:31:31.118803
dynamic_TF_carry/FEEDCOW          2026-06-17 22:31:31.119210
dynamic_TF_carry/ZAR              2026-06-17 22:31:31.119415
dynamic_TF_carry/FED              2026-06-17 22:31:31.119618
dynamic_TF_carry/CAD              2026-06-17 22:31:31.119822
dynamic_TF_carry/CAD10            2026-06-17 22:31:31.120028
dynamic_TF_carry/EPRA-EUROPE      2026-06-17 22:31:31.120231
dynamic_TF_carry/EURIBOR          2026-06-17 22:31:31.120433
dynamic_TF_carry/GILT             2026-06-17 22:31:31.120636
dynamic_TF_carry/FTSECHINAH       2026-06-17 22:31:31.120840
dynamic_TF_carry/JGB-SGX-mini     2026-06-17 22:31:31.121042
dynamic_TF_carry/US-INDUSTRY      2026-06-17 22:31:31.121245
dynamic_TF_carry/US20             2026-06-17 22:31:31.121449
dynamic_TF_carry/CRUDE_W_micro    2026-06-17 22:31:31.121652
dynamic_TF_carry/GAS-PEN          2026-06-17 22:31:31.121855
dynamic_TF_carry/COTTON           2026-06-17 22:31:31.122059
dynamic_TF_carry/KR10             2026-06-17 22:31:31.122262
dynamic_TF_carry/MSCISING         2026-06-17 22:31:31.122467
dynamic_TF_carry/EU-DJ-UTIL       2026-06-17 22:31:31.122670
dynamic_TF_carry/LIVECOW          2026-06-17 22:31:31.122875
dynamic_TF_carry/VNKI             2026-06-17 22:31:31.123079
dynamic_TF_carry/SMI-MID          2026-06-17 22:31:31.123284
dynamic_TF_carry/SP500_micro      2026-06-17 22:31:31.123488
dynamic_TF_carry/COPPER-micro     2026-06-17 22:31:31.123898
dynamic_TF_carry/HANGENT_mini     2026-06-17 22:31:31.124106
dynamic_TF_carry/CHEESE           2026-06-17 22:31:31.124310
dynamic_TF_carry/HOUSE-US         2026-06-17 22:31:31.124514
dynamic_TF_carry/MSCIEMASIA       2026-06-17 22:31:31.124719
dynamic_TF_carry/KR3              2026-06-17 22:31:31.124923
dynamic_TF_carry/ROBUSTA          2026-06-17 22:31:31.125127
dynamic_TF_carry/EUROSTX200-LARGE 2026-06-17 22:31:31.125331
dynamic_TF_carry/TIN_LME          2026-06-17 22:31:31.125535
dynamic_TF_carry/EURO600          2026-06-17 22:31:31.125739
dynamic_TF_carry/NOK              2026-06-17 22:31:31.125944
dynamic_TF_carry/MSCIEAFA         2026-06-17 22:31:31.126149
dynamic_TF_carry/EURCHF           2026-06-17 22:31:31.126355
dynamic_TF_carry/NIKKEI400        2026-06-17 22:31:31.126560
dynamic_TF_carry/BRENT-LAST       2026-06-17 22:31:31.126765
dynamic_TF_carry/BBCOMM           2026-06-17 22:31:31.126970
dynamic_TF_carry/TOPIX            2026-06-17 22:31:31.127380
dynamic_TF_carry/EU-AUTO          2026-06-17 22:31:31.127585
dynamic_TF_carry/EU-DJ-TELECOM    2026-06-17 22:31:31.127793
dynamic_TF_carry/GAS_US_mini      2026-06-17 22:31:31.128001
dynamic_TF_carry/MXP              2026-06-17 22:31:31.128207
dynamic_TF_carry/OMX              2026-06-17 22:31:31.128412
dynamic_TF_carry/SGD              2026-06-17 22:31:31.128616
dynamic_TF_carry/CORN             2026-06-17 22:31:31.128821
dynamic_TF_carry/ZINC_LME         2026-06-17 22:31:31.129026
dynamic_TF_carry/IRS              2026-06-17 22:31:31.129435
dynamic_TF_carry/KOSPI            2026-06-17 22:31:31.129639
dynamic_TF_carry/EUROSTX-SMALL    2026-06-17 22:31:31.129843
dynamic_TF_carry/KRWUSD_mini      2026-06-17 22:31:31.130047
dynamic_TF_carry/DOW              2026-06-17 22:31:31.130252
dynamic_TF_carry/WHEAT            2026-06-17 22:31:31.130457
dynamic_TF_carry/OJ               2026-06-17 22:31:31.130662
dynamic_TF_carry/LEANHOG          2026-06-17 22:31:31.130868
dynamic_TF_carry/CHFJPY           2026-06-17 22:31:31.131072
dynamic_TF_carry/BONO             2026-06-17 22:31:31.131278
dynamic_TF_carry/EU-UTILS         2026-06-17 22:31:31.131481
dynamic_TF_carry/US-REALESTATE    2026-06-17 22:31:31.131685
dynamic_TF_carry/WHEAT_ICE        2026-06-17 22:31:31.131889
dynamic_TF_carry/SWISSLEAD        2026-06-17 22:31:31.132097
dynamic_TF_carry/COAL-GEORDIE     2026-06-17 22:31:31.132302
dynamic_TF_carry/SOYOIL           2026-06-17 22:31:31.132507
dynamic_TF_carry/AUD_micro        2026-06-17 22:31:31.132711
dynamic_TF_carry/US30             2026-06-17 22:31:31.132916
dynamic_TF_carry/US-ENERGY        2026-06-17 22:31:31.133121
dynamic_TF_carry/CRUDE_W_mini     2026-06-17 22:31:31.133326
dynamic_TF_carry/BTP3             2026-06-17 22:31:31.133529
dynamic_TF_carry/EUA              2026-06-17 22:31:31.133732
dynamic_TF_carry/IBEX_mini        2026-06-17 22:31:31.133936
dynamic_TF_carry/MSCIASIA         2026-06-17 22:31:31.134141
dynamic_TF_carry/RICE             2026-06-17 22:31:31.134346
dynamic_TF_carry/CHINAA-CON       2026-06-17 22:31:31.134550
dynamic_TF_carry/EU-BASIC         2026-06-17 22:31:31.134754
dynamic_TF_carry/US-DISCRETE      2026-06-17 22:31:31.134958
dynamic_TF_carry/GAS-LAST         2026-06-17 22:31:31.135161
dynamic_TF_carry/FTSEINDO         2026-06-17 22:31:31.135366
dynamic_TF_carry/CANOLA           2026-06-17 22:31:31.135569
dynamic_TF_carry/EU-INSURE        2026-06-17 22:31:31.135772
dynamic_TF_carry/SOYMEAL          2026-06-17 22:31:31.135977
dynamic_TF_carry/US5              2026-06-17 22:31:31.136184
dynamic_TF_carry/BRE              2026-06-17 22:31:31.136388
dynamic_TF_carry/AEX              2026-06-17 22:31:31.136592
dynamic_TF_carry/CZK              2026-06-17 22:31:31.136796
dynamic_TF_carry/GBPEUR           2026-06-17 22:31:31.137003
dynamic_TF_carry/SOFR             2026-06-17 22:31:31.137208
dynamic_TF_carry/COPPER_LME       2026-06-17 22:31:31.137413
dynamic_TF_carry/EU-DIV30         2026-06-17 22:31:31.137617
dynamic_TF_carry/SILVER           2026-06-17 22:31:31.137823
dynamic_TF_carry/COPPER           2026-06-17 22:31:31.138029
dynamic_TF_carry/BRENT_W          2026-06-17 22:31:31.138233
dynamic_TF_carry/COCOA_LDN        2026-06-17 22:31:31.138438
dynamic_TF_carry/EU-OIL           2026-06-17 22:31:31.138643
dynamic_TF_carry/EUROSTX          2026-06-17 22:31:31.138848
dynamic_TF_carry/BOVESPA          2026-06-17 22:31:31.139053
dynamic_TF_carry/US-MATERIAL      2026-06-17 22:31:31.139258
dynamic_TF_carry/US10             2026-06-17 22:31:31.139463
dynamic_TF_carry/SP400            2026-06-17 22:31:31.139667
dynamic_TF_carry/BITCOIN          2026-06-17 22:31:31.139872
dynamic_TF_carry/DAX              2026-06-17 22:31:31.140081
dynamic_TF_carry/DX               2026-06-17 22:31:31.140287
dynamic_TF_carry/INR              2026-06-17 22:31:31.140694
dynamic_TF_carry/IG               2026-06-17 22:31:31.140898
dynamic_TF_carry/LEAD_LME         2026-06-17 22:31:31.141103
dynamic_TF_carry/SEK              2026-06-17 22:31:31.141308
dynamic_TF_carry/EU-BANKS         2026-06-17 22:31:31.141512
dynamic_TF_carry/V2X              2026-06-17 22:31:31.141717


=============================================================================================================================
                                                   Status of trade limits                                                    
=============================================================================================================================

                          period_days  trade_limit  trades_since_last_reset  trade_capacity_remaining   time_since_last_reset
NOSTRAT JPY                        30            5                      5.0                       0.0 12 days 13:54:15.932317
NOSTRAT CHF                        14            4                      3.0                       1.0 12 days 11:55:33.930619
NOSTRAT CHF                        30            4                      3.0                       1.0 12 days 11:55:33.930625
NOSTRAT GASOILINE                  14            4                      2.0                       2.0 12 days 11:55:30.931814
NOSTRAT JPY                        14            8                      5.0                       3.0 12 days 13:54:15.932312
NOSTRAT LEAD_LME                    1            4                      0.0                       4.0  0 days 00:00:00.000002
NOSTRAT KRWUSD                     14            4                      0.0                       4.0  0 days 00:00:00.000003
NOSTRAT KRWUSD                      1            4                      0.0                       4.0  0 days 00:00:00.000002
NOSTRAT KR10                        1            4                      0.0                       4.0  0 days 00:00:00.000002
NOSTRAT KOSPI_mini                  1            4                      0.0                       4.0  0 days 00:00:00.000002
NOSTRAT KOSPI                      14            4                      0.0                       4.0  0 days 00:00:00.000002
NOSTRAT KOSPI                       1            4                      0.0                       4.0  0 days 00:00:00.000003
NOSTRAT KOSDAQ                      1            4                      0.0                       4.0  0 days 00:00:00.000002
NOSTRAT JPY_mini                   14            4                      0.0                       4.0  0 days 00:00:00.000002
NOSTRAT JPY_mini                    1            4                      0.0                       4.0  0 days 00:00:00.000002
NOSTRAT AEX                         1            4                      0.0                       4.0  0 days 00:00:00.000003
NOSTRAT JPY                         1            4                      0.0                       4.0  0 days 08:54:56.932306
NOSTRAT JP-REALESTATE              14            4                      0.0                       4.0  0 days 00:00:00.000002
NOSTRAT JP-REALESTATE               1            4                      0.0                       4.0  0 days 00:00:00.000002
NOSTRAT JGB-mini                    1            4                      0.0                       4.0  0 days 00:00:00.000003
NOSTRAT JGB-SGX-mini                1            4                      0.0                       4.0  0 days 00:00:00.000002
NOSTRAT JGB                        30            4                      0.0                       4.0  0 days 00:00:00.000002
NOSTRAT JGB                        14            4                      0.0                       4.0  0 days 00:00:00.000002
NOSTRAT JGB                         1            4                      0.0                       4.0  0 days 00:00:00.000002
NOSTRAT IRS                        14            4                      0.0                       4.0  0 days 00:00:00.000002
NOSTRAT IRS                         1            4                      0.0                       4.0  0 days 00:00:00.000002
NOSTRAT INR                        14            4                      0.0                       4.0  0 days 00:00:00.000002
NOSTRAT INR                         1            4                      0.0                       4.0  0 days 00:00:00.000002
NOSTRAT LEANHOG                     1            4                      0.0                       4.0  0 days 00:00:00.000002
NOSTRAT LIVECOW                     1            4                      0.0                       4.0  0 days 00:00:00.000002
NOSTRAT LIVECOW                    14            4                      0.0                       4.0  0 days 00:00:00.000002
NOSTRAT LUMBER-new                  1            4                      0.0                       4.0  0 days 00:00:00.000002
NOSTRAT NIKKEI400                   1            4                      0.0                       4.0  0 days 00:00:00.000002
NOSTRAT NIKKEI                      1            4                      0.0                       4.0  0 days 21:52:43.932759
NOSTRAT NICKEL_LME                 14            4                      0.0                       4.0  0 days 00:00:00.000002
NOSTRAT NICKEL_LME                  1            4                      0.0                       4.0  0 days 00:00:00.000002
NOSTRAT NASDAQ_micro                1            4                      0.0                       4.0  0 days 00:00:00.000002
NOSTRAT NASDAQ                     30            4                      0.0                       4.0  0 days 00:00:00.000003
NOSTRAT NASDAQ                     14            4                      0.0                       4.0  0 days 00:00:00.000002
NOSTRAT NASDAQ                      1            4                      0.0                       4.0  0 days 00:00:00.000002
NOSTRAT MSCIWORLD                   1            4                      0.0                       4.0  0 days 00:00:00.000002
NOSTRAT MSCITAIWAN                 14            4                      0.0                       4.0  0 days 00:00:00.000003
NOSTRAT MSCITAIWAN                  1            4                      0.0                       4.0  0 days 00:00:00.000002
NOSTRAT MSCISING                    1            4                      0.0                       4.0  0 days 21:54:36.932633
NOSTRAT IG                         14            4                      0.0                       4.0  0 days 00:00:00.000002
NOSTRAT MSCIEMASIA                 14            4                      0.0                       4.0  9 days 09:55:37.932628
NOSTRAT MSCIEAFA                   14            4                      0.0                       4.0  0 days 09:55:36.932616
NOSTRAT MSCIEAFA                    1            4                      0.0                       4.0  0 days 09:55:36.932610
NOSTRAT MSCIASIA                   14            4                      0.0                       4.0  0 days 00:00:00.000002
NOSTRAT MSCIASIA                    1            4                      0.0                       4.0  0 days 00:00:00.000002
NOSTRAT MILKWET                    14            4                      0.0                       4.0  0 days 00:00:00.000003
NOSTRAT MILKWET                     1            4                      0.0                       4.0  0 days 00:00:00.000002
NOSTRAT MILKDRY                    14            4                      0.0                       4.0  0 days 00:00:00.000002
NOSTRAT MILKDRY                     1            4                      0.0                       4.0  0 days 00:00:00.000002
NOSTRAT MILK                        1            4                      0.0                       4.0  0 days 00:00:00.000002
NOSTRAT MID-DAX                     1            4                      0.0                       4.0  0 days 00:00:00.000002
NOSTRAT MIB                        14            4                      0.0                       4.0  0 days 00:00:00.000002
NOSTRAT MIB                         1            4                      0.0                       4.0  0 days 00:00:00.000002
NOSTRAT MSCIEMASIA                  1            4                      0.0                       4.0  0 days 00:00:00.000002
NOSTRAT IG                          1            4                      0.0                       4.0  0 days 00:00:00.000003
NOSTRAT IBEX_mini                   1            4                      0.0                       4.0  0 days 00:00:00.000002
NOSTRAT IBEX                       14            4                      0.0                       4.0  0 days 00:00:00.000002
NOSTRAT GBPCHF                      1            4                      0.0                       4.0  0 days 00:00:00.000002
NOSTRAT GBP                         1            4                      0.0                       4.0  0 days 08:54:54.931888
NOSTRAT GAS_US_mini                 1            4                      0.0                       4.0  0 days 00:00:00.000002
