
********************************************************************************
                   Status report produced on 30/11/2023 22:53                   
********************************************************************************



===================================================================================================
                                          Delayed methods                                          
===================================================================================================

                     process_name              last_start                last_end currently_running
backup_arctic_to_csv  run_backups 2023-11-17 22:45:03.737 2023-11-16 22:55:59.175              True

Delayed adjusted / FX prices: No delays
Delayed optimal positions: No delays
Instruments at trade limit: No constraints

===========================================
       Instruments at position limit       
===========================================

            keys  position pos_limit  spare
127      BOVESPA         0       0.0    0.0
31          GOLD         0       0.0    0.0
33           JGB         0       0.0    0.0
137       KRWUSD         0       0.0    0.0
74        YENEUR         1       1.0    0.0
109  US-INDUSTRY         0       0.0    0.0
38        PALLAD         0       0.0    0.0
135      MILKDRY         0       0.0    0.0
110          SEK         0       0.0    0.0
133   BRENT-LAST         0       0.0    0.0
42      EU-MEDIA         0       0.0    0.0
69     US-HEALTH         0       0.0    0.0
59        BUTTER         0       0.0    0.0
45    US-FINANCE         0       0.0    0.0
128          RUR         0       0.0    0.0
96       CRUDE_W         0       0.0    0.0
126       COTTON         0       0.0    0.0
125          CZK         0       0.0    0.0
123       NASDAQ         0       0.0    0.0
53          BUXL         0       0.0    0.0
54           VIX        -1       1.0    0.0
122     ETHEREUM         0       0.0    0.0
65       HEATOIL         0       0.0    0.0
57       MILKWET         0       0.0    0.0
118  US-MATERIAL         0       0.0    0.0
115        SP500         0       0.0    0.0
139          CLP         0       0.0    0.0
30       EU-CHEM         0       0.0    0.0
26        CHEESE         0       0.0    0.0
98           NOK         0       0.0    0.0
99          CH10         0       0.0    0.0
100  COPPER-mini         0       0.0    0.0
92     GASOILINE         0       0.0    0.0
5            SGX         0       0.0    0.0
91           AEX         0       0.0    0.0
90   CNH-onshore         0       0.0    0.0
147        SP400         0       0.0    0.0
89       ETHANOL         0       0.0    0.0
101     EU-HOUSE         0       0.0    0.0
86   GAS_US_mini        -1       1.0    0.0
27   US-DISCRETE         0       0.0    0.0
15       US-TECH         0       0.0    0.0
104       GAS_US         0       0.0    0.0
119          OMX         0       0.0    0.0
82     US-ENERGY         0       0.0    0.0
81           IRS         0       0.0    0.0
25          US30         0       0.0    0.0
141      EURIBOR         0       0.0    0.0
21          VNKI         0       0.0    0.0
83        COPPER         0       0.0    0.0
140     GAS-LAST         0       0.0    0.0
106          BRE         0       0.0    0.0


==========================================================
         Overrides in database consider deleting          
==========================================================

                                                  override
BB3M              Override Reduce only because in database
VNKI              Override Reduce only because in database
FTSE100           Override Reduce only because in database
JGB-SGX-mini      Override Reduce only because in database
JGB-mini          Override Reduce only because in database
LUMBER-new        Override Reduce only because in database
SPI200            Override Reduce only because in database
VIX_mini          Override Reduce only because in database
NICKEL_LME        Override Reduce only because in database
ETHANOL           Override Reduce only because in database
MILKWET           Override Reduce only because in database
NIKKEI400         Override Reduce only because in database
CH10              Override Reduce only because in database
JP-REALESTATE     Override Reduce only because in database
BONO              Override Reduce only because in database
TOPIX             Override Reduce only because in database
IBEX              Override Reduce only because in database
IRS               Override Reduce only because in database
GICS              Override Reduce only because in database
PLN               Override Reduce only because in database
EU-INSURE         Override Reduce only because in database
DJSTX-SMALL       Override Reduce only because in database
NZD               Override Reduce only because in database
OMX               Override Reduce only because in database
IBEX_mini         Override Reduce only because in database
EU-BANKS          Override Reduce only because in database
R1000             Override Reduce only because in database
EU-CHEM           Override Reduce only because in database
BOVESPA           Override Reduce only because in database
EU-CONSTRUCTION   Override Reduce only because in database
MIB               Override Reduce only because in database
MSCIASIA          Override Reduce only because in database
SP500             Override Reduce only because in database
FTSE250           Override Reduce only because in database
EU-REALESTATE     Override Reduce only because in database
SP500_micro       Override Reduce only because in database
EU-DJ-UTIL        Override Reduce only because in database
EUROSTX           Override Reduce only because in database
RUR               Override Reduce only because in database
CHINAA-CON        Override Reduce only because in database
CRUDE_W_mini      Override Reduce only because in database
CAC               Override Reduce only because in database
RUSSELL           Override Reduce only because in database
US-PROPERTY       Override Reduce only because in database
US-ENERGY         Override Reduce only because in database
US-HEALTH         Override Reduce only because in database
EU-HOUSE          Override Reduce only because in database
FANG              Override Reduce only because in database
EU-UTILS          Override Reduce only because in database
EU-AUTO           Override Reduce only because in database
DAX               Override Reduce only because in database
DOW               Override Reduce only because in database
EUROSTX-SMALL     Override Reduce only because in database
US-MATERIAL       Override Reduce only because in database
US-FINANCE        Override Reduce only because in database
US-DISCRETE       Override Reduce only because in database
US-INDUSTRY       Override Reduce only because in database
US-TECH           Override Reduce only because in database
EU-MID            Override Reduce only because in database
EURO600           Override Reduce only because in database
EU-MEDIA          Override Reduce only because in database
EUROSTX-LARGE     Override Reduce only because in database
US-UTILS          Override Reduce only because in database
EU-HEALTH         Override Reduce only because in database
GASOILINE_micro   Override Reduce only because in database
EU-TECH           Override Reduce only because in database
MSCIWORLD         Override Reduce only because in database
SMI               Override Reduce only because in database
EU-DIV30          Override Reduce only because in database
EUROSTX200-LARGE  Override Reduce only because in database
MSCIEAFA          Override Reduce only because in database
DOW_mini          Override Reduce only because in database
EU-DJ-OIL         Override Reduce only because in database
EU-FOOD           Override Reduce only because in database
RUSSELL_mini      Override Reduce only because in database
EU-OIL            Override Reduce only because in database
EU-DJ-TECH        Override Reduce only because in database
US-STAPLES        Override Reduce only because in database
AEX               Override Reduce only because in database
AEX_mini          Override Reduce only because in database
NASDAQ            Override Reduce only because in database
SP400             Override Reduce only because in database
EU-BASIC          Override Reduce only because in database
EU-TRAVEL         Override Reduce only because in database
EU-DJ-TELECOM     Override Reduce only because in database
EPRA-EUROPE       Override Reduce only because in database
EU-RETAIL         Override Reduce only because in database
SWISSLEAD         Override Reduce only because in database
SMI-MID           Override Reduce only because in database

Locked instruments (position mismatch): []

==============================================
Status of adjusted price / FX price collection
==============================================

                         last_update
SGX              2023-11-27 23:00:00
IRS              2023-11-29 23:00:00
CNH-onshore      2023-11-29 23:00:00
SGD              2023-11-29 23:00:00
SGD_mini         2023-11-29 23:00:00
GBPJPY           2023-11-29 23:00:00
GASOILINE_micro  2023-11-29 23:00:00
BUTTER           2023-11-29 23:00:00
OMX              2023-11-29 23:00:00
EURIBOR          2023-11-29 23:00:00
COTTON           2023-11-29 23:00:00
RUR              2023-11-29 23:00:00
SWISSLEAD        2023-11-29 23:00:00
MSCIEMASIA       2023-11-29 23:00:00
TIN_LME          2023-11-29 23:00:00
HIGHYIELD        2023-11-29 23:00:00
TWD              2023-11-29 23:00:00
CZK              2023-11-29 23:00:00
HOUSE-US         2023-11-29 23:00:00
GAS-PEN*         2023-11-29 23:00:00
KRWUSD           2023-11-29 23:00:00
EPRA-EUROPE      2023-11-29 23:00:00
ETHANOL          2023-11-29 23:00:00
ETHER-micro      2023-11-29 23:00:00
BOVESPA          2023-11-29 23:00:00
CLP              2023-11-29 23:00:00
HANG_mini        2023-11-30 03:00:00
HANGENT          2023-11-30 03:00:00
KRWUSD_mini      2023-11-30 03:00:00
HANGTECH         2023-11-30 03:00:00
HANGENT_mini     2023-11-30 03:00:00
VNKI             2023-11-30 03:00:00
TWD-mini         2023-11-30 03:00:00
HANG             2023-11-30 03:00:00
FTSECHINAH       2023-11-30 03:00:00
CNH*             2023-11-30 04:00:00
MSCITAIWAN       2023-11-30 04:00:00
FTSEINDO         2023-11-30 04:00:00
MUMMY            2023-11-30 04:00:00
SPI200           2023-11-30 04:00:00
RUBBER           2023-11-30 04:00:00
JP-REALESTATE    2023-11-30 04:00:00
CHINAA-CON       2023-11-30 04:00:00
JGB-mini         2023-11-30 04:00:00
FTSEVIET         2023-11-30 04:00:00
KOSDAQ           2023-11-30 05:00:00
KR3              2023-11-30 05:00:00
TOPIX            2023-11-30 05:00:00
KR10*            2023-11-30 05:00:00
KOSPI_mini       2023-11-30 05:00:00
IRON*            2023-11-30 05:00:00
FTSETAIWAN       2023-11-30 05:00:00
MSCISING         2023-11-30 05:00:00
FTSECHINAA       2023-11-30 05:00:00
NIKKEI*          2023-11-30 05:00:00
NIKKEI400        2023-11-30 05:00:00
JGB-SGX-mini     2023-11-30 05:00:00
JGB              2023-11-30 05:00:00
KOSPI            2023-11-30 05:00:00
NICKEL_LME       2023-11-30 08:00:00
EUROSTX-LARGE    2023-11-30 08:00:00
AEX_mini         2023-11-30 10:00:00
EUROSTX-SMALL    2023-11-30 13:00:00
EU-MID           2023-11-30 13:00:00
EU-CHEM          2023-11-30 13:00:00
LEAD_LME         2023-11-30 14:00:00
ZINC_LME         2023-11-30 14:00:00
EU-DJ-UTIL       2023-11-30 14:00:00
BB3M             2023-11-30 14:30:00
CHFJPY           2023-11-30 14:30:00
HEATOIL-ICE      2023-11-30 15:00:00
EURIBOR-ICE      2023-11-30 15:00:00
FTSE250          2023-11-30 15:00:00
EUA              2023-11-30 15:00:00
FTSE100          2023-11-30 15:00:00
EU-UTILS         2023-11-30 15:00:00
GILT             2023-11-30 15:00:00
IBEX             2023-11-30 15:00:00
IBEX_mini        2023-11-30 15:00:00
GASOILINE_ICE    2023-11-30 15:00:00
EUROSTX200-LARGE 2023-11-30 15:00:00
MIB              2023-11-30 15:00:00
EU-MEDIA         2023-11-30 15:00:00
ALUMINIUM_LME    2023-11-30 15:00:00
WHEAT_ICE        2023-11-30 15:00:00
SUGAR_WHITE      2023-11-30 15:00:00
BRENT_W          2023-11-30 15:00:00
STEEL            2023-11-30 15:00:00
SONIA3           2023-11-30 15:00:00
SARONA           2023-11-30 15:00:00
CH10             2023-11-30 15:00:00
EU-REALESTATE    2023-11-30 15:00:00
COAL             2023-11-30 15:00:00
COAL-GEORDIE     2023-11-30 15:00:00
ROBUSTA          2023-11-30 15:00:00
GASOIL           2023-11-30 15:00:00
EU-INSURE        2023-11-30 15:00:00
COPPER_LME       2023-11-30 15:00:00
MSCIWORLD        2023-11-30 15:00:00
CRUDE_ICE        2023-11-30 15:00:00
EU-HOUSE         2023-11-30 15:00:00
EU-FOOD          2023-11-30 15:00:00
COCOA_LDN        2023-11-30 15:00:00
MSCIASIA         2023-11-30 15:00:00
MILLWHEAT        2023-11-30 15:00:00
EU-DJ-TELECOM    2023-11-30 15:00:00
V2X              2023-11-30 16:00:00
OAT              2023-11-30 16:00:00
GBPCHF           2023-11-30 16:00:00
SHATZ            2023-11-30 16:00:00
R1000            2023-11-30 16:00:00
SMI              2023-11-30 16:00:00
SMI-MID          2023-11-30 16:00:00
AEX              2023-11-30 16:00:00
EU-TECH          2023-11-30 16:00:00
DAX              2023-11-30 16:00:00
EURCAD           2023-11-30 16:00:00
EU-RETAIL        2023-11-30 16:00:00
BONO             2023-11-30 16:00:00
EU-OIL*          2023-11-30 16:00:00
EURO600          2023-11-30 16:00:00
EUROSTX          2023-11-30 16:00:00
EU-HEALTH        2023-11-30 16:00:00
EU-DJ-TECH       2023-11-30 16:00:00
EU-DJ-OIL        2023-11-30 16:00:00
BTP              2023-11-30 16:00:00
EU-DIV30         2023-11-30 16:00:00
BTP3             2023-11-30 16:00:00
EU-CONSTRUCTION  2023-11-30 16:00:00
CAC              2023-11-30 16:00:00
BUXL             2023-11-30 16:00:00
EU-BASIC         2023-11-30 16:00:00
BUND             2023-11-30 16:00:00
EU-BANKS         2023-11-30 16:00:00
EU-AUTO          2023-11-30 16:00:00
DJSTX-SMALL      2023-11-30 16:00:00
BOBL*            2023-11-30 16:00:00
EU-TRAVEL        2023-11-30 16:00:00
MILKWET          2023-11-30 17:00:00
SUGAR16          2023-11-30 17:00:00
SUGAR11          2023-11-30 17:00:00
AUDJPY           2023-11-30 18:00:00
COCOA            2023-11-30 18:00:00
OJ               2023-11-30 18:00:00
WHEY             2023-11-30 18:00:00
ALUMINIUM        2023-11-30 18:00:00
COFFEE           2023-11-30 18:00:00
PLN              2023-11-30 19:00:00
CRUDE_W_mini     2023-11-30 19:00:00
SOYBEAN_mini     2023-11-30 19:00:00
COTTON2          2023-11-30 19:00:00
CORN_mini        2023-11-30 19:00:00
CORN             2023-11-30 19:00:00
COPPER-mini      2023-11-30 19:00:00
NOK              2023-11-30 19:00:00
SOYBEAN          2023-11-30 19:00:00
GASOILINE        2023-11-30 19:00:00
CAD10            2023-11-30 19:00:00
CAD5             2023-11-30 19:00:00
CANOLA           2023-11-30 19:00:00
RICE             2023-11-30 19:00:00
BBCOMM           2023-11-30 19:00:00
OATIES           2023-11-30 19:00:00
REDWHEAT         2023-11-30 19:00:00
SOYOIL           2023-11-30 19:00:00
SOYMEAL          2023-11-30 19:00:00
EURAUD           2023-11-30 19:00:00
MILKDRY          2023-11-30 19:00:00
IG               2023-11-30 19:00:00
INR              2023-11-30 19:00:00
DX               2023-11-30 19:00:00
WHEAT            2023-11-30 19:00:00
WHEAT_mini       2023-11-30 19:00:00
GICS             2023-11-30 19:00:00
EURCHF           2023-11-30 19:00:00
FEEDCOW          2023-11-30 19:00:00
GBPEUR           2023-11-30 19:00:00
LEANHOG          2023-11-30 19:00:00
LIVECOW*         2023-11-30 19:00:00
FANG             2023-11-30 19:00:00
ZAR              2023-11-30 20:00:00
YENEUR*          2023-11-30 20:00:00
AUD_micro        2023-11-30 20:00:00
SP400            2023-11-30 20:00:00
SP500            2023-11-30 20:00:00
VIX_mini         2023-11-30 20:00:00
AUD              2023-11-30 20:00:00
BRE              2023-11-30 20:00:00
SP500_micro      2023-11-30 20:00:00
BRENT-LAST       2023-11-30 20:00:00
VIX*             2023-11-30 20:00:00
US30             2023-11-30 20:00:00
BITCOIN*         2023-11-30 20:00:00
US-STAPLES       2023-11-30 20:00:00
US-REALESTATE    2023-11-30 20:00:00
US-PROPERTY      2023-11-30 20:00:00
US-UTILS         2023-11-30 20:00:00
US-MATERIAL      2023-11-30 20:00:00
US-INDUSTRY      2023-11-30 20:00:00
US-HEALTH        2023-11-30 20:00:00
US10             2023-11-30 20:00:00
US-FINANCE       2023-11-30 20:00:00
US-ENERGY        2023-11-30 20:00:00
US10U            2023-11-30 20:00:00
US-DISCRETE      2023-11-30 20:00:00
US2*             2023-11-30 20:00:00
US20             2023-11-30 20:00:00
US3              2023-11-30 20:00:00
US5              2023-11-30 20:00:00
US-TECH          2023-11-30 20:00:00
GAS-LAST         2023-11-30 20:00:00
SILVER           2023-11-30 20:00:00
DOW              2023-11-30 20:00:00
DOW_mini         2023-11-30 20:00:00
ETHEREUM         2023-11-30 20:00:00
SOFR             2023-11-30 20:00:00
JPY*             2023-11-30 20:00:00
EUR              2023-11-30 20:00:00
HEATOIL          2023-11-30 20:00:00
EUR_micro        2023-11-30 20:00:00
GOLD_micro       2023-11-30 20:00:00
GOLD-mini        2023-11-30 20:00:00
GOLD             2023-11-30 20:00:00
EUR_mini         2023-11-30 20:00:00
GBP_micro        2023-11-30 20:00:00
FED              2023-11-30 20:00:00
GBP              2023-11-30 20:00:00
GAS_US_mini*     2023-11-30 20:00:00
GAS_US           2023-11-30 20:00:00
LUMBER-new       2023-11-30 20:00:00
MILK             2023-11-30 20:00:00
JPY_mini         2023-11-30 20:00:00
CRUDE_W_micro    2023-11-30 20:00:00
CAD              2023-11-30 20:00:00
CAD2             2023-11-30 20:00:00
SEK              2023-11-30 20:00:00
CAD_micro        2023-11-30 20:00:00
MSCIEAFA         2023-11-30 20:00:00
RUSSELL          2023-11-30 20:00:00
CHEESE           2023-11-30 20:00:00
CHF              2023-11-30 20:00:00
CHF_micro        2023-11-30 20:00:00
RUSSELL_mini     2023-11-30 20:00:00
PALLAD           2023-11-30 20:00:00
NZD              2023-11-30 20:00:00
COPPER           2023-11-30 20:00:00
COPPER-micro     2023-11-30 20:00:00
NASDAQ_micro     2023-11-30 20:00:00
NASDAQ           2023-11-30 20:00:00
MXP*             2023-11-30 20:00:00
CRUDE_W          2023-11-30 20:00:00
PLAT             2023-11-30 20:00:00
CADUSD           2023-11-30 23:00:00
JPYUSD           2023-11-30 23:00:00
CNHUSD           2023-11-30 23:00:00
AUDUSD           2023-11-30 23:00:00
KRWUSD           2023-11-30 23:00:00
GBPUSD           2023-11-30 23:00:00
EURUSD           2023-11-30 23:00:00
MXPUSD           2023-11-30 23:00:00
SGDUSD           2023-11-30 23:00:00
HKDUSD           2023-11-30 23:00:00
CHFUSD           2023-11-30 23:00:00
SEKUSD           2023-11-30 23:00:00


============================================================
           Status of optimal position generation            
============================================================

                                                 last_update
dynamic_TF_carry/KR10             2023-11-30 22:31:04.146211
dynamic_TF_carry/COPPER-micro     2023-11-30 22:31:04.146395
dynamic_TF_carry/US-PROPERTY      2023-11-30 22:31:04.146567
dynamic_TF_carry/EU-BASIC         2023-11-30 22:31:04.146737
dynamic_TF_carry/US5              2023-11-30 22:31:04.146905
dynamic_TF_carry/MILK             2023-11-30 22:31:04.147077
dynamic_TF_carry/OATIES           2023-11-30 22:31:04.147249
dynamic_TF_carry/EURIBOR          2023-11-30 22:31:04.147419
dynamic_TF_carry/BBCOMM           2023-11-30 22:31:04.147589
dynamic_TF_carry/MUMMY            2023-11-30 22:31:04.147929
dynamic_TF_carry/AEX              2023-11-30 22:31:04.148100
dynamic_TF_carry/GBPCHF           2023-11-30 22:31:04.148270
dynamic_TF_carry/BITCOIN          2023-11-30 22:31:04.148441
dynamic_TF_carry/WHEY             2023-11-30 22:31:04.148610
dynamic_TF_carry/US-TECH          2023-11-30 22:31:04.148779
dynamic_TF_carry/SP400            2023-11-30 22:31:04.148948
dynamic_TF_carry/FTSECHINAA       2023-11-30 22:31:04.149126
dynamic_TF_carry/SOYMEAL          2023-11-30 22:31:04.149316
dynamic_TF_carry/LEANHOG          2023-11-30 22:31:04.149486
dynamic_TF_carry/EPRA-EUROPE      2023-11-30 22:31:04.149657
dynamic_TF_carry/VIX              2023-11-30 22:31:04.149826
dynamic_TF_carry/SP500_micro      2023-11-30 22:31:04.149995
dynamic_TF_carry/US3              2023-11-30 22:31:04.150164
dynamic_TF_carry/US10             2023-11-30 22:31:04.150332
dynamic_TF_carry/MSCIWORLD        2023-11-30 22:31:04.150500
dynamic_TF_carry/US-DISCRETE      2023-11-30 22:31:04.150669
dynamic_TF_carry/KOSPI_mini       2023-11-30 22:31:04.151006
dynamic_TF_carry/EUROSTX          2023-11-30 22:31:04.151175
dynamic_TF_carry/EU-FOOD          2023-11-30 22:31:04.151344
dynamic_TF_carry/GAS-PEN          2023-11-30 22:31:04.151512
dynamic_TF_carry/OMX              2023-11-30 22:31:04.151680
dynamic_TF_carry/NZD              2023-11-30 22:31:04.151848
dynamic_TF_carry/MILKDRY          2023-11-30 22:31:04.152016
dynamic_TF_carry/GASOILINE        2023-11-30 22:31:04.152186
dynamic_TF_carry/RUBBER           2023-11-30 22:31:04.152355
dynamic_TF_carry/KRWUSD           2023-11-30 22:31:04.152524
dynamic_TF_carry/JPY              2023-11-30 22:31:04.152692
dynamic_TF_carry/BUXL             2023-11-30 22:31:04.152861
dynamic_TF_carry/GBPEUR           2023-11-30 22:31:04.153031
dynamic_TF_carry/PLN              2023-11-30 22:31:04.153203
dynamic_TF_carry/LIVECOW          2023-11-30 22:31:04.153371
dynamic_TF_carry/PLAT             2023-11-30 22:31:04.153540
dynamic_TF_carry/CAD              2023-11-30 22:31:04.153877
dynamic_TF_carry/WHEAT            2023-11-30 22:31:04.154046
dynamic_TF_carry/TWD              2023-11-30 22:31:04.154216
dynamic_TF_carry/SEK              2023-11-30 22:31:04.154384
dynamic_TF_carry/FTSEVIET         2023-11-30 22:31:04.154554
dynamic_TF_carry/EU-TECH          2023-11-30 22:31:04.154723
dynamic_TF_carry/US2              2023-11-30 22:31:04.154892
dynamic_TF_carry/BTP3             2023-11-30 22:31:04.155061
dynamic_TF_carry/DAX              2023-11-30 22:31:04.155229
dynamic_TF_carry/EUROSTX-SMALL    2023-11-30 22:31:04.155396
dynamic_TF_carry/DJSTX-SMALL      2023-11-30 22:31:04.155564
dynamic_TF_carry/PALLAD           2023-11-30 22:31:04.155732
dynamic_TF_carry/MILKWET          2023-11-30 22:31:04.156072
dynamic_TF_carry/CHF              2023-11-30 22:31:04.156240
dynamic_TF_carry/IRON             2023-11-30 22:31:04.156409
dynamic_TF_carry/US10U            2023-11-30 22:31:04.156578
dynamic_TF_carry/GICS             2023-11-30 22:31:04.156746
dynamic_TF_carry/NOK              2023-11-30 22:31:04.156916
dynamic_TF_carry/RICE             2023-11-30 22:31:04.157085
dynamic_TF_carry/INR              2023-11-30 22:31:04.157256
dynamic_TF_carry/GOLD_micro       2023-11-30 22:31:04.157424
dynamic_TF_carry/KR3              2023-11-30 22:31:04.157593
dynamic_TF_carry/SMI              2023-11-30 22:31:04.157762
dynamic_TF_carry/EU-UTILS         2023-11-30 22:31:04.157930
dynamic_TF_carry/EU-INSURE        2023-11-30 22:31:04.158269
dynamic_TF_carry/US30             2023-11-30 22:31:04.158439
dynamic_TF_carry/SOYOIL           2023-11-30 22:31:04.158608
dynamic_TF_carry/JGB-SGX-mini     2023-11-30 22:31:04.158777
dynamic_TF_carry/V2X              2023-11-30 22:31:04.158946
dynamic_TF_carry/SILVER           2023-11-30 22:31:04.159115
dynamic_TF_carry/EU-DJ-UTIL       2023-11-30 22:31:04.159284
dynamic_TF_carry/EU-DJ-TELECOM    2023-11-30 22:31:04.159454
dynamic_TF_carry/BONO             2023-11-30 22:31:04.159625
dynamic_TF_carry/EU-HOUSE         2023-11-30 22:31:04.159794
dynamic_TF_carry/SOYBEAN          2023-11-30 22:31:04.159963
dynamic_TF_carry/EUR              2023-11-30 22:31:04.160133
dynamic_TF_carry/CLP              2023-11-30 22:31:04.160301
dynamic_TF_carry/LUMBER-new       2023-11-30 22:31:04.160470
dynamic_TF_carry/SOYBEAN_mini     2023-11-30 22:31:04.160639
dynamic_TF_carry/EU-TRAVEL        2023-11-30 22:31:04.160809
dynamic_TF_carry/SHATZ            2023-11-30 22:31:04.160978
dynamic_TF_carry/BUND             2023-11-30 22:31:04.161147
dynamic_TF_carry/US-REALESTATE    2023-11-30 22:31:04.161320
dynamic_TF_carry/ALUMINIUM        2023-11-30 22:31:04.161490
dynamic_TF_carry/BTP              2023-11-30 22:31:04.161661
dynamic_TF_carry/US-ENERGY        2023-11-30 22:31:04.161831
dynamic_TF_carry/FED              2023-11-30 22:31:04.162002
dynamic_TF_carry/SMI-MID          2023-11-30 22:31:04.162173
dynamic_TF_carry/SWISSLEAD        2023-11-30 22:31:04.162343
dynamic_TF_carry/EURAUD           2023-11-30 22:31:04.162513
dynamic_TF_carry/CAC              2023-11-30 22:31:04.162682
dynamic_TF_carry/DOW              2023-11-30 22:31:04.162853
dynamic_TF_carry/EU-OIL           2023-11-30 22:31:04.163193
dynamic_TF_carry/BOVESPA          2023-11-30 22:31:04.163363
dynamic_TF_carry/HEATOIL          2023-11-30 22:31:04.163532
dynamic_TF_carry/STEEL            2023-11-30 22:31:04.163702
dynamic_TF_carry/GBP              2023-11-30 22:31:04.163871
dynamic_TF_carry/MSCISING         2023-11-30 22:31:04.164041
dynamic_TF_carry/REDWHEAT         2023-11-30 22:31:04.164209
dynamic_TF_carry/EURCAD           2023-11-30 22:31:04.164378
dynamic_TF_carry/ETHANOL          2023-11-30 22:31:04.164547
dynamic_TF_carry/RUSSELL          2023-11-30 22:31:04.164715
dynamic_TF_carry/MXP              2023-11-30 22:31:04.164886
dynamic_TF_carry/US-INDUSTRY      2023-11-30 22:31:04.165056
dynamic_TF_carry/RUR              2023-11-30 22:31:04.165230
dynamic_TF_carry/EU-DIV30         2023-11-30 22:31:04.165400
dynamic_TF_carry/GAS_US_mini      2023-11-30 22:31:04.165569
dynamic_TF_carry/US20             2023-11-30 22:31:04.165738
dynamic_TF_carry/SGX              2023-11-30 22:31:04.165907
dynamic_TF_carry/JP-REALESTATE    2023-11-30 22:31:04.166076
dynamic_TF_carry/CH10             2023-11-30 22:31:04.166244
dynamic_TF_carry/NIKKEI           2023-11-30 22:31:04.166412
dynamic_TF_carry/AUDJPY           2023-11-30 22:31:04.166582
dynamic_TF_carry/EU-MID           2023-11-30 22:31:04.166751
dynamic_TF_carry/FTSEINDO         2023-11-30 22:31:04.166920
dynamic_TF_carry/NIKKEI400        2023-11-30 22:31:04.167089
dynamic_TF_carry/EU-BANKS         2023-11-30 22:31:04.167258
dynamic_TF_carry/CORN             2023-11-30 22:31:04.167470
dynamic_TF_carry/VNKI             2023-11-30 22:31:04.167642
dynamic_TF_carry/US-STAPLES       2023-11-30 22:31:04.167811
dynamic_TF_carry/KRWUSD_mini      2023-11-30 22:31:04.167980
dynamic_TF_carry/FTSECHINAH       2023-11-30 22:31:04.168149
dynamic_TF_carry/BB3M             2023-11-30 22:31:04.168319
dynamic_TF_carry/CHFJPY           2023-11-30 22:31:04.168488
dynamic_TF_carry/EUR_micro        2023-11-30 22:31:04.168658
dynamic_TF_carry/BUTTER           2023-11-30 22:31:04.168829
dynamic_TF_carry/KOSDAQ           2023-11-30 22:31:04.168998
dynamic_TF_carry/IRS              2023-11-30 22:31:04.169342
dynamic_TF_carry/R1000            2023-11-30 22:31:04.169511
dynamic_TF_carry/ETHEREUM         2023-11-30 22:31:04.169679
dynamic_TF_carry/CNH              2023-11-30 22:31:04.169849
dynamic_TF_carry/ZAR              2023-11-30 22:31:04.170019
dynamic_TF_carry/EU-HEALTH        2023-11-30 22:31:04.170188
dynamic_TF_carry/OAT              2023-11-30 22:31:04.170357
dynamic_TF_carry/EU-CONSTRUCTION  2023-11-30 22:31:04.170526
dynamic_TF_carry/BRENT-LAST       2023-11-30 22:31:04.170695
dynamic_TF_carry/US-UTILS         2023-11-30 22:31:04.170863
dynamic_TF_carry/EU-CHEM          2023-11-30 22:31:04.171033
dynamic_TF_carry/EU-RETAIL        2023-11-30 22:31:04.171202
dynamic_TF_carry/KOSPI            2023-11-30 22:31:04.171370
dynamic_TF_carry/EUROSTX-LARGE    2023-11-30 22:31:04.171540
dynamic_TF_carry/COTTON           2023-11-30 22:31:04.171709
dynamic_TF_carry/BRE              2023-11-30 22:31:04.171880
dynamic_TF_carry/NASDAQ_micro     2023-11-30 22:31:04.172052
dynamic_TF_carry/EURO600          2023-11-30 22:31:04.172222
dynamic_TF_carry/EU-REALESTATE    2023-11-30 22:31:04.172391
dynamic_TF_carry/CRUDE_W_mini     2023-11-30 22:31:04.172562
dynamic_TF_carry/GBPJPY           2023-11-30 22:31:04.172730
dynamic_TF_carry/CHEESE           2023-11-30 22:31:04.172900
dynamic_TF_carry/US-MATERIAL      2023-11-30 22:31:04.173069
dynamic_TF_carry/US-HEALTH        2023-11-30 22:31:04.173241
dynamic_TF_carry/FEEDCOW          2023-11-30 22:31:04.173411
dynamic_TF_carry/HOUSE-US         2023-11-30 22:31:04.173580
dynamic_TF_carry/FTSETAIWAN       2023-11-30 22:31:04.173749
dynamic_TF_carry/EU-AUTO          2023-11-30 22:31:04.173917
dynamic_TF_carry/AUD              2023-11-30 22:31:04.174085
dynamic_TF_carry/TOPIX            2023-11-30 22:31:04.174257
dynamic_TF_carry/BOBL             2023-11-30 22:31:04.174425
dynamic_TF_carry/EURCHF           2023-11-30 22:31:04.174598
dynamic_TF_carry/EU-MEDIA         2023-11-30 22:31:04.174771
dynamic_TF_carry/US-FINANCE       2023-11-30 22:31:04.174941
dynamic_TF_carry/GAS-LAST         2023-11-30 22:31:04.175111
dynamic_TF_carry/SOFR             2023-11-30 22:31:04.175281
dynamic_TF_carry/EUROSTX200-LARGE 2023-11-30 22:31:04.175451
dynamic_TF_carry/YENEUR           2023-11-30 22:31:04.175620
dynamic_TF_carry/CZK              2023-11-30 22:31:04.175791
dynamic_TF_carry/COPPER           2023-11-30 22:31:04.175963
dynamic_TF_carry/JGB              2023-11-30 22:31:04.176131
dynamic_TF_carry/MSCIASIA         2023-11-30 22:31:04.176301
dynamic_TF_carry/SGD              2023-11-30 22:31:04.176470


======================================================================================================================
                                                Status of trade limits                                                
======================================================================================================================

                   period_days  trade_limit  trades_since_last_reset  trade_capacity_remaining   time_since_last_reset
 OAT                        30            4                      1.0                       3.0 24 days 14:01:41.159239
 PLAT                       30            4                      1.0                       3.0 17 days 08:53:28.668287
 CORN                        1            4                      0.0                       4.0  0 days 00:00:00.000002
 EU-MEDIA                    1            4                      0.0                       4.0  0 days 00:00:00.000001
 EU-HOUSE                    1            4                      0.0                       4.0  0 days 00:00:00.000001
 EU-DJ-UTIL                  1            4                      0.0                       4.0  0 days 00:00:00.000001
 EU-DJ-TELECOM               1            4                      0.0                       4.0  0 days 00:00:00.000001
 EU-DJ-TECH                  1            4                      0.0                       4.0  0 days 00:00:00.000001
 EU-DJ-OIL                   1            4                      0.0                       4.0  0 days 00:00:00.000002
 EU-CONSTRUCTION             1            4                      0.0                       4.0  0 days 00:00:00.000002
 ETHANOL                     1            4                      0.0                       4.0  0 days 00:00:00.000001
 CZK                         1            4                      0.0                       4.0  0 days 00:00:00.000001
 COTTON                      1            4                      0.0                       4.0  0 days 00:00:00.000001
 COPPER-mini                 1            4                      0.0                       4.0  0 days 00:00:00.000001
 CNH-onshore                 1            4                      0.0                       4.0  0 days 00:00:00.000001
 CLP                         1            4                      0.0                       4.0  0 days 00:00:00.000002
 CH10                        1            4                      0.0                       4.0  0 days 00:00:00.000002
 BUTTER                      1            4                      0.0                       4.0  0 days 00:00:00.000002
 BOVESPA                     1            4                      0.0                       4.0  0 days 00:00:00.000001
 BEL20                       1            4                      0.0                       4.0  0 days 00:00:00.000001
 ALUMINIUM                   1            4                      0.0                       4.0  0 days 00:00:00.000001
 YENEUR                     30            4                      0.0                       4.0  0 days 07:53:24.771461
 EU-MID                      1            4                      0.0                       4.0  0 days 00:00:00.000001
 EU-REALESTATE               1            4                      0.0                       4.0  0 days 00:00:00.000002
 EURCHF                      1            4                      0.0                       4.0  0 days 00:00:00.000002
 EURIBOR                     1            4                      0.0                       4.0  0 days 00:00:00.000002
 US-INDUSTRY                 1            4                      0.0                       4.0  0 days 00:00:00.000001
 US-HEALTH                   1            4                      0.0                       4.0  0 days 00:00:00.000001
 US-FINANCE                  1            4                      0.0                       4.0  0 days 00:00:00.000002
 US-ENERGY                   1            4                      0.0                       4.0  0 days 00:00:00.000002
 US-DISCRETE                 1            4                      0.0                       4.0  0 days 00:00:00.000002
 SMI-MID                     1            4                      0.0                       4.0  0 days 00:00:00.000001
 SGX                         1            4                      0.0                       4.0  0 days 00:00:00.000001
 SGD                         1            4                      0.0                       4.0  0 days 00:00:00.000001
 OMX                         1            4                      0.0                       4.0  0 days 00:00:00.000001
 US30                       30            4                      0.0                       4.0  0 days 00:00:00.000002
 MSCIASIA                    1            4                      0.0                       4.0  0 days 00:00:00.000001
 MILKDRY                     1            4                      0.0                       4.0  0 days 00:00:00.000002
 MID-DAX                     1            4                      0.0                       4.0  0 days 00:00:00.000002
 JP-REALESTATE               1            4                      0.0                       4.0  0 days 00:00:00.000002
 JGB-SGX-mini                1            4                      0.0                       4.0  0 days 00:00:00.000002
 IRS                         1            4                      0.0                       4.0  0 days 00:00:00.000002
 FTSEINDO                    1            4                      0.0                       4.0  0 days 00:00:00.000001
 EUROSTX200-LARGE            1            4                      0.0                       4.0  0 days 00:00:00.000001
 EUROSTX-SMALL               1            4                      0.0                       4.0  0 days 00:00:00.000001
 EUROSTX-LARGE               1            4                      0.0                       4.0  0 days 00:00:00.000001
 MILKWET                     1            4                      0.0                       4.0  0 days 00:00:00.000002
 US3                        30            4                      0.0                       4.0  0 days 00:00:00.000002
 SP400                      30            4                      0.0                       4.0  0 days 00:00:00.000002
 US-MATERIAL                 1            4                      0.0                       4.0  0 days 00:00:00.000001
 KRWUSD                     14            4                      0.0                       4.0  0 days 00:00:00.000002
 JGB                        14            4                      0.0                       4.0  0 days 00:00:00.000001
 HEATOIL                    14            4                      0.0                       4.0  0 days 00:00:00.000001
 GBPEUR                     14            4                      0.0                       4.0  0 days 00:00:00.000001
 GAS-LAST                   14            4                      0.0                       4.0  0 days 00:00:00.000002
 FTSETAIWAN                 14            4                      0.0                       4.0  0 days 00:00:00.000002
 EU-TECH                    14            4                      0.0                       4.0  0 days 00:00:00.000001
 EU-CHEM                    14            4                      0.0                       4.0  0 days 00:00:00.000002
 ETHEREUM                   14            4                      0.0                       4.0  0 days 00:00:00.000001
 ZAR                         1            4                      0.0                       4.0  0 days 00:00:00.000002
 CNH                        14            4                      0.0                       4.0  9 days 21:53:26.207969
 BTP3                       14            4                      0.0                       4.0  0 days 00:00:00.000001
 BRENT-LAST                 14            4                      0.0                       4.0  0 days 00:00:00.000001
 BONO                       14            4                      0.0                       4.0  0 days 00:00:00.000001
 YENEUR                      1            4                      0.0                       4.0  0 days 07:53:24.773942
 US3                         1            4                      0.0                       4.0  0 days 00:00:00.000002
 US10U                       1            4                      0.0                       4.0  0 days 00:00:00.000002
 US-REALESTATE               1            4                      0.0                       4.0  0 days 00:00:00.000001
 TOPIX                       1            4                      0.0                       4.0  0 days 00:00:00.000001
 SP400                       1            4                      0.0                       4.0  0 days 00:00:00.000001
 BUXL                       14            4                      0.0                       4.0  0 days 00:00:00.000002
 US10U                      30            4                      0.0                       4.0  0 days 00:00:00.000001
 NIKKEI                     14            8                      4.0                       4.0  9 days 21:53:15.127087
 R1000                      14            4                      0.0                       4.0  0 days 00:00:00.000001
 SEK                        30            4                      0.0                       4.0  0 days 00:00:00.000001
 NOK                        30            4                      0.0                       4.0  0 days 00:00:00.000002
 JGB                        30            4                      0.0                       4.0  0 days 00:00:00.000001
 HEATOIL                    30            4                      0.0                       4.0  0 days 00:00:00.000001
 GBPEUR                     30            4                      0.0                       4.0  0 days 00:00:00.000001
 GASOILINE                  30            4                      0.0                       4.0  0 days 00:00:00.000002
 GAS-LAST                   30            4                      0.0                       4.0  0 days 00:00:00.000002
 ETHEREUM                   30            4                      0.0                       4.0  0 days 00:00:00.000002
 CHF                        30            4                      0.0                       4.0  8 days 07:53:32.817214
