
********************************************************************************
                   Status report produced on 19/09/2024 22:55                   
********************************************************************************


Delayed methods: No delays

=================================
  Delayed adjusted / FX prices   
=================================

                      last_update
TIN_LME       2024-09-05 23:00:00
ALUMINIUM_LME 2024-09-06 10:00:00
NICKEL_LME    2024-09-06 11:00:00
ZINC_LME      2024-09-06 12:00:00
LEAD_LME      2024-09-06 15:00:00
COPPER_LME    2024-09-06 15:00:01

Delayed optimal positions: No delays

==========================================================================================================
                                        Instruments at trade limit                                        
==========================================================================================================

       period_days  trade_limit  trades_since_last_reset  trade_capacity_remaining   time_since_last_reset
 KR10           30            5                      5.0                       0.0 28 days 20:55:12.351445


================================================
         Instruments at position limit          
================================================

                 keys  position pos_limit  spare
60                TWD         0       0.0    0.0
84           EU-HOUSE         0       0.0    0.0
83           ETHEREUM         0       0.0    0.0
155           SMI-MID         0       0.0    0.0
156           ETHANOL         0       0.0    0.0
163          HOUSE-US         0       0.0    0.0
73             EURCAD         0       0.0    0.0
167              VNKI         0       0.0    0.0
66             KRWUSD         0       0.0    0.0
179     EUROSTX-LARGE         0       0.0    0.0
121            GBPJPY         0       0.0    0.0
181          EU-MEDIA         0       0.0    0.0
183          SGD_mini         0       0.0    0.0
54             BUTTER         0       0.0    0.0
189         CHF_micro         0       0.0    0.0
195     EU-DJ-TELECOM         0       0.0    0.0
48       COAL-GEORDIE         0       0.0    0.0
206          AEX_mini         0       0.0    0.0
87               WHEY         0       0.0    0.0
45            BOVESPA         0       0.0    0.0
149             STEEL         0       0.0    0.0
92                SGX         0       0.0    0.0
123            NASDAQ         0       0.0    0.0
117               RUR         0       0.0    0.0
124   EU-CONSTRUCTION         0       0.0    0.0
129             SP400         0       0.0    0.0
130        COPPER_LME         0       0.0    0.0
131   GASOILINE_micro         0       0.0    0.0
111            COTTON         0       0.0    0.0
134             R1000         0       0.0    0.0
106  EUROSTX200-LARGE         0       0.0    0.0
105        EU-DJ-TECH         0       0.0    0.0
135          TWD-mini         0       0.0    0.0
136              CH10         0       0.0    0.0
102       COPPER-mini         0       0.0    0.0
100           TIN_LME         0       0.0    0.0
98                IRS         0       0.0    0.0
95            EU-CHEM         0       0.0    0.0
93        EPRA-EUROPE         0       0.0    0.0
91                CLP         0       0.0    0.0
42           JGB-mini         0       0.0    0.0
120               SEK         0       0.0    0.0
224           MILKDRY         0       0.0    0.0
234            PALLAD         0       0.0    0.0
236       CNH-onshore         0       0.0    0.0
238              GICS         0       0.0    0.0
17                 IG         0       0.0    0.0
223               NOK         0       0.0    0.0
222               PLN         0       0.0    0.0
15         BRENT-LAST        -1       1.0    0.0
219           US-TECH         0       0.0    0.0
14            MILKWET         0       0.0    0.0
239         SWISSLEAD         0       0.0    0.0
11             AUDJPY         0       0.0    0.0
41                JGB         0       0.0    0.0
244          JPY_mini         0       0.0    0.0
217               CZK         0       0.0    0.0
225            CHFJPY         0       0.0    0.0
245            EURAUD         0       0.0    0.0
246          MSCIEAFA         2       2.0    0.0
247               OMX         0       0.0    0.0
214              COAL         0       0.0    0.0
4             GAS-PEN        -1       1.0    0.0
210         EU-RETAIL         0       0.0    0.0
37          EU-TRAVEL         0       0.0    0.0
33             EURCHF         0       0.0    0.0
3         HEATOIL-ICE         0       0.0    0.0
212         HIGHYIELD         0       0.0    0.0


==========================================================
         Overrides in database consider deleting          
==========================================================

                                                  override
NICKEL_LME              Override Close because in database
ALUMINIUM_LME     Override Reduce only because in database
RICE              Override Reduce only because in database
VNKI              Override Reduce only because in database
VIX_mini          Override Reduce only because in database
MSCIASIA          Override Reduce only because in database
FTSE250           Override Reduce only because in database
EU-REALESTATE     Override Reduce only because in database
OATIES            Override Reduce only because in database
EU-DJ-UTIL        Override Reduce only because in database
CHINAA-CON        Override Reduce only because in database
US-PROPERTY       Override Reduce only because in database
US-ENERGY         Override Reduce only because in database
US-HEALTH         Override Reduce only because in database
EU-HOUSE          Override Reduce only because in database
EU-UTILS          Override Reduce only because in database
EU-AUTO           Override Reduce only because in database
EU-INSURE         Override Reduce only because in database
EUROSTX-SMALL     Override Reduce only because in database
DJSTX-SMALL       Override Reduce only because in database
US-MATERIAL       Override Reduce only because in database
US-FINANCE        Override Reduce only because in database
US-DISCRETE       Override Reduce only because in database
US-INDUSTRY       Override Reduce only because in database
US-TECH           Override Reduce only because in database
EU-MID            Override Reduce only because in database
EU-MEDIA          Override Reduce only because in database
EUROSTX-LARGE     Override Reduce only because in database
US-UTILS          Override Reduce only because in database
EU-HEALTH         Override Reduce only because in database
GASOILINE_micro   Override Reduce only because in database
EU-TECH           Override Reduce only because in database
MSCIWORLD         Override Reduce only because in database
EU-DIV30          Override Reduce only because in database
EUROSTX200-LARGE  Override Reduce only because in database
OMX               Override Reduce only because in database
INR               Override Reduce only because in database
IBEX_mini         Override Reduce only because in database
EU-DJ-OIL         Override Reduce only because in database
EU-FOOD           Override Reduce only because in database
EU-OIL            Override Reduce only because in database
EU-DJ-TECH        Override Reduce only because in database
US-STAPLES        Override Reduce only because in database
R1000             Override Reduce only because in database
AEX_mini          Override Reduce only because in database
EU-BASIC          Override Reduce only because in database
EU-CHEM           Override Reduce only because in database
EU-TRAVEL         Override Reduce only because in database
EU-DJ-TELECOM     Override Reduce only because in database
EU-CONSTRUCTION   Override Reduce only because in database
EPRA-EUROPE       Override Reduce only because in database
EU-RETAIL         Override Reduce only because in database
SWISSLEAD         Override Reduce only because in database
SMI-MID           Override Reduce only because in database
FTSEINDO          Override Reduce only because in database
BUTTER            Override Reduce only because in database
FTSETAIWAN        Override Reduce only because in database
STEEL             Override Reduce only because in database
COTTON            Override Reduce only because in database
US-REALESTATE     Override Reduce only because in database
COAL              Override Reduce only because in database
CHEESE            Override Reduce only because in database
HANGENT_mini      Override Reduce only because in database
SGX               Override Reduce only because in database
FTSEVIET          Override Reduce only because in database
GAS_US_mini       Override Reduce only because in database
FTSECHINAH        Override Reduce only because in database
BRE               Override Reduce only because in database
HIGHYIELD         Override Reduce only because in database
MSCISING          Override Reduce only because in database
HANG              Override Reduce only because in database
GAS-LAST          Override Reduce only because in database
CLP               Override Reduce only because in database
MSCITAIWAN        Override Reduce only because in database
HANGTECH          Override Reduce only because in database
HANGENT           Override Reduce only because in database
IG                Override Reduce only because in database

Locked instruments (position mismatch): ['VIX']

==============================================
Status of adjusted price / FX price collection
==============================================

                         last_update
TIN_LME          2024-09-05 23:00:00
ALUMINIUM_LME    2024-09-06 10:00:00
NICKEL_LME       2024-09-06 11:00:00
ZINC_LME         2024-09-06 12:00:00
LEAD_LME         2024-09-06 15:00:00
COPPER_LME       2024-09-06 15:00:01
SGX              2024-09-16 23:00:00
TWD              2024-09-16 23:00:00
CNH-onshore      2024-09-16 23:00:00
MILKWET          2024-09-18 23:00:00
CLP              2024-09-18 23:00:00
OMX              2024-09-18 23:00:00
CHFJPY           2024-09-18 23:00:00
COTTON           2024-09-18 23:00:00
CZK              2024-09-18 23:00:00
MSCIWORLD        2024-09-18 23:00:00
MSCIEMASIA       2024-09-18 23:00:00
ETHANOL          2024-09-18 23:00:00
SWISSLEAD        2024-09-18 23:00:00
GBPCHF           2024-09-18 23:00:00
BB3M             2024-09-18 23:00:00
RUR              2024-09-18 23:00:00
EUROSTX-LARGE    2024-09-18 23:00:00
BOVESPA          2024-09-18 23:00:00
JGB-mini         2024-09-19 02:00:00
TWD-mini         2024-09-19 02:00:00
JP-REALESTATE    2024-09-19 03:00:00
VNKI             2024-09-19 03:00:00
SGD_mini         2024-09-19 03:00:00
KR3              2024-09-19 04:00:00
HANGENT_mini*    2024-09-19 04:00:00
HANG             2024-09-19 04:00:00
FTSEVIET         2024-09-19 04:00:00
FTSECHINAH       2024-09-19 04:00:00
FTSEINDO         2024-09-19 04:00:00
HANG_mini        2024-09-19 04:00:00
HANGENT          2024-09-19 04:00:00
HANGTECH         2024-09-19 04:00:00
SGD              2024-09-19 04:00:00
SPI200           2024-09-19 04:00:00
FTSETAIWAN       2024-09-19 05:00:00
MSCITAIWAN       2024-09-19 05:00:00
KR10*            2024-09-19 05:00:00
KOSPI_mini       2024-09-19 05:00:00
MUMMY*           2024-09-19 05:00:00
KOSPI            2024-09-19 05:00:00
NIKKEI           2024-09-19 05:00:00
KOSDAQ           2024-09-19 05:00:00
CNH              2024-09-19 05:00:00
NIKKEI400        2024-09-19 05:00:00
TOPIX            2024-09-19 05:00:00
JGB-SGX-mini     2024-09-19 05:00:00
CHINAA-CON*      2024-09-19 05:00:00
JGB              2024-09-19 05:00:00
IRON*            2024-09-19 05:00:00
FTSECHINAA*      2024-09-19 05:00:00
RUBBER           2024-09-19 05:00:00
KRWUSD_mini      2024-09-19 05:00:00
MSCISING*        2024-09-19 05:00:00
COAL-GEORDIE     2024-09-19 11:00:00
EURIBOR          2024-09-19 13:00:00
EUROSTX200-LARGE 2024-09-19 13:00:00
EU-MID           2024-09-19 13:00:00
EU-CHEM          2024-09-19 13:00:00
EPRA-EUROPE      2024-09-19 14:00:00
EU-TRAVEL        2024-09-19 14:00:00
SMI-MID          2024-09-19 14:00:00
AEX_mini         2024-09-19 14:00:00
EU-DJ-OIL        2024-09-19 14:00:00
PLN              2024-09-19 14:30:00
GICS             2024-09-19 14:30:00
COCOA_LDN        2024-09-19 15:00:00
EURIBOR-ICE      2024-09-19 15:00:00
GASOIL           2024-09-19 15:00:00
IBEX_mini        2024-09-19 15:00:00
US-DISCRETE      2024-09-19 15:00:00
EUROSTX-SMALL    2024-09-19 15:00:00
GILT             2024-09-19 15:00:00
V2X              2024-09-19 15:00:00
WHEAT_ICE        2024-09-19 15:00:00
HEATOIL-ICE      2024-09-19 15:00:00
BONO             2024-09-19 15:00:00
US-ENERGY        2024-09-19 15:00:00
R1000            2024-09-19 15:00:00
FTSE100          2024-09-19 15:00:00
FTSE250          2024-09-19 15:00:00
ROBUSTA          2024-09-19 15:00:00
IBEX             2024-09-19 15:00:00
US-FINANCE       2024-09-19 15:00:00
SARONA           2024-09-19 15:00:00
MSCIASIA         2024-09-19 15:00:00
SONIA3           2024-09-19 15:00:00
MILLWHEAT        2024-09-19 15:00:00
MIB              2024-09-19 15:00:00
SUGAR16          2024-09-19 15:00:00
GASOILINE_ICE    2024-09-19 15:00:00
SUGAR_WHITE      2024-09-19 15:00:00
EU-DJ-TECH       2024-09-19 15:00:00
EU-DJ-TELECOM    2024-09-19 15:00:00
EU-DJ-UTIL       2024-09-19 15:00:00
IRS              2024-09-19 15:00:00
EU-FOOD          2024-09-19 15:00:00
COAL             2024-09-19 15:00:00
EU-MEDIA         2024-09-19 15:00:00
CH10             2024-09-19 15:00:00
EU-REALESTATE    2024-09-19 15:00:00
CRUDE_ICE        2024-09-19 15:00:00
BRENT_W          2024-09-19 15:00:00
EUA              2024-09-19 15:00:00
EU-HOUSE         2024-09-19 15:00:00
SHATZ            2024-09-19 16:00:00
US-INDUSTRY      2024-09-19 16:00:00
KRWUSD           2024-09-19 16:00:00
OAT              2024-09-19 16:00:00
IG               2024-09-19 16:00:00
SMI              2024-09-19 16:00:00
AEX              2024-09-19 16:00:00
EU-BASIC         2024-09-19 16:00:00
EU-TECH          2024-09-19 16:00:00
EU-UTILS         2024-09-19 16:00:00
EU-INSURE        2024-09-19 16:00:00
BTP              2024-09-19 16:00:00
BTP3             2024-09-19 16:00:00
EURO600          2024-09-19 16:00:00
EUROSTX          2024-09-19 16:00:00
BUND             2024-09-19 16:00:00
EU-HEALTH        2024-09-19 16:00:00
EU-DIV30         2024-09-19 16:00:00
EU-CONSTRUCTION  2024-09-19 16:00:00
EU-OIL*          2024-09-19 16:00:00
EU-BANKS         2024-09-19 16:00:00
EU-RETAIL        2024-09-19 16:00:00
CAC              2024-09-19 16:00:00
EU-AUTO          2024-09-19 16:00:00
BOBL             2024-09-19 16:00:00
DAX              2024-09-19 16:00:00
BUXL             2024-09-19 16:00:00
DJSTX-SMALL      2024-09-19 16:00:00
SUGAR11          2024-09-19 17:00:00
HIGHYIELD        2024-09-19 17:00:00
US-HEALTH        2024-09-19 17:00:00
US-TECH          2024-09-19 17:00:00
US-MATERIAL      2024-09-19 17:00:00
EURAUD           2024-09-19 17:00:00
US-STAPLES       2024-09-19 18:00:00
US-REALESTATE    2024-09-19 18:00:00
MILKDRY          2024-09-19 18:00:00
US-PROPERTY      2024-09-19 18:00:00
US-UTILS         2024-09-19 18:00:00
BBCOMM           2024-09-19 18:00:00
OJ               2024-09-19 18:00:00
EURCAD           2024-09-19 18:00:00
ALUMINIUM*       2024-09-19 18:00:00
COFFEE           2024-09-19 18:00:00
COCOA            2024-09-19 18:00:00
GBPJPY           2024-09-19 18:00:00
SOYBEAN_mini     2024-09-19 19:00:00
SOYBEAN          2024-09-19 19:00:00
CAD10            2024-09-19 19:00:00
CAD5             2024-09-19 19:00:00
CANOLA*          2024-09-19 19:00:00
CRUDE_W_micro    2024-09-19 19:00:00
STEEL            2024-09-19 19:00:00
OATIES           2024-09-19 19:00:00
SEK              2024-09-19 19:00:00
COTTON2*         2024-09-19 19:00:00
NOK              2024-09-19 19:00:00
CORN_mini        2024-09-19 19:00:00
BUTTER           2024-09-19 19:00:00
RICE             2024-09-19 19:00:00
REDWHEAT         2024-09-19 19:00:00
CHEESE           2024-09-19 19:00:00
CORN*            2024-09-19 19:00:00
GAS_US_mini*     2024-09-19 19:00:00
FANG             2024-09-19 19:00:00
GASOILINE_micro  2024-09-19 19:00:00
GBPEUR           2024-09-19 19:00:00
GAS-PEN*         2024-09-19 19:00:00
WHEY             2024-09-19 19:00:00
WHEAT_mini       2024-09-19 19:00:00
WHEAT*           2024-09-19 19:00:00
FEEDCOW          2024-09-19 19:00:00
AUDJPY           2024-09-19 19:00:00
ETHER-micro      2024-09-19 19:00:00
HOUSE-US         2024-09-19 19:00:00
SOYOIL           2024-09-19 19:00:00
SOYMEAL*         2024-09-19 19:00:00
MILK             2024-09-19 19:00:00
LEANHOG*         2024-09-19 19:00:00
LIVECOW          2024-09-19 19:00:00
US30             2024-09-19 20:00:00
ZAR              2024-09-19 20:00:00
SP400            2024-09-19 20:00:00
SP500            2024-09-19 20:00:00
YENEUR           2024-09-19 20:00:00
SP500_micro*     2024-09-19 20:00:00
CAD              2024-09-19 20:00:00
US10             2024-09-19 20:00:00
BRE              2024-09-19 20:00:00
AUD              2024-09-19 20:00:00
US10U*           2024-09-19 20:00:00
US2              2024-09-19 20:00:00
VIX_mini         2024-09-19 20:00:00
US20*            2024-09-19 20:00:00
VIX*             2024-09-19 20:00:00
AUD_micro        2024-09-19 20:00:00
BRENT-LAST*      2024-09-19 20:00:00
US5              2024-09-19 20:00:00
US3              2024-09-19 20:00:00
BITCOIN*         2024-09-19 20:00:00
COPPER           2024-09-19 20:00:00
CAD2             2024-09-19 20:00:00
LUMBER-new       2024-09-19 20:00:00
JPY_mini         2024-09-19 20:00:00
JPY              2024-09-19 20:00:00
SOFR             2024-09-19 20:00:00
EURCHF           2024-09-19 20:00:00
INR              2024-09-19 20:00:00
EUR_micro        2024-09-19 20:00:00
EUR_mini         2024-09-19 20:00:00
HEATOIL          2024-09-19 20:00:00
FED              2024-09-19 20:00:00
GAS-LAST         2024-09-19 20:00:00
GOLD_micro*      2024-09-19 20:00:00
GOLD-mini        2024-09-19 20:00:00
GOLD             2024-09-19 20:00:00
GASOILINE        2024-09-19 20:00:00
GBP_micro        2024-09-19 20:00:00
GBP*             2024-09-19 20:00:00
ETHEREUM         2024-09-19 20:00:00
DX               2024-09-19 20:00:00
EUR              2024-09-19 20:00:00
DOW_mini         2024-09-19 20:00:00
SILVER*          2024-09-19 20:00:00
CAD_micro        2024-09-19 20:00:00
CHF              2024-09-19 20:00:00
CHF_micro        2024-09-19 20:00:00
MSCIEAFA*        2024-09-19 20:00:00
RUSSELL          2024-09-19 20:00:00
GAS_US           2024-09-19 20:00:00
COPPER-micro     2024-09-19 20:00:00
COPPER-mini      2024-09-19 20:00:00
RUSSELL_mini     2024-09-19 20:00:00
PALLAD           2024-09-19 20:00:00
NZD              2024-09-19 20:00:00
CRUDE_W          2024-09-19 20:00:00
NASDAQ_micro     2024-09-19 20:00:00
NASDAQ           2024-09-19 20:00:00
MXP              2024-09-19 20:00:00
CRUDE_W_mini     2024-09-19 20:00:00
DOW              2024-09-19 20:00:00
PLAT             2024-09-19 20:00:00
CADUSD           2024-09-19 23:00:00
JPYUSD           2024-09-19 23:00:00
CNHUSD           2024-09-19 23:00:00
AUDUSD           2024-09-19 23:00:00
KRWUSD           2024-09-19 23:00:00
GBPUSD           2024-09-19 23:00:00
EURUSD           2024-09-19 23:00:00
MXPUSD           2024-09-19 23:00:00
SGDUSD           2024-09-19 23:00:00
HKDUSD           2024-09-19 23:00:00
CHFUSD           2024-09-19 23:00:00
SEKUSD           2024-09-19 23:00:00


============================================================
           Status of optimal position generation            
============================================================

                                                 last_update
dynamic_TF_carry/KRWUSD           2024-09-19 22:31:28.772429
dynamic_TF_carry/LEAD_LME         2024-09-19 22:31:28.772655
dynamic_TF_carry/MILLWHEAT        2024-09-19 22:31:28.772867
dynamic_TF_carry/EURIBOR          2024-09-19 22:31:28.773076
dynamic_TF_carry/EU-UTILS         2024-09-19 22:31:28.773290
dynamic_TF_carry/EUR_micro        2024-09-19 22:31:28.773497
dynamic_TF_carry/HANG_mini        2024-09-19 22:31:28.773706
dynamic_TF_carry/V2X              2024-09-19 22:31:28.773913
dynamic_TF_carry/US20             2024-09-19 22:31:28.774121
dynamic_TF_carry/MXP              2024-09-19 22:31:28.774328
dynamic_TF_carry/EUROSTX-LARGE    2024-09-19 22:31:28.774535
dynamic_TF_carry/COFFEE           2024-09-19 22:31:28.774742
dynamic_TF_carry/CAD              2024-09-19 22:31:28.774948
dynamic_TF_carry/BITCOIN          2024-09-19 22:31:28.775155
dynamic_TF_carry/US-UTILS         2024-09-19 22:31:28.775362
dynamic_TF_carry/MSCISING         2024-09-19 22:31:28.775571
dynamic_TF_carry/CAD5             2024-09-19 22:31:28.775779
dynamic_TF_carry/GAS_US_mini      2024-09-19 22:31:28.775984
dynamic_TF_carry/FTSEVIET         2024-09-19 22:31:28.776190
dynamic_TF_carry/BBCOMM           2024-09-19 22:31:28.776395
dynamic_TF_carry/US-FINANCE       2024-09-19 22:31:28.776599
dynamic_TF_carry/WHEAT_ICE        2024-09-19 22:31:28.776807
dynamic_TF_carry/GAS-PEN          2024-09-19 22:31:28.777222
dynamic_TF_carry/US-REALESTATE    2024-09-19 22:31:28.777431
dynamic_TF_carry/SOFR             2024-09-19 22:31:28.777637
dynamic_TF_carry/ZAR              2024-09-19 22:31:28.777843
dynamic_TF_carry/GBP              2024-09-19 22:31:28.778050
dynamic_TF_carry/EU-BANKS         2024-09-19 22:31:28.778256
dynamic_TF_carry/SP500_micro      2024-09-19 22:31:28.778462
dynamic_TF_carry/WHEAT            2024-09-19 22:31:28.778667
dynamic_TF_carry/FEEDCOW          2024-09-19 22:31:28.778872
dynamic_TF_carry/SARONA           2024-09-19 22:31:28.779077
dynamic_TF_carry/ROBUSTA          2024-09-19 22:31:28.779283
dynamic_TF_carry/BUXL             2024-09-19 22:31:28.779489
dynamic_TF_carry/CZK              2024-09-19 22:31:28.779695
dynamic_TF_carry/US-MATERIAL      2024-09-19 22:31:28.779900
dynamic_TF_carry/US-PROPERTY      2024-09-19 22:31:28.780107
dynamic_TF_carry/WHEY             2024-09-19 22:31:28.780313
dynamic_TF_carry/BOVESPA          2024-09-19 22:31:28.780519
dynamic_TF_carry/US-STAPLES       2024-09-19 22:31:28.780726
dynamic_TF_carry/KOSPI_mini       2024-09-19 22:31:28.780932
dynamic_TF_carry/KRWUSD_mini      2024-09-19 22:31:28.781141
dynamic_TF_carry/EU-HOUSE         2024-09-19 22:31:28.781349
dynamic_TF_carry/US30             2024-09-19 22:31:28.781555
dynamic_TF_carry/HANGENT_mini     2024-09-19 22:31:28.781761
dynamic_TF_carry/CAC              2024-09-19 22:31:28.781968
dynamic_TF_carry/US-INDUSTRY      2024-09-19 22:31:28.782175
dynamic_TF_carry/EU-DJ-TELECOM    2024-09-19 22:31:28.782382
dynamic_TF_carry/TIN_LME          2024-09-19 22:31:28.782589
dynamic_TF_carry/EU-OIL           2024-09-19 22:31:28.782795
dynamic_TF_carry/BRENT-LAST       2024-09-19 22:31:28.783001
dynamic_TF_carry/COCOA            2024-09-19 22:31:28.783207
dynamic_TF_carry/EU-REALESTATE    2024-09-19 22:31:28.783414
dynamic_TF_carry/EURIBOR-ICE      2024-09-19 22:31:28.783620
dynamic_TF_carry/KOSDAQ           2024-09-19 22:31:28.783827
dynamic_TF_carry/US-TECH          2024-09-19 22:31:28.784035
dynamic_TF_carry/SOYMEAL          2024-09-19 22:31:28.784243
dynamic_TF_carry/IBEX_mini        2024-09-19 22:31:28.784450
dynamic_TF_carry/BB3M             2024-09-19 22:31:28.784655
dynamic_TF_carry/SP400            2024-09-19 22:31:28.784860
dynamic_TF_carry/RUSSELL          2024-09-19 22:31:28.785066
dynamic_TF_carry/RUR              2024-09-19 22:31:28.785276
dynamic_TF_carry/HOUSE-US         2024-09-19 22:31:28.785482
dynamic_TF_carry/CORN             2024-09-19 22:31:28.785687
dynamic_TF_carry/US10             2024-09-19 22:31:28.785892
dynamic_TF_carry/EURO600          2024-09-19 22:31:28.786098
dynamic_TF_carry/AUD_micro        2024-09-19 22:31:28.786304
dynamic_TF_carry/EU-AUTO          2024-09-19 22:31:28.786511
dynamic_TF_carry/SOYBEAN_mini     2024-09-19 22:31:28.786716
dynamic_TF_carry/LUMBER-new       2024-09-19 22:31:28.786921
dynamic_TF_carry/CHF              2024-09-19 22:31:28.787127
dynamic_TF_carry/OJ               2024-09-19 22:31:28.787333
dynamic_TF_carry/LIVECOW          2024-09-19 22:31:28.787540
dynamic_TF_carry/ZINC_LME         2024-09-19 22:31:28.787746
dynamic_TF_carry/EURCAD           2024-09-19 22:31:28.787952
dynamic_TF_carry/SILVER           2024-09-19 22:31:28.788157
dynamic_TF_carry/CANOLA           2024-09-19 22:31:28.788363
dynamic_TF_carry/IRS              2024-09-19 22:31:28.788570
dynamic_TF_carry/CAD10            2024-09-19 22:31:28.788777
dynamic_TF_carry/MSCIWORLD        2024-09-19 22:31:28.788985
dynamic_TF_carry/NZD              2024-09-19 22:31:28.789195
dynamic_TF_carry/SGD              2024-09-19 22:31:28.789404
dynamic_TF_carry/MSCIEAFA         2024-09-19 22:31:28.789610
dynamic_TF_carry/EUROSTX200-LARGE 2024-09-19 22:31:28.789816
dynamic_TF_carry/ETHEREUM         2024-09-19 22:31:28.790022
dynamic_TF_carry/AUDJPY           2024-09-19 22:31:28.790228
dynamic_TF_carry/US-HEALTH        2024-09-19 22:31:28.790435
dynamic_TF_carry/FTSE100          2024-09-19 22:31:28.790642
dynamic_TF_carry/EU-BASIC         2024-09-19 22:31:28.790849
dynamic_TF_carry/MILK             2024-09-19 22:31:28.791266
dynamic_TF_carry/BONO             2024-09-19 22:31:28.791473
dynamic_TF_carry/KOSPI            2024-09-19 22:31:28.791681
dynamic_TF_carry/PLAT             2024-09-19 22:31:28.792095
dynamic_TF_carry/EUA              2024-09-19 22:31:28.792302
dynamic_TF_carry/FTSECHINAH       2024-09-19 22:31:28.792509
dynamic_TF_carry/RICE             2024-09-19 22:31:28.792715
dynamic_TF_carry/CRUDE_W_micro    2024-09-19 22:31:28.792921
dynamic_TF_carry/EU-RETAIL        2024-09-19 22:31:28.793128
dynamic_TF_carry/AEX              2024-09-19 22:31:28.793337
dynamic_TF_carry/TOPIX            2024-09-19 22:31:28.793543
dynamic_TF_carry/DAX              2024-09-19 22:31:28.793749
dynamic_TF_carry/NASDAQ_micro     2024-09-19 22:31:28.793954
dynamic_TF_carry/BTP              2024-09-19 22:31:28.794162
dynamic_TF_carry/US5              2024-09-19 22:31:28.794367
dynamic_TF_carry/GBPEUR           2024-09-19 22:31:28.794573
dynamic_TF_carry/CRUDE_W_mini     2024-09-19 22:31:28.794778
dynamic_TF_carry/JPY              2024-09-19 22:31:28.794985
dynamic_TF_carry/JGB              2024-09-19 22:31:28.795192
dynamic_TF_carry/EU-MEDIA         2024-09-19 22:31:28.795401
dynamic_TF_carry/COCOA_LDN        2024-09-19 22:31:28.795607
dynamic_TF_carry/FANG             2024-09-19 22:31:28.795815
dynamic_TF_carry/FTSEINDO         2024-09-19 22:31:28.796228
dynamic_TF_carry/PLN              2024-09-19 22:31:28.796433
dynamic_TF_carry/GILT             2024-09-19 22:31:28.796640
dynamic_TF_carry/CAD2             2024-09-19 22:31:28.796846
dynamic_TF_carry/EPRA-EUROPE      2024-09-19 22:31:28.797051
dynamic_TF_carry/NICKEL_LME       2024-09-19 22:31:28.797259
dynamic_TF_carry/VNKI             2024-09-19 22:31:28.797465
dynamic_TF_carry/GBPCHF           2024-09-19 22:31:28.797671
dynamic_TF_carry/ALUMINIUM        2024-09-19 22:31:28.798081
dynamic_TF_carry/COAL             2024-09-19 22:31:28.798287
dynamic_TF_carry/LEANHOG          2024-09-19 22:31:28.798493
dynamic_TF_carry/US-DISCRETE      2024-09-19 22:31:28.798699
dynamic_TF_carry/HANGTECH         2024-09-19 22:31:28.798904
dynamic_TF_carry/EU-CONSTRUCTION  2024-09-19 22:31:28.799109
dynamic_TF_carry/GBPJPY           2024-09-19 22:31:28.799314
dynamic_TF_carry/MIB              2024-09-19 22:31:28.799521
dynamic_TF_carry/MUMMY            2024-09-19 22:31:28.799727
dynamic_TF_carry/EU-INSURE        2024-09-19 22:31:28.799934
dynamic_TF_carry/SGX              2024-09-19 22:31:28.800139
dynamic_TF_carry/ETHANOL          2024-09-19 22:31:28.800345
dynamic_TF_carry/DOW              2024-09-19 22:31:28.800549
dynamic_TF_carry/IG               2024-09-19 22:31:28.800755
dynamic_TF_carry/OAT              2024-09-19 22:31:28.800960
dynamic_TF_carry/COTTON2          2024-09-19 22:31:28.801168
dynamic_TF_carry/BTP3             2024-09-19 22:31:28.801374
dynamic_TF_carry/MILKWET          2024-09-19 22:31:28.801578
dynamic_TF_carry/EUROSTX-SMALL    2024-09-19 22:31:28.801782
dynamic_TF_carry/CH10             2024-09-19 22:31:28.801986
dynamic_TF_carry/SUGAR_WHITE      2024-09-19 22:31:28.802190
dynamic_TF_carry/CHFJPY           2024-09-19 22:31:28.802396
dynamic_TF_carry/SHATZ            2024-09-19 22:31:28.802601
dynamic_TF_carry/EU-CHEM          2024-09-19 22:31:28.802806
dynamic_TF_carry/BUND             2024-09-19 22:31:28.803010
dynamic_TF_carry/EU-MID           2024-09-19 22:31:28.803217
dynamic_TF_carry/HEATOIL          2024-09-19 22:31:28.803424
dynamic_TF_carry/FTSECHINAA       2024-09-19 22:31:28.803629
dynamic_TF_carry/SMI-MID          2024-09-19 22:31:28.803835
dynamic_TF_carry/SWISSLEAD        2024-09-19 22:31:28.804043
dynamic_TF_carry/SOYOIL           2024-09-19 22:31:28.804250
dynamic_TF_carry/EU-TRAVEL        2024-09-19 22:31:28.804458
dynamic_TF_carry/DX               2024-09-19 22:31:28.804662
dynamic_TF_carry/R1000            2024-09-19 22:31:28.804869
dynamic_TF_carry/DJSTX-SMALL      2024-09-19 22:31:28.805074
dynamic_TF_carry/YENEUR           2024-09-19 22:31:28.805284
dynamic_TF_carry/KR10             2024-09-19 22:31:28.805491
dynamic_TF_carry/PALLAD           2024-09-19 22:31:28.805698
dynamic_TF_carry/RUBBER           2024-09-19 22:31:28.805904
dynamic_TF_carry/COPPER-micro     2024-09-19 22:31:28.806111
dynamic_TF_carry/COAL-GEORDIE     2024-09-19 22:31:28.806316
dynamic_TF_carry/CRUDE_ICE        2024-09-19 22:31:28.806523
dynamic_TF_carry/AUD              2024-09-19 22:31:28.806729
dynamic_TF_carry/KR3              2024-09-19 22:31:28.806936
dynamic_TF_carry/JP-REALESTATE    2024-09-19 22:31:28.807142
dynamic_TF_carry/US3              2024-09-19 22:31:28.807347
dynamic_TF_carry/SUGAR11          2024-09-19 22:31:28.807552
dynamic_TF_carry/EU-HEALTH        2024-09-19 22:31:28.807758
dynamic_TF_carry/COTTON           2024-09-19 22:31:28.807963
dynamic_TF_carry/SPI200           2024-09-19 22:31:28.808168
dynamic_TF_carry/INR              2024-09-19 22:31:28.808375
dynamic_TF_carry/EU-TECH          2024-09-19 22:31:28.808581
dynamic_TF_carry/REDWHEAT         2024-09-19 22:31:28.808788
dynamic_TF_carry/HIGHYIELD        2024-09-19 22:31:28.808995
dynamic_TF_carry/JGB-SGX-mini     2024-09-19 22:31:28.809203
dynamic_TF_carry/TWD              2024-09-19 22:31:28.809408
dynamic_TF_carry/BRENT_W          2024-09-19 22:31:28.809614
dynamic_TF_carry/SEK              2024-09-19 22:31:28.809820
dynamic_TF_carry/NIKKEI400        2024-09-19 22:31:28.810024
dynamic_TF_carry/EU-DJ-UTIL       2024-09-19 22:31:28.810229
dynamic_TF_carry/COPPER           2024-09-19 22:31:28.810434
dynamic_TF_carry/STEEL            2024-09-19 22:31:28.810640
dynamic_TF_carry/FED              2024-09-19 22:31:28.810846
dynamic_TF_carry/EU-FOOD          2024-09-19 22:31:28.811052
dynamic_TF_carry/GICS             2024-09-19 22:31:28.811257
dynamic_TF_carry/NOK              2024-09-19 22:31:28.811463
dynamic_TF_carry/FTSE250          2024-09-19 22:31:28.811723
dynamic_TF_carry/SUGAR16          2024-09-19 22:31:28.811930
dynamic_TF_carry/GASOIL           2024-09-19 22:31:28.812138
dynamic_TF_carry/EU-DIV30         2024-09-19 22:31:28.812345
dynamic_TF_carry/CHEESE           2024-09-19 22:31:28.812552
dynamic_TF_carry/MSCIASIA         2024-09-19 22:31:28.812758
dynamic_TF_carry/OATIES           2024-09-19 22:31:28.813174
dynamic_TF_carry/COPPER_LME       2024-09-19 22:31:28.813380
dynamic_TF_carry/EUROSTX          2024-09-19 22:31:28.813585
dynamic_TF_carry/BOBL             2024-09-19 22:31:28.813791
dynamic_TF_carry/US10U            2024-09-19 22:31:28.813996
dynamic_TF_carry/BUTTER           2024-09-19 22:31:28.814201
dynamic_TF_carry/EURCHF           2024-09-19 22:31:28.814407
dynamic_TF_carry/SMI              2024-09-19 22:31:28.814611
dynamic_TF_carry/VIX              2024-09-19 22:31:28.814818
dynamic_TF_carry/OMX              2024-09-19 22:31:28.815024
dynamic_TF_carry/SOYBEAN          2024-09-19 22:31:28.815229
dynamic_TF_carry/SONIA3           2024-09-19 22:31:28.815433
dynamic_TF_carry/CHINAA-CON       2024-09-19 22:31:28.815639
dynamic_TF_carry/IRON             2024-09-19 22:31:28.815842
dynamic_TF_carry/NIKKEI           2024-09-19 22:31:28.816048
dynamic_TF_carry/FTSETAIWAN       2024-09-19 22:31:28.816254
dynamic_TF_carry/EUR              2024-09-19 22:31:28.816663
dynamic_TF_carry/CNH              2024-09-19 22:31:28.816868
dynamic_TF_carry/GASOILINE        2024-09-19 22:31:28.817073
dynamic_TF_carry/EURAUD           2024-09-19 22:31:28.817282
dynamic_TF_carry/MSCITAIWAN       2024-09-19 22:31:28.817487
dynamic_TF_carry/GOLD_micro       2024-09-19 22:31:28.817693
dynamic_TF_carry/US2              2024-09-19 22:31:28.817901
dynamic_TF_carry/US-ENERGY        2024-09-19 22:31:28.818107
dynamic_TF_carry/GAS-LAST         2024-09-19 22:31:28.818313
dynamic_TF_carry/CLP              2024-09-19 22:31:28.818518
dynamic_TF_carry/MSCIEMASIA       2024-09-19 22:31:28.818724
dynamic_TF_carry/BRE              2024-09-19 22:31:28.818929
dynamic_TF_carry/MILKDRY          2024-09-19 22:31:28.819134


======================================================================================================================
                                                Status of trade limits                                                
======================================================================================================================

                   period_days  trade_limit  trades_since_last_reset  trade_capacity_remaining   time_since_last_reset
 KR10                       30            5                      5.0                       0.0 28 days 20:56:01.575773
 KR10                       14            4                      3.0                       1.0  9 days 20:53:55.466622
 BRENT-LAST                 30            4                      2.0                       2.0 27 days 08:56:22.233293
 VIX                        30            5                      3.0                       2.0 28 days 07:53:13.203305
 BITCOIN                    30           15                     12.0                       3.0 28 days 07:53:10.683280
 EU-HOUSE                    1            4                      0.0                       4.0  0 days 00:00:00.000002
 EU-DJ-UTIL                  1            4                      0.0                       4.0  0 days 00:00:00.000002
 EU-DJ-TELECOM               1            4                      0.0                       4.0  0 days 00:00:00.000002
 EU-DJ-TECH                  1            4                      0.0                       4.0  0 days 00:00:00.000001
 EU-DJ-OIL                   1            4                      0.0                       4.0  0 days 00:00:00.000002
 EU-CONSTRUCTION             1            4                      0.0                       4.0  0 days 00:00:00.000001
 ETHANOL                     1            4                      0.0                       4.0  0 days 00:00:00.000001
 CZK                         1            4                      0.0                       4.0  0 days 00:00:00.000002
 CORN                        1            4                      0.0                       4.0  0 days 00:00:00.000003
 COPPER-mini                 1            4                      0.0                       4.0  0 days 00:00:00.000002
 CNH-onshore                 1            4                      0.0                       4.0  0 days 00:00:00.000001
 CLP                         1            4                      0.0                       4.0  0 days 00:00:00.000002
 CH10                        1            4                      0.0                       4.0  0 days 00:00:00.000002
 BUTTER                      1            4                      0.0                       4.0  0 days 00:00:00.000002
 BOVESPA                     1            4                      0.0                       4.0  0 days 00:00:00.000001
 BEL20                       1            4                      0.0                       4.0  0 days 00:00:00.000002
 ALUMINIUM                   1            4                      0.0                       4.0  0 days 00:00:00.000002
 YENEUR                     30            4                      0.0                       4.0  0 days 00:00:00.000001
 EU-MEDIA                    1            4                      0.0                       4.0  0 days 00:00:00.000002
 COTTON                      1            4                      0.0                       4.0  0 days 00:00:00.000001
 EU-MID                      1            4                      0.0                       4.0  0 days 00:00:00.000001
 EURCHF                      1            4                      0.0                       4.0  0 days 00:00:00.000001
 US-HEALTH                   1            4                      0.0                       4.0  0 days 00:00:00.000002
 US-FINANCE                  1            4                      0.0                       4.0  0 days 00:00:00.000001
 US-ENERGY                   1            4                      0.0                       4.0  0 days 00:00:00.000002
 US-DISCRETE                 1            4                      0.0                       4.0  0 days 00:00:00.000002
 SMI-MID                     1            4                      0.0                       4.0  0 days 00:00:00.000002
 SGX                         1            4                      0.0                       4.0  0 days 00:00:00.000001
 SGD                         1            4                      0.0                       4.0  0 days 00:00:00.000002
 OMX                         1            4                      0.0                       4.0  0 days 00:00:00.000002
 MSCIASIA                    1            4                      0.0                       4.0  0 days 00:00:00.000001
 EU-REALESTATE               1            4                      0.0                       4.0  0 days 00:00:00.000002
 MILKWET                     1            4                      0.0                       4.0  0 days 00:00:00.000002
 MID-DAX                     1            4                      0.0                       4.0  0 days 00:00:00.000002
 JP-REALESTATE               1            4                      0.0                       4.0  0 days 00:00:00.000001
 JGB-SGX-mini                1            4                      0.0                       4.0  0 days 00:00:00.000002
 IRS                         1            4                      0.0                       4.0  0 days 00:00:00.000001
 FTSEINDO                    1            4                      0.0                       4.0  0 days 00:00:00.000002
 EUROSTX200-LARGE            1            4                      0.0                       4.0  0 days 00:00:00.000001
 EUROSTX-SMALL               1            4                      0.0                       4.0  0 days 00:00:00.000002
 EUROSTX-LARGE               1            4                      0.0                       4.0  0 days 00:00:00.000001
 EURIBOR                     1            4                      0.0                       4.0  0 days 00:00:00.000002
 MILKDRY                     1            4                      0.0                       4.0  0 days 00:00:00.000001
 US30                       30            4                      0.0                       4.0  0 days 00:00:00.000002
 US10U                      30            4                      0.0                       4.0  6 days 07:56:26.850569
 US-INDUSTRY                 1            4                      0.0                       4.0  0 days 00:00:00.000001
 KRWUSD                     14            4                      0.0                       4.0  0 days 00:00:00.000001
 JGB                        14            4                      0.0                       4.0  0 days 00:00:00.000002
