
********************************************************************************
                   Status report produced on 14/10/2024 22:55                   
********************************************************************************


Delayed methods: No delays

===============================
 Delayed adjusted / FX prices  
===============================

                    last_update
SGX         2024-10-07 23:00:00
TWD         2024-10-07 23:00:01
US-PROPERTY 2024-10-08 18:00:00
US-TECH     2024-10-08 20:00:00
US-FINANCE  2024-10-08 20:00:00
EURCAD      2024-10-10 23:00:00
CNH-onshore 2024-10-10 23:00:01
FTSECHINAH  2024-10-11 04:00:01

Delayed optimal positions: No delays
Instruments at trade limit: No constraints

================================================
         Instruments at position limit          
================================================

                 keys  position pos_limit  spare
0             MILKWET         0       0.0    0.0
62             EURCHF         0       0.0    0.0
154           TIN_LME         0       0.0    0.0
60         EU-DJ-TECH         0       0.0    0.0
59                 IG         0       0.0    0.0
155          SGD_mini         0       0.0    0.0
56          CHF_micro         0       0.0    0.0
55        HEATOIL-ICE         0       0.0    0.0
152            PALLAD         0       0.0    0.0
157              WHEY         0       0.0    0.0
52                MIB         1       1.0    0.0
51    GASOILINE_micro         0       0.0    0.0
158       CNH-onshore         0       0.0    0.0
164          EU-MEDIA         0       0.0    0.0
48             EURCAD         0       0.0    0.0
47               VNKI         0       0.0    0.0
44             NASDAQ         0       0.0    0.0
53          SWISSLEAD         0       0.0    0.0
43                JGB         0       0.0    0.0
65          HIGHYIELD         0       0.0    0.0
67                CLP         0       0.0    0.0
96             KRWUSD         0       0.0    0.0
97              STEEL         0       0.0    0.0
88           TWD-mini         0       0.0    0.0
86             AUDJPY         0       0.0    0.0
103       COPPER-mini         0       0.0    0.0
114         EU-RETAIL         0       0.0    0.0
115              COAL         0       0.0    0.0
66             GBPJPY         0       0.0    0.0
130   EU-CONSTRUCTION         0       0.0    0.0
75         COPPER_LME         0       0.0    0.0
140         EU-TRAVEL         0       0.0    0.0
72           JPY_mini         0       0.0    0.0
141          ETHEREUM         0       0.0    0.0
142           BOVESPA         0       0.0    0.0
144               SGX         0       0.0    0.0
145           US-TECH         0       0.0    0.0
76   EUROSTX200-LARGE         0       0.0    0.0
170               PLN         0       0.0    0.0
166     EUROSTX-LARGE         0       0.0    0.0
216            COTTON         0       0.0    0.0
234               CZK         0       0.0    0.0
12             BUTTER         0       0.0    0.0
14            MILKDRY         0       0.0    0.0
239              GICS         0       0.0    0.0
226               SEK         0       0.0    0.0
219               RUR         0       0.0    0.0
39               CH10         0       0.0    0.0
215          HOUSE-US         0       0.0    0.0
207          EU-HOUSE         0       0.0    0.0
203             SP400         0       0.0    0.0
22        EPRA-EUROPE         0       0.0    0.0
24                TWD         0       0.0    0.0
236           EU-CHEM         0       0.0    0.0
241             R1000         0       0.0    0.0
196          AEX_mini         0       0.0    0.0
35       COAL-GEORDIE         0       0.0    0.0
181          JGB-mini         0       0.0    0.0
37                OMX         0       0.0    0.0
36                IRS         0       0.0    0.0
3             SMI-MID         0       0.0    0.0
27             CHFJPY         0       0.0    0.0
182            EURAUD         0       0.0    0.0
8       EU-DJ-TELECOM         0       0.0    0.0
32                NOK         0       0.0    0.0
188           ETHANOL         0       0.0    0.0
192           GAS-PEN        -1       1.0    0.0


=========================================================
         Overrides in database consider deleting         
=========================================================

                                                 override
NICKEL_LME             Override Close because in database
OATIES           Override Reduce only because in database
BB3M             Override Reduce only because in database
IBEX             Override Reduce only because in database
CRUDE_W_mini     Override Reduce only because in database
GICS             Override Reduce only because in database
LEAD_LME         Override Reduce only because in database
KRWUSD           Override Reduce only because in database
IBEX_mini        Override Reduce only because in database
BOVESPA          Override Reduce only because in database
VIX_mini         Override Reduce only because in database
FTSEINDO         Override Reduce only because in database
GAS_US_mini      Override Reduce only because in database
CHINAA-CON       Override Reduce only because in database
CAC              Override Reduce only because in database
FTSETAIWAN       Override Reduce only because in database
STEEL            Override Reduce only because in database
COAL-GEORDIE     Override Reduce only because in database
BRENT-LAST       Override Reduce only because in database
COAL             Override Reduce only because in database
GASOILINE_micro  Override Reduce only because in database
GAS-PEN          Override Reduce only because in database
INR              Override Reduce only because in database
GAS-LAST         Override Reduce only because in database
HANGENT_mini     Override Reduce only because in database
AEX              Override Reduce only because in database
AEX_mini         Override Reduce only because in database
SGX              Override Reduce only because in database
RICE             Override Reduce only because in database
FTSEVIET         Override Reduce only because in database

Locked instruments (position mismatch): []

==============================================
Status of adjusted price / FX price collection
==============================================

                         last_update
SGX              2024-10-07 23:00:00
TWD              2024-10-07 23:00:01
US-PROPERTY      2024-10-08 18:00:00
US-TECH          2024-10-08 20:00:00
US-FINANCE       2024-10-08 20:00:00
EURCAD           2024-10-10 23:00:00
CNH-onshore      2024-10-10 23:00:01
FTSECHINAH       2024-10-11 04:00:01
ETHANOL          2024-10-11 23:00:00
CANOLA*          2024-10-11 23:00:00
JGB              2024-10-11 23:00:00
SMI-MID          2024-10-11 23:00:00
CHFJPY           2024-10-11 23:00:00
JGB-mini         2024-10-11 23:00:00
JP-REALESTATE    2024-10-11 23:00:00
EUROSTX-LARGE    2024-10-11 23:00:00
MILKDRY          2024-10-11 23:00:00
MILKWET          2024-10-11 23:00:00
MSCIEMASIA       2024-10-11 23:00:00
CZK              2024-10-11 23:00:00
RUR              2024-10-11 23:00:00
OMX              2024-10-11 23:00:00
CLP              2024-10-11 23:00:00
CAD5             2024-10-11 23:00:00
CAD10            2024-10-11 23:00:00
PLN              2024-10-11 23:00:00
GBPCHF           2024-10-11 23:00:00
WHEY             2024-10-11 23:00:00
VNKI             2024-10-11 23:00:00
BB3M             2024-10-11 23:00:00
CAD2             2024-10-11 23:00:00
HOUSE-US         2024-10-11 23:00:00
BOVESPA          2024-10-11 23:00:00
COTTON           2024-10-11 23:00:00
FTSEVIET         2024-10-11 23:00:00
SWISSLEAD        2024-10-11 23:00:00
SUGAR16          2024-10-11 23:00:00
IRS              2024-10-11 23:00:00
TWD-mini         2024-10-11 23:00:00
SGD              2024-10-14 03:00:00
FTSEINDO         2024-10-14 04:00:00
JGB-SGX-mini     2024-10-14 04:00:00
IRON*            2024-10-14 04:00:00
HANGENT_mini     2024-10-14 04:00:00
MUMMY*           2024-10-14 04:00:00
HANGENT          2024-10-14 04:00:00
HANG             2024-10-14 04:00:00
HANG_mini        2024-10-14 04:00:00
HANGTECH         2024-10-14 04:00:00
SPI200           2024-10-14 04:00:00
SGD_mini         2024-10-14 04:00:00
RUBBER           2024-10-14 05:00:00
FTSETAIWAN*      2024-10-14 05:00:00
TOPIX*           2024-10-14 05:00:00
FTSECHINAA       2024-10-14 05:00:00
CHINAA-CON       2024-10-14 05:00:00
CNH              2024-10-14 05:00:00
KOSDAQ           2024-10-14 05:00:00
KOSPI_mini       2024-10-14 05:00:00
KR10*            2024-10-14 05:00:00
KR3              2024-10-14 05:00:00
KRWUSD_mini      2024-10-14 05:00:00
KOSPI            2024-10-14 05:00:00
NIKKEI400        2024-10-14 05:00:00
MSCISING*        2024-10-14 05:00:00
MSCITAIWAN*      2024-10-14 05:00:00
NIKKEI           2024-10-14 05:00:00
AEX_mini         2024-10-14 08:00:00
MSCIWORLD        2024-10-14 08:00:00
EUROSTX200-LARGE 2024-10-14 09:00:00
LEAD_LME         2024-10-14 11:00:00
NICKEL_LME       2024-10-14 11:00:00
EU-DJ-TELECOM    2024-10-14 13:00:00
EURIBOR          2024-10-14 13:00:00
EU-CONSTRUCTION  2024-10-14 13:00:00
HIGHYIELD        2024-10-14 14:00:00
KRWUSD           2024-10-14 14:30:00
FTSE100          2024-10-14 15:00:00
IBEX_mini        2024-10-14 15:00:00
SUGAR_WHITE      2024-10-14 15:00:00
IBEX             2024-10-14 15:00:00
FTSE250          2024-10-14 15:00:00
COCOA_LDN        2024-10-14 15:00:00
COPPER_LME       2024-10-14 15:00:00
CRUDE_ICE        2024-10-14 15:00:00
BRENT_W          2024-10-14 15:00:00
BONO             2024-10-14 15:00:00
GASOIL           2024-10-14 15:00:00
HEATOIL-ICE      2024-10-14 15:00:00
GASOILINE_ICE    2024-10-14 15:00:00
WHEAT_ICE        2024-10-14 15:00:00
ALUMINIUM_LME    2024-10-14 15:00:00
ZINC_LME         2024-10-14 15:00:00
GILT             2024-10-14 15:00:00
TIN_LME          2024-10-14 15:00:00
EUROSTX-SMALL    2024-10-14 15:00:00
EURIBOR-ICE      2024-10-14 15:00:00
CH10             2024-10-14 15:00:00
MSCIASIA         2024-10-14 15:00:00
MILLWHEAT        2024-10-14 15:00:00
COAL-GEORDIE     2024-10-14 15:00:00
EU-CHEM          2024-10-14 15:00:00
COAL             2024-10-14 15:00:00
MIB*             2024-10-14 15:00:00
EU-DJ-UTIL       2024-10-14 15:00:00
EU-FOOD          2024-10-14 15:00:00
GBPJPY           2024-10-14 15:00:00
EU-HOUSE         2024-10-14 15:00:00
SONIA3           2024-10-14 15:00:00
EU-INSURE        2024-10-14 15:00:00
EU-OIL           2024-10-14 15:00:00
EPRA-EUROPE      2024-10-14 15:00:00
EU-RETAIL        2024-10-14 15:00:00
ROBUSTA          2024-10-14 15:00:00
EUA              2024-10-14 15:00:00
SARONA           2024-10-14 15:00:00
EU-MEDIA         2024-10-14 15:00:00
OAT              2024-10-14 16:00:00
V2X              2024-10-14 16:00:00
IG               2024-10-14 16:00:00
SHATZ            2024-10-14 16:00:00
SMI              2024-10-14 16:00:00
GICS             2024-10-14 16:00:00
AEX              2024-10-14 16:00:00
EU-AUTO*         2024-10-14 16:00:00
BOBL             2024-10-14 16:00:00
BTP              2024-10-14 16:00:00
EU-UTILS         2024-10-14 16:00:00
EU-TRAVEL        2024-10-14 16:00:00
EU-TECH          2024-10-14 16:00:00
EU-REALESTATE    2024-10-14 16:00:00
EU-MID           2024-10-14 16:00:00
EU-HEALTH        2024-10-14 16:00:00
EU-DJ-TECH       2024-10-14 16:00:00
DAX              2024-10-14 16:00:00
DJSTX-SMALL      2024-10-14 16:00:00
EU-DJ-OIL        2024-10-14 16:00:00
EU-DIV30         2024-10-14 16:00:00
EU-BASIC         2024-10-14 16:00:00
EU-BANKS         2024-10-14 16:00:00
EURO600          2024-10-14 16:00:00
EUROSTX          2024-10-14 16:00:00
BTP3             2024-10-14 16:00:00
BUND             2024-10-14 16:00:00
CAC              2024-10-14 16:00:00
BUXL             2024-10-14 16:00:00
GASOILINE_micro  2024-10-14 16:00:00
ETHER-micro      2024-10-14 17:00:00
STEEL            2024-10-14 17:00:00
GAS-PEN*         2024-10-14 17:00:00
SUGAR11*         2024-10-14 17:00:00
COCOA            2024-10-14 18:00:00
MILK             2024-10-14 18:00:00
COFFEE           2024-10-14 18:00:00
BBCOMM           2024-10-14 18:00:00
OJ               2024-10-14 18:00:00
REDWHEAT         2024-10-14 19:00:00
RICE             2024-10-14 19:00:00
SEK              2024-10-14 19:00:00
CORN*            2024-10-14 19:00:00
CORN_mini        2024-10-14 19:00:00
CRUDE_W_micro*   2024-10-14 19:00:00
OATIES           2024-10-14 19:00:00
SOYOIL           2024-10-14 19:00:00
SOYMEAL*         2024-10-14 19:00:00
US-MATERIAL      2024-10-14 19:00:00
COTTON2*         2024-10-14 19:00:00
US-DISCRETE      2024-10-14 19:00:00
SOYBEAN_mini     2024-10-14 19:00:00
ALUMINIUM        2024-10-14 19:00:00
US-UTILS         2024-10-14 19:00:00
SOYBEAN          2024-10-14 19:00:00
FANG             2024-10-14 19:00:00
LIVECOW*         2024-10-14 19:00:00
WHEAT            2024-10-14 19:00:00
EURCHF           2024-10-14 19:00:00
LEANHOG*         2024-10-14 19:00:00
FEEDCOW          2024-10-14 19:00:00
EURAUD           2024-10-14 19:00:00
WHEAT_mini       2024-10-14 19:00:00
AUDJPY           2024-10-14 19:00:00
US-STAPLES       2024-10-14 20:00:00
VIX_mini         2024-10-14 20:00:00
AUD_micro        2024-10-14 20:00:00
YENEUR*          2024-10-14 20:00:00
CAD              2024-10-14 20:00:00
SP500_micro      2024-10-14 20:00:00
SP500            2024-10-14 20:00:00
SP400            2024-10-14 20:00:00
ZAR              2024-10-14 20:00:00
AUD              2024-10-14 20:00:00
BUTTER           2024-10-14 20:00:00
US5              2024-10-14 20:00:00
BITCOIN          2024-10-14 20:00:00
US30             2024-10-14 20:00:00
US3              2024-10-14 20:00:00
BRENT-LAST       2024-10-14 20:00:00
US20             2024-10-14 20:00:00
US2              2024-10-14 20:00:00
US10U            2024-10-14 20:00:00
US-ENERGY        2024-10-14 20:00:00
BRE              2024-10-14 20:00:00
US10             2024-10-14 20:00:00
US-HEALTH        2024-10-14 20:00:00
US-INDUSTRY      2024-10-14 20:00:00
US-REALESTATE    2024-10-14 20:00:00
VIX*             2024-10-14 20:00:00
GBPEUR           2024-10-14 20:00:00
RUSSELL          2024-10-14 20:00:00
SOFR             2024-10-14 20:00:00
MSCIEAFA*        2024-10-14 20:00:00
LUMBER-new       2024-10-14 20:00:00
EUR              2024-10-14 20:00:00
CAD_micro        2024-10-14 20:00:00
JPY              2024-10-14 20:00:00
EUR_micro        2024-10-14 20:00:00
EUR_mini         2024-10-14 20:00:00
INR              2024-10-14 20:00:00
ETHEREUM         2024-10-14 20:00:00
FED              2024-10-14 20:00:00
GASOILINE        2024-10-14 20:00:00
HEATOIL          2024-10-14 20:00:00
GAS_US           2024-10-14 20:00:00
GAS_US_mini      2024-10-14 20:00:00
GBP              2024-10-14 20:00:00
GOLD_micro       2024-10-14 20:00:00
GOLD-mini        2024-10-14 20:00:00
GOLD             2024-10-14 20:00:00
GAS-LAST         2024-10-14 20:00:00
DX               2024-10-14 20:00:00
JPY_mini         2024-10-14 20:00:00
DOW*             2024-10-14 20:00:00
CHEESE           2024-10-14 20:00:00
CHF              2024-10-14 20:00:00
SILVER*          2024-10-14 20:00:00
CHF_micro        2024-10-14 20:00:00
DOW_mini         2024-10-14 20:00:00
COPPER-micro     2024-10-14 20:00:00
RUSSELL_mini     2024-10-14 20:00:00
GBP_micro        2024-10-14 20:00:00
COPPER-mini      2024-10-14 20:00:00
COPPER           2024-10-14 20:00:00
PLAT             2024-10-14 20:00:00
PALLAD           2024-10-14 20:00:00
CRUDE_W          2024-10-14 20:00:00
NZD              2024-10-14 20:00:00
NOK              2024-10-14 20:00:00
CRUDE_W_mini     2024-10-14 20:00:00
NASDAQ_micro     2024-10-14 20:00:00
NASDAQ           2024-10-14 20:00:00
MXP              2024-10-14 20:00:00
R1000            2024-10-14 20:00:00
JPYUSD           2024-10-14 23:00:00
CNHUSD           2024-10-14 23:00:00
AUDUSD           2024-10-14 23:00:00
KRWUSD           2024-10-14 23:00:00
CHFUSD           2024-10-14 23:00:00
HKDUSD           2024-10-14 23:00:00
MXPUSD           2024-10-14 23:00:00
SGDUSD           2024-10-14 23:00:00
GBPUSD           2024-10-14 23:00:00
CADUSD           2024-10-14 23:00:00
EURUSD           2024-10-14 23:00:00
SEKUSD           2024-10-14 23:00:00


============================================================
           Status of optimal position generation            
============================================================

                                                 last_update
dynamic_TF_carry/US3              2024-10-14 22:31:24.660954
dynamic_TF_carry/TWD              2024-10-14 22:31:24.661177
dynamic_TF_carry/SP400            2024-10-14 22:31:24.661392
dynamic_TF_carry/LIVECOW          2024-10-14 22:31:24.661804
dynamic_TF_carry/KRWUSD           2024-10-14 22:31:24.662008
dynamic_TF_carry/LEANHOG          2024-10-14 22:31:24.662212
dynamic_TF_carry/EURIBOR-ICE      2024-10-14 22:31:24.662415
dynamic_TF_carry/AUD_micro        2024-10-14 22:31:24.662617
dynamic_TF_carry/KRWUSD_mini      2024-10-14 22:31:24.662820
dynamic_TF_carry/MIB              2024-10-14 22:31:24.663022
dynamic_TF_carry/MILKDRY          2024-10-14 22:31:24.663224
dynamic_TF_carry/FTSEINDO         2024-10-14 22:31:24.663425
dynamic_TF_carry/COAL             2024-10-14 22:31:24.663827
dynamic_TF_carry/SGX              2024-10-14 22:31:24.664030
dynamic_TF_carry/ALUMINIUM        2024-10-14 22:31:24.664232
dynamic_TF_carry/MILLWHEAT        2024-10-14 22:31:24.664435
dynamic_TF_carry/EU-DIV30         2024-10-14 22:31:24.664639
dynamic_TF_carry/KOSDAQ           2024-10-14 22:31:24.664842
dynamic_TF_carry/GASOIL           2024-10-14 22:31:24.665044
dynamic_TF_carry/CAD10            2024-10-14 22:31:24.665246
dynamic_TF_carry/NICKEL_LME       2024-10-14 22:31:24.665451
dynamic_TF_carry/KOSPI_mini       2024-10-14 22:31:24.665654
dynamic_TF_carry/EU-AUTO          2024-10-14 22:31:24.665857
dynamic_TF_carry/RUBBER           2024-10-14 22:31:24.666059
dynamic_TF_carry/BTP3             2024-10-14 22:31:24.666262
dynamic_TF_carry/CHINAA-CON       2024-10-14 22:31:24.666464
dynamic_TF_carry/CHF              2024-10-14 22:31:24.666868
dynamic_TF_carry/NIKKEI           2024-10-14 22:31:24.667070
dynamic_TF_carry/SOYBEAN_mini     2024-10-14 22:31:24.667272
dynamic_TF_carry/EUROSTX-SMALL    2024-10-14 22:31:24.667474
dynamic_TF_carry/GOLD_micro       2024-10-14 22:31:24.667674
dynamic_TF_carry/CORN             2024-10-14 22:31:24.667876
dynamic_TF_carry/KOSPI            2024-10-14 22:31:24.668078
dynamic_TF_carry/SOYOIL           2024-10-14 22:31:24.668278
dynamic_TF_carry/FEEDCOW          2024-10-14 22:31:24.668480
dynamic_TF_carry/CLP              2024-10-14 22:31:24.668682
dynamic_TF_carry/YENEUR           2024-10-14 22:31:24.668883
dynamic_TF_carry/COTTON           2024-10-14 22:31:24.669084
dynamic_TF_carry/COPPER-micro     2024-10-14 22:31:24.669286
dynamic_TF_carry/SEK              2024-10-14 22:31:24.669490
dynamic_TF_carry/DJSTX-SMALL      2024-10-14 22:31:24.669692
dynamic_TF_carry/SOYMEAL          2024-10-14 22:31:24.669893
dynamic_TF_carry/HOUSE-US         2024-10-14 22:31:24.670095
dynamic_TF_carry/FANG             2024-10-14 22:31:24.670297
dynamic_TF_carry/SUGAR16          2024-10-14 22:31:24.670499
dynamic_TF_carry/IG               2024-10-14 22:31:24.670701
dynamic_TF_carry/CNH              2024-10-14 22:31:24.670902
dynamic_TF_carry/COCOA_LDN        2024-10-14 22:31:24.671104
dynamic_TF_carry/ETHEREUM         2024-10-14 22:31:24.671306
dynamic_TF_carry/WHEAT            2024-10-14 22:31:24.671508
dynamic_TF_carry/FTSE100          2024-10-14 22:31:24.671710
dynamic_TF_carry/EU-TECH          2024-10-14 22:31:24.671910
dynamic_TF_carry/MSCITAIWAN       2024-10-14 22:31:24.672111
dynamic_TF_carry/AUDJPY           2024-10-14 22:31:24.672312
dynamic_TF_carry/US5              2024-10-14 22:31:24.672513
dynamic_TF_carry/ZAR              2024-10-14 22:31:24.672713
dynamic_TF_carry/COTTON2          2024-10-14 22:31:24.672914
dynamic_TF_carry/AEX              2024-10-14 22:31:24.673115
dynamic_TF_carry/US30             2024-10-14 22:31:24.673316
dynamic_TF_carry/MSCIEAFA         2024-10-14 22:31:24.673520
dynamic_TF_carry/EUROSTX          2024-10-14 22:31:24.673722
dynamic_TF_carry/NZD              2024-10-14 22:31:24.673922
dynamic_TF_carry/EUA              2024-10-14 22:31:24.674124
dynamic_TF_carry/DX               2024-10-14 22:31:24.674326
dynamic_TF_carry/CAC              2024-10-14 22:31:24.674528
dynamic_TF_carry/CHEESE           2024-10-14 22:31:24.674728
dynamic_TF_carry/SARONA           2024-10-14 22:31:24.674930
dynamic_TF_carry/MSCIWORLD        2024-10-14 22:31:24.675133
dynamic_TF_carry/SOFR             2024-10-14 22:31:24.675335
dynamic_TF_carry/IRON             2024-10-14 22:31:24.675537
dynamic_TF_carry/CRUDE_W_micro    2024-10-14 22:31:24.675739
dynamic_TF_carry/BOBL             2024-10-14 22:31:24.675941
dynamic_TF_carry/EU-MEDIA         2024-10-14 22:31:24.676143
dynamic_TF_carry/PLN              2024-10-14 22:31:24.676344
dynamic_TF_carry/GAS-LAST         2024-10-14 22:31:24.676545
dynamic_TF_carry/OAT              2024-10-14 22:31:24.676747
dynamic_TF_carry/CZK              2024-10-14 22:31:24.676948
dynamic_TF_carry/EUROSTX200-LARGE 2024-10-14 22:31:24.677150
dynamic_TF_carry/EU-CHEM          2024-10-14 22:31:24.677361
dynamic_TF_carry/CAD2             2024-10-14 22:31:24.677565
dynamic_TF_carry/EURCHF           2024-10-14 22:31:24.677768
dynamic_TF_carry/DOW              2024-10-14 22:31:24.677970
dynamic_TF_carry/EU-CONSTRUCTION  2024-10-14 22:31:24.678172
dynamic_TF_carry/RUR              2024-10-14 22:31:24.678373
dynamic_TF_carry/LUMBER-new       2024-10-14 22:31:24.678575
dynamic_TF_carry/US-ENERGY        2024-10-14 22:31:24.678776
dynamic_TF_carry/EU-FOOD          2024-10-14 22:31:24.678978
dynamic_TF_carry/GBPEUR           2024-10-14 22:31:24.679181
dynamic_TF_carry/GBPCHF           2024-10-14 22:31:24.679383
dynamic_TF_carry/AUD              2024-10-14 22:31:24.679583
dynamic_TF_carry/EU-DJ-UTIL       2024-10-14 22:31:24.679785
dynamic_TF_carry/OJ               2024-10-14 22:31:24.679991
dynamic_TF_carry/IRS              2024-10-14 22:31:24.680194
dynamic_TF_carry/BBCOMM           2024-10-14 22:31:24.680397
dynamic_TF_carry/ROBUSTA          2024-10-14 22:31:24.680600
dynamic_TF_carry/RUSSELL          2024-10-14 22:31:24.680802
dynamic_TF_carry/NASDAQ_micro     2024-10-14 22:31:24.681006
dynamic_TF_carry/SMI-MID          2024-10-14 22:31:24.681416
dynamic_TF_carry/SUGAR11          2024-10-14 22:31:24.681621
dynamic_TF_carry/TOPIX            2024-10-14 22:31:24.681824
dynamic_TF_carry/IBEX_mini        2024-10-14 22:31:24.682027
dynamic_TF_carry/JGB-SGX-mini     2024-10-14 22:31:24.682230
dynamic_TF_carry/CRUDE_W_mini     2024-10-14 22:31:24.682432
dynamic_TF_carry/US-PROPERTY      2024-10-14 22:31:24.682636
dynamic_TF_carry/MSCISING         2024-10-14 22:31:24.682838
dynamic_TF_carry/ZINC_LME         2024-10-14 22:31:24.683040
dynamic_TF_carry/KR3              2024-10-14 22:31:24.683243
dynamic_TF_carry/EU-RETAIL        2024-10-14 22:31:24.683446
dynamic_TF_carry/SOYBEAN          2024-10-14 22:31:24.683649
dynamic_TF_carry/CRUDE_ICE        2024-10-14 22:31:24.683851
dynamic_TF_carry/MXP              2024-10-14 22:31:24.684053
dynamic_TF_carry/BITCOIN          2024-10-14 22:31:24.684256
dynamic_TF_carry/US-MATERIAL      2024-10-14 22:31:24.684459
dynamic_TF_carry/NOK              2024-10-14 22:31:24.684661
dynamic_TF_carry/V2X              2024-10-14 22:31:24.684863
dynamic_TF_carry/GBP              2024-10-14 22:31:24.685066
dynamic_TF_carry/DAX              2024-10-14 22:31:24.685269
dynamic_TF_carry/COCOA            2024-10-14 22:31:24.685474
dynamic_TF_carry/US-FINANCE       2024-10-14 22:31:24.685676
dynamic_TF_carry/GAS-PEN          2024-10-14 22:31:24.686081
dynamic_TF_carry/EPRA-EUROPE      2024-10-14 22:31:24.686283
dynamic_TF_carry/INR              2024-10-14 22:31:24.686486
dynamic_TF_carry/PALLAD           2024-10-14 22:31:24.686688
dynamic_TF_carry/US-DISCRETE      2024-10-14 22:31:24.686891
dynamic_TF_carry/JPY              2024-10-14 22:31:24.687093
dynamic_TF_carry/US10             2024-10-14 22:31:24.687297
dynamic_TF_carry/SUGAR_WHITE      2024-10-14 22:31:24.687500
dynamic_TF_carry/GAS_US_mini      2024-10-14 22:31:24.687703
dynamic_TF_carry/HEATOIL          2024-10-14 22:31:24.687906
dynamic_TF_carry/SHATZ            2024-10-14 22:31:24.688109
dynamic_TF_carry/FED              2024-10-14 22:31:24.688310
dynamic_TF_carry/BONO             2024-10-14 22:31:24.688512
dynamic_TF_carry/JP-REALESTATE    2024-10-14 22:31:24.688714
dynamic_TF_carry/BUND             2024-10-14 22:31:24.688915
dynamic_TF_carry/TIN_LME          2024-10-14 22:31:24.689116
dynamic_TF_carry/GILT             2024-10-14 22:31:24.689318
dynamic_TF_carry/US2              2024-10-14 22:31:24.689522
dynamic_TF_carry/FTSECHINAH       2024-10-14 22:31:24.689723
dynamic_TF_carry/STEEL            2024-10-14 22:31:24.689926
dynamic_TF_carry/US-HEALTH        2024-10-14 22:31:24.690127
dynamic_TF_carry/MILKWET          2024-10-14 22:31:24.690329
dynamic_TF_carry/CAD              2024-10-14 22:31:24.690529
dynamic_TF_carry/EU-UTILS         2024-10-14 22:31:24.690731
dynamic_TF_carry/COPPER           2024-10-14 22:31:24.690931
dynamic_TF_carry/SPI200           2024-10-14 22:31:24.691133
dynamic_TF_carry/VIX              2024-10-14 22:31:24.691334
dynamic_TF_carry/MSCIASIA         2024-10-14 22:31:24.691537
dynamic_TF_carry/EU-BASIC         2024-10-14 22:31:24.691739
dynamic_TF_carry/COFFEE           2024-10-14 22:31:24.691940
dynamic_TF_carry/OMX              2024-10-14 22:31:24.692144
dynamic_TF_carry/MSCIEMASIA       2024-10-14 22:31:24.692345
dynamic_TF_carry/EU-HOUSE         2024-10-14 22:31:24.692546
dynamic_TF_carry/US10U            2024-10-14 22:31:24.692748
dynamic_TF_carry/EU-TRAVEL        2024-10-14 22:31:24.692950
dynamic_TF_carry/SGD              2024-10-14 22:31:24.693152
dynamic_TF_carry/GASOILINE        2024-10-14 22:31:24.693356
dynamic_TF_carry/US-TECH          2024-10-14 22:31:24.693558
dynamic_TF_carry/BUTTER           2024-10-14 22:31:24.693761
dynamic_TF_carry/RICE             2024-10-14 22:31:24.693963
dynamic_TF_carry/WHEAT_ICE        2024-10-14 22:31:24.694165
dynamic_TF_carry/EU-REALESTATE    2024-10-14 22:31:24.694366
dynamic_TF_carry/GICS             2024-10-14 22:31:24.694569
dynamic_TF_carry/FTSETAIWAN       2024-10-14 22:31:24.694771
dynamic_TF_carry/SONIA3           2024-10-14 22:31:24.694974
dynamic_TF_carry/VNKI             2024-10-14 22:31:24.695376
dynamic_TF_carry/BRENT_W          2024-10-14 22:31:24.695577
dynamic_TF_carry/MILK             2024-10-14 22:31:24.695778
dynamic_TF_carry/CH10             2024-10-14 22:31:24.695980
dynamic_TF_carry/BRE              2024-10-14 22:31:24.696183
dynamic_TF_carry/US-UTILS         2024-10-14 22:31:24.696387
dynamic_TF_carry/EURCAD           2024-10-14 22:31:24.696590
dynamic_TF_carry/FTSE250          2024-10-14 22:31:24.696793
dynamic_TF_carry/BRENT-LAST       2024-10-14 22:31:24.696995
dynamic_TF_carry/JGB              2024-10-14 22:31:24.697197
dynamic_TF_carry/HANGTECH         2024-10-14 22:31:24.697402
dynamic_TF_carry/HANGENT_mini     2024-10-14 22:31:24.697605
dynamic_TF_carry/EUROSTX-LARGE    2024-10-14 22:31:24.697806
dynamic_TF_carry/US-INDUSTRY      2024-10-14 22:31:24.698008
dynamic_TF_carry/EU-OIL           2024-10-14 22:31:24.698212
dynamic_TF_carry/US-REALESTATE    2024-10-14 22:31:24.698415
dynamic_TF_carry/BB3M             2024-10-14 22:31:24.698668
dynamic_TF_carry/ETHANOL          2024-10-14 22:31:24.698872
dynamic_TF_carry/LEAD_LME         2024-10-14 22:31:24.699074
dynamic_TF_carry/HANG_mini        2024-10-14 22:31:24.699276
dynamic_TF_carry/COPPER_LME       2024-10-14 22:31:24.699479
dynamic_TF_carry/NIKKEI400        2024-10-14 22:31:24.699681
dynamic_TF_carry/EURAUD           2024-10-14 22:31:24.699884
dynamic_TF_carry/CAD5             2024-10-14 22:31:24.700087
dynamic_TF_carry/SILVER           2024-10-14 22:31:24.700289
dynamic_TF_carry/REDWHEAT         2024-10-14 22:31:24.700492
dynamic_TF_carry/EURO600          2024-10-14 22:31:24.700694
dynamic_TF_carry/BUXL             2024-10-14 22:31:24.700897
dynamic_TF_carry/US20             2024-10-14 22:31:24.701100
dynamic_TF_carry/R1000            2024-10-14 22:31:24.701510
dynamic_TF_carry/BOVESPA          2024-10-14 22:31:24.701714
dynamic_TF_carry/GBPJPY           2024-10-14 22:31:24.701919
dynamic_TF_carry/SP500_micro      2024-10-14 22:31:24.702123
dynamic_TF_carry/US-STAPLES       2024-10-14 22:31:24.702326
dynamic_TF_carry/SWISSLEAD        2024-10-14 22:31:24.702528
dynamic_TF_carry/CHFJPY           2024-10-14 22:31:24.702731
dynamic_TF_carry/EU-MID           2024-10-14 22:31:24.702934
dynamic_TF_carry/HIGHYIELD        2024-10-14 22:31:24.703136
dynamic_TF_carry/OATIES           2024-10-14 22:31:24.703338
dynamic_TF_carry/MUMMY            2024-10-14 22:31:24.703542
dynamic_TF_carry/EUR_micro        2024-10-14 22:31:24.703745
dynamic_TF_carry/KR10             2024-10-14 22:31:24.703948
dynamic_TF_carry/EU-INSURE        2024-10-14 22:31:24.704151
dynamic_TF_carry/EU-DJ-TELECOM    2024-10-14 22:31:24.704355
dynamic_TF_carry/BTP              2024-10-14 22:31:24.704573
dynamic_TF_carry/EURIBOR          2024-10-14 22:31:24.704779
dynamic_TF_carry/EU-HEALTH        2024-10-14 22:31:24.704982
dynamic_TF_carry/SMI              2024-10-14 22:31:24.705186
dynamic_TF_carry/WHEY             2024-10-14 22:31:24.705392
dynamic_TF_carry/EUR              2024-10-14 22:31:24.705596
dynamic_TF_carry/FTSEVIET         2024-10-14 22:31:24.705798
dynamic_TF_carry/PLAT             2024-10-14 22:31:24.706000
dynamic_TF_carry/FTSECHINAA       2024-10-14 22:31:24.706202
dynamic_TF_carry/COAL-GEORDIE     2024-10-14 22:31:24.706406
dynamic_TF_carry/EU-BANKS         2024-10-14 22:31:24.706607
dynamic_TF_carry/CANOLA           2024-10-14 22:31:24.706810


======================================================================================================================
                                                Status of trade limits                                                
======================================================================================================================

                   period_days  trade_limit  trades_since_last_reset  trade_capacity_remaining   time_since_last_reset
 VIX                        30            5                      2.0                       3.0 21 days 07:55:12.068273
 JPY                        14            4                      1.0                       3.0 11 days 07:55:55.488045
 CORN                        1            4                      0.0                       4.0  0 days 00:00:00.000006
 EU-MID                      1            4                      0.0                       4.0  0 days 00:00:00.000004
 EU-MEDIA                    1            4                      0.0                       4.0  0 days 00:00:00.000003
 EU-HOUSE                    1            4                      0.0                       4.0  0 days 00:00:00.000004
 EU-DJ-UTIL                  1            4                      0.0                       4.0  0 days 00:00:00.000003
 EU-DJ-TELECOM               1            4                      0.0                       4.0  0 days 00:00:00.000003
 EU-DJ-TECH                  1            4                      0.0                       4.0  0 days 00:00:00.000004
 EU-DJ-OIL                   1            4                      0.0                       4.0  0 days 00:00:00.000003
 EU-CONSTRUCTION             1            4                      0.0                       4.0  0 days 00:00:00.000003
 ETHANOL                     1            4                      0.0                       4.0  0 days 00:00:00.000003
 CZK                         1            4                      0.0                       4.0  0 days 00:00:00.000004
 COPPER-mini                 1            4                      0.0                       4.0  0 days 00:00:00.000004
 CNH-onshore                 1            4                      0.0                       4.0  0 days 00:00:00.000003
 CLP                         1            4                      0.0                       4.0  0 days 00:00:00.000004
 CH10                        1            4                      0.0                       4.0  0 days 00:00:00.000003
 BUTTER                      1            4                      0.0                       4.0  0 days 00:00:00.000004
 BOVESPA                     1            4                      0.0                       4.0  0 days 00:00:00.000003
 BEL20                       1            4                      0.0                       4.0  0 days 00:00:00.000004
 ALUMINIUM                   1            4                      0.0                       4.0  0 days 00:00:00.000003
 COTTON                      1            4                      0.0                       4.0  0 days 00:00:00.000003
 EU-REALESTATE               1            4                      0.0                       4.0  0 days 00:00:00.000003
 EURCHF                      1            4                      0.0                       4.0  0 days 00:00:00.000003
 EURIBOR                     1            4                      0.0                       4.0  0 days 00:00:00.000004
 US-INDUSTRY                 1            4                      0.0                       4.0  0 days 00:00:00.000004
 US-HEALTH                   1            4                      0.0                       4.0  0 days 00:00:00.000003
 US-FINANCE                  1            4                      0.0                       4.0  0 days 00:00:00.000003
 US-ENERGY                   1            4                      0.0                       4.0  0 days 00:00:00.000003
 US-DISCRETE                 1            4                      0.0                       4.0  0 days 00:00:00.000004
 SMI-MID                     1            4                      0.0                       4.0  0 days 00:00:00.000004
 SGX                         1            4                      0.0                       4.0  0 days 00:00:00.000003
 SGD                         1            4                      0.0                       4.0  0 days 00:00:00.000004
 OMX                         1            4                      0.0                       4.0  0 days 00:00:00.000003
 YENEUR                     30            4                      0.0                       4.0  6 days 07:55:49.341991
 MSCIASIA                    1            4                      0.0                       4.0  0 days 00:00:00.000004
 MILKDRY                     1            4                      0.0                       4.0  0 days 00:00:00.000003
 MID-DAX                     1            4                      0.0                       4.0  0 days 00:00:00.000004
 JP-REALESTATE               1            4                      0.0                       4.0  0 days 00:00:00.000003
 JGB-SGX-mini                1            4                      0.0                       4.0  0 days 00:00:00.000003
 IRS                         1            4                      0.0                       4.0  0 days 00:00:00.000003
 FTSEINDO                    1            4                      0.0                       4.0  0 days 00:00:00.000003
 EUROSTX200-LARGE            1            4                      0.0                       4.0  0 days 00:00:00.000004
 EUROSTX-SMALL               1            4                      0.0                       4.0  0 days 00:00:00.000004
 EUROSTX-LARGE               1            4                      0.0                       4.0  0 days 00:00:00.000003
 MILKWET                     1            4                      0.0                       4.0  0 days 00:00:00.000003
 US30                       30            4                      0.0                       4.0  0 days 00:00:00.000003
 US3                        30            4                      0.0                       4.0  0 days 00:00:00.000003
 US10U                      30            4                      0.0                       4.0  0 days 00:00:00.000004
 KRWUSD                     14            4                      0.0                       4.0  0 days 00:00:00.000003
 JGB                        14            4                      0.0                       4.0  0 days 00:00:00.000003
 HEATOIL                    14            4                      0.0                       4.0  0 days 00:00:00.000004
 GBPEUR                     14            4                      0.0                       4.0  0 days 00:00:00.000003
 GAS-LAST                   14            4                      0.0                       4.0  0 days 00:00:00.000004
 FTSETAIWAN                 14            4                      0.0                       4.0  3 days 20:55:30.368061
 EU-TECH                    14            4                      0.0                       4.0  0 days 00:00:00.000003
 EU-CHEM                    14            4                      0.0                       4.0  0 days 00:00:00.000003
 ETHEREUM                   14            4                      0.0                       4.0  0 days 00:00:00.000004
 ZAR                         1            4                      0.0                       4.0  0 days 00:00:00.000003
 CNH                        14            4                      0.0                       4.0  0 days 00:00:00.000003
 BTP3                       14            4                      0.0                       4.0  0 days 00:00:00.000004
 BRENT-LAST                 14            4                      0.0                       4.0  0 days 00:00:00.000003
 BONO                       14            4                      0.0                       4.0  0 days 00:00:00.000003
 YENEUR                      1            4                      0.0                       4.0  0 days 00:00:00.000003
 US3                         1            4                      0.0                       4.0  0 days 00:00:00.000004
 US10U                       1            4                      0.0                       4.0  0 days 00:00:00.000003
 US-REALESTATE               1            4                      0.0                       4.0  0 days 00:00:00.000004
 TOPIX                       1            4                      0.0                       4.0  0 days 00:00:00.000003
 SP400                       1            4                      0.0                       4.0  0 days 00:00:00.000004
 BUXL                       14            4                      0.0                       4.0  0 days 00:00:00.000003
 US-MATERIAL                 1            4                      0.0                       4.0  0 days 00:00:00.000003
 NOK                        14            4                      0.0                       4.0  0 days 00:00:00.000003
 REDWHEAT                   14            4                      0.0                       4.0  0 days 00:00:00.000004
 SP400                      30            4                      0.0                       4.0  0 days 00:00:00.000004
 SEK                        30            4                      0.0                       4.0  0 days 00:00:00.000004
 NOK                        30            4                      0.0                       4.0  0 days 00:00:00.000004
 JGB                        30            4                      0.0                       4.0  0 days 00:00:00.000003
 HEATOIL                    30            4                      0.0                       4.0  0 days 00:00:00.000003
 GBPEUR                     30            4                      0.0                       4.0  0 days 00:00:00.000003
 GASOILINE                  30            4                      0.0                       4.0  0 days 00:00:00.000004
 GAS-LAST                   30            4                      0.0                       4.0  0 days 00:00:00.000003
