
********************************************************************************
                   Status report produced on 11/05/2026 22:57                   
********************************************************************************


Delayed methods: No delays

===============================
 Delayed adjusted / FX prices  
===============================

                    last_update
SGX         2026-03-02 23:00:02
KRWUSD      2026-04-27 23:00:00
CNH-onshore 2026-05-04 23:00:00


===============================================
           Delayed optimal positions           
===============================================

                                    last_update
dynamic_TF_carry/SGX 2024-12-02 22:31:28.544775

Instruments at trade limit: No constraints

================================================
         Instruments at position limit          
================================================

                 keys  position pos_limit  spare
0           AUD_micro         5       5.0    0.0
67             GBPJPY         0       0.0    0.0
65           ETHEREUM         0       0.0    0.0
162            AUDJPY         0       0.0    0.0
63               WHEY         0       0.0    0.0
163          TWD-mini         0       0.0    0.0
61              STEEL         0       0.0    0.0
60           AEX_mini         0       0.0    0.0
165            NASDAQ         0       0.0    0.0
69    GASOILINE_micro         0       0.0    0.0
57             PALLAD         0       0.0    0.0
169               CZK         0       0.0    0.0
171              VNKI         0       0.0    0.0
173             SP400         0       0.0    0.0
52          HIGHYIELD         0       0.0    0.0
180               MIB         1       1.0    0.0
49               GICS         0       0.0    0.0
184         EU-RETAIL         0       0.0    0.0
47            SMI-MID         0       0.0    0.0
111               IRS         0       0.0    0.0
70                 IG         0       0.0    0.0
74           JGB-mini         0       0.0    0.0
77           JPY_mini         0       0.0    0.0
116            BUTTER         0       0.0    0.0
121            EURAUD         0       0.0    0.0
105               SGX         0       0.0    0.0
125              COAL         0       0.0    0.0
127           MILKWET         0       0.0    0.0
129     EU-DJ-TELECOM         0       0.0    0.0
131      COAL-GEORDIE         0       0.0    0.0
96           HOUSE-US         0       0.0    0.0
137               JGB         0       0.0    0.0
139  EUROSTX200-LARGE         0       0.0    0.0
91             CHFJPY         0       0.0    0.0
90            TIN_LME         0       0.0    0.0
89             EURCHF         0       0.0    0.0
86             COTTON         0       0.0    0.0
85           SGD_mini         0       0.0    0.0
143       COPPER-mini         0       0.0    0.0
83            MILKDRY         0       0.0    0.0
145       HEATOIL-ICE         0       0.0    0.0
80        CNH-onshore         0       0.0    0.0
46    EU-CONSTRUCTION         0       0.0    0.0
190        MSCIEMASIA         1       1.0    0.0
115         GASOILINE         1       1.0    0.0
233               SEK         0       0.0    0.0
224       EPRA-EUROPE         0       0.0    0.0
226            EURCAD         0       0.0    0.0
228             R1000         0       0.0    0.0
22          SWISSLEAD         0       0.0    0.0
218               CLP         0       0.0    0.0
231         CHF_micro         0       0.0    0.0
12           EU-HOUSE         0       0.0    0.0
25                TWD         0       0.0    0.0
232     EUROSTX-LARGE         0       0.0    0.0
10               CH10         0       0.0    0.0
222        COPPER_LME         0       0.0    0.0
8             BOVESPA         0       0.0    0.0
193               PLN         0       0.0    0.0
235           EU-CHEM         0       0.0    0.0
242            KRWUSD         0       0.0    0.0
40                NOK         0       0.0    0.0
237               OMX         0       0.0    0.0
198        EU-DJ-TECH         0       0.0    0.0
7           EU-TRAVEL         0       0.0    0.0
38           EU-MEDIA         0       0.0    0.0


=========================================================
         Overrides in database consider deleting         
=========================================================

                                                 override
NICKEL_LME             Override Close because in database
MILKDRY          Override Reduce only because in database
GOLD-mini        Override Reduce only because in database
VIX_mini         Override Reduce only because in database
GAS_US_mini      Override Reduce only because in database
OATIES           Override Reduce only because in database
IBEX             Override Reduce only because in database
GICS             Override Reduce only because in database
STEEL            Override Reduce only because in database
IBEX_mini        Override Reduce only because in database
SGD              Override Reduce only because in database
CNH-onshore      Override Reduce only because in database
TWD-mini         Override Reduce only because in database
CHINAA-CON       Override Reduce only because in database
CRUDE_W_mini     Override Reduce only because in database
COAL             Override Reduce only because in database
GASOILINE_micro  Override Reduce only because in database
KRWUSD           Override Reduce only because in database
AEX              Override Reduce only because in database
AEX_mini         Override Reduce only because in database
SPI200           Override Reduce only because in database
FTSEINDO         Override Reduce only because in database
FTSECHINAA       Override Reduce only because in database
FTSE100          Override Reduce only because in database
FTSETAIWAN       Override Reduce only because in database
HOUSE-US         Override Reduce only because in database
DX               Override Reduce only because in database
INR              Override Reduce only because in database
SGX              Override Reduce only because in database
FTSEVIET         Override Reduce only because in database

Locked instruments (position mismatch): []

==============================================
Status of adjusted price / FX price collection
==============================================

                         last_update
SGX              2026-03-02 23:00:02
KRWUSD           2026-04-27 23:00:00
CNH-onshore      2026-05-04 23:00:00
GASOILINE_micro  2026-05-08 23:00:00
CHFJPY           2026-05-08 23:00:00
COAL-GEORDIE     2026-05-08 23:00:00
SGD              2026-05-08 23:00:00
CH10             2026-05-08 23:00:00
COTTON           2026-05-08 23:00:00
EPRA-EUROPE      2026-05-08 23:00:00
EURCAD           2026-05-08 23:00:00
SUGAR16          2026-05-08 23:00:00
IRS              2026-05-08 23:00:00
SWISSLEAD        2026-05-08 23:00:00
TIN_LME          2026-05-08 23:00:00
CLP              2026-05-08 23:00:00
WHEY             2026-05-08 23:00:00
BOVESPA          2026-05-08 23:00:00
HOUSE-US         2026-05-08 23:00:00
EUROSTX-LARGE    2026-05-08 23:00:00
FTSEINDO         2026-05-09 23:00:00
TWD-mini         2026-05-09 23:00:00
SGD_mini         2026-05-09 23:00:00
VNKI             2026-05-11 03:00:00
TWD              2026-05-11 03:00:00
JP-REALESTATE    2026-05-11 04:00:00
HANGENT_mini*    2026-05-11 04:00:00
JGB-SGX-mini     2026-05-11 04:00:00
FTSECHINAH       2026-05-11 04:00:00
CNH              2026-05-11 04:00:00
HANGENT          2026-05-11 04:00:00
HANG             2026-05-11 04:00:00
HANG_mini        2026-05-11 04:00:00
IRON             2026-05-11 04:00:00
HANGTECH         2026-05-11 04:00:00
SPI200           2026-05-11 04:00:00
JGB-mini         2026-05-11 04:30:00
JGB              2026-05-11 05:00:00
KOSDAQ           2026-05-11 05:00:00
CHINAA-CON       2026-05-11 05:00:00
KOSPI            2026-05-11 05:00:00
TOPIX            2026-05-11 05:00:00
KOSPI_mini       2026-05-11 05:00:00
KR10*            2026-05-11 05:00:00
KR3              2026-05-11 05:00:00
KRWUSD_mini      2026-05-11 05:00:00
MSCISING         2026-05-11 05:00:00
MSCITAIWAN       2026-05-11 05:00:00
FTSECHINAA       2026-05-11 05:00:00
RUBBER*          2026-05-11 05:00:00
FTSEVIET         2026-05-11 05:00:00
MUMMY*           2026-05-11 05:00:00
NIKKEI400        2026-05-11 05:00:00
FTSETAIWAN       2026-05-11 05:00:00
NIKKEI           2026-05-11 05:00:00
EUROSTX200-LARGE 2026-05-11 10:00:00
COAL             2026-05-11 13:00:00
MSCIWORLD        2026-05-11 13:00:00
BONO             2026-05-11 13:00:00
WHEAT_ICE        2026-05-11 14:00:00
EU-RETAIL        2026-05-11 14:00:00
EU-CONSTRUCTION  2026-05-11 14:00:00
EU-MID           2026-05-11 14:00:00
OMX              2026-05-11 14:00:00
EURIBOR          2026-05-11 14:00:00
KRWUSD           2026-05-11 14:30:00
EUA              2026-05-11 15:00:00
SONIA3           2026-05-11 15:00:00
AUDJPY           2026-05-11 15:00:00
GILT             2026-05-11 15:00:00
GASOIL           2026-05-11 15:00:00
SUGAR_WHITE      2026-05-11 15:00:00
AEX_mini         2026-05-11 15:00:00
EURIBOR-ICE      2026-05-11 15:00:00
IBEX_mini        2026-05-11 15:00:00
BRENT_W          2026-05-11 15:00:00
ZINC_LME         2026-05-11 15:00:00
EUROSTX-SMALL    2026-05-11 15:00:00
FTSE250          2026-05-11 15:00:00
FTSE100          2026-05-11 15:00:00
HEATOIL-ICE      2026-05-11 15:00:00
ALUMINIUM_LME    2026-05-11 15:00:00
IBEX             2026-05-11 15:00:00
EU-HOUSE         2026-05-11 15:00:00
EU-TECH          2026-05-11 15:00:00
CRUDE_ICE        2026-05-11 15:00:00
MILLWHEAT        2026-05-11 15:00:00
COCOA_LDN        2026-05-11 15:00:00
ROBUSTA          2026-05-11 15:00:00
GASOILINE_ICE    2026-05-11 15:00:00
MIB*             2026-05-11 15:00:00
SARONA           2026-05-11 15:00:00
NICKEL_LME       2026-05-11 15:00:00
LEAD_LME         2026-05-11 15:00:00
EU-DJ-OIL        2026-05-11 15:00:00
EU-DJ-TECH       2026-05-11 15:00:00
EU-DJ-TELECOM    2026-05-11 15:00:00
EU-DJ-UTIL       2026-05-11 15:00:00
EU-FOOD          2026-05-11 15:00:00
EU-INSURE        2026-05-11 15:00:00
EU-MEDIA         2026-05-11 15:00:00
EU-REALESTATE    2026-05-11 15:00:00
EU-CHEM          2026-05-11 15:00:00
COPPER_LME       2026-05-11 15:00:00
PLN              2026-05-11 16:00:00
OAT              2026-05-11 16:00:00
V2X*             2026-05-11 16:00:00
MSCIASIA         2026-05-11 16:00:00
MILKWET          2026-05-11 16:00:00
SMI-MID          2026-05-11 16:00:00
SMI              2026-05-11 16:00:00
SHATZ            2026-05-11 16:00:00
MILKDRY          2026-05-11 16:00:00
AEX              2026-05-11 16:00:00
BTP3             2026-05-11 16:00:00
EU-AUTO          2026-05-11 16:00:00
EU-BANKS         2026-05-11 16:00:00
EU-BASIC*        2026-05-11 16:00:00
EU-DIV30         2026-05-11 16:00:00
EU-HEALTH        2026-05-11 16:00:00
EU-OIL*          2026-05-11 16:00:00
EU-TRAVEL        2026-05-11 16:00:00
EU-UTILS         2026-05-11 16:00:00
EURAUD           2026-05-11 16:00:00
EURO600          2026-05-11 16:00:00
BTP*             2026-05-11 16:00:00
EUROSTX          2026-05-11 16:00:00
BUND             2026-05-11 16:00:00
BOBL             2026-05-11 16:00:00
DAX*             2026-05-11 16:00:00
CAC              2026-05-11 16:00:00
BUXL             2026-05-11 16:00:00
GBPCHF           2026-05-11 17:00:00
GAS-LAST         2026-05-11 17:00:00
SUGAR11          2026-05-11 17:00:00
ALUMINIUM        2026-05-11 18:00:00
OJ               2026-05-11 18:00:00
GICS             2026-05-11 18:00:00
BUTTER           2026-05-11 18:00:00
COCOA            2026-05-11 18:00:00
COFFEE           2026-05-11 18:00:00
COTTON2          2026-05-11 19:00:00
CORN_mini        2026-05-11 19:00:00
CORN*            2026-05-11 19:00:00
MSCIEMASIA*      2026-05-11 19:00:00
SOYMEAL          2026-05-11 19:00:00
CRUDE_W_mini     2026-05-11 19:00:00
CAD10            2026-05-11 19:00:00
BRENT-LAST       2026-05-11 19:00:00
NOK              2026-05-11 19:00:00
RICE             2026-05-11 19:00:00
CAD5             2026-05-11 19:00:00
CANOLA*          2026-05-11 19:00:00
OATIES           2026-05-11 19:00:00
CHEESE           2026-05-11 19:00:00
CZK              2026-05-11 19:00:00
R1000            2026-05-11 19:00:00
SOYOIL           2026-05-11 19:00:00
REDWHEAT         2026-05-11 19:00:00
MILK             2026-05-11 19:00:00
SOYBEAN          2026-05-11 19:00:00
HIGHYIELD        2026-05-11 19:00:00
FEEDCOW          2026-05-11 19:00:00
INR              2026-05-11 19:00:00
EURCHF           2026-05-11 19:00:00
GAS-PEN          2026-05-11 19:00:00
WHEAT            2026-05-11 19:00:00
JPY_mini         2026-05-11 19:00:00
ETHEREUM         2026-05-11 19:00:00
FANG             2026-05-11 19:00:00
BBCOMM           2026-05-11 19:00:00
ETHER-micro      2026-05-11 19:00:00
LEANHOG*         2026-05-11 19:00:00
LIVECOW*         2026-05-11 19:00:00
SOYBEAN_mini     2026-05-11 19:00:00
WHEAT_mini       2026-05-11 19:00:00
SP500            2026-05-11 20:00:00
SP500_micro      2026-05-11 20:00:00
AUD_micro*       2026-05-11 20:00:00
SP400            2026-05-11 20:00:00
STEEL            2026-05-11 20:00:00
YENEUR*          2026-05-11 20:00:00
ZAR              2026-05-11 20:00:00
AUD              2026-05-11 20:00:00
BITCOIN*         2026-05-11 20:00:00
VIX_mini         2026-05-11 20:00:00
US-UTILS         2026-05-11 20:00:00
US5              2026-05-11 20:00:00
US10             2026-05-11 20:00:00
US3              2026-05-11 20:00:00
US20             2026-05-11 20:00:00
BRE              2026-05-11 20:00:00
US-DISCRETE      2026-05-11 20:00:00
US-ENERGY        2026-05-11 20:00:00
US-HEALTH        2026-05-11 20:00:00
US-INDUSTRY      2026-05-11 20:00:00
US-MATERIAL      2026-05-11 20:00:00
US-REALESTATE    2026-05-11 20:00:00
US2              2026-05-11 20:00:00
US-STAPLES       2026-05-11 20:00:00
US10U            2026-05-11 20:00:00
VIX              2026-05-11 20:00:00
US30             2026-05-11 20:00:00
GAS_US_mini      2026-05-11 20:00:00
SOFR             2026-05-11 20:00:00
DOW_mini         2026-05-11 20:00:00
DX               2026-05-11 20:00:00
LUMBER-new       2026-05-11 20:00:00
CAD*             2026-05-11 20:00:00
EUR              2026-05-11 20:00:00
IG               2026-05-11 20:00:00
EUR_micro*       2026-05-11 20:00:00
EUR_mini         2026-05-11 20:00:00
DOW*             2026-05-11 20:00:00
HEATOIL          2026-05-11 20:00:00
GOLD_micro       2026-05-11 20:00:00
GOLD-mini        2026-05-11 20:00:00
GOLD             2026-05-11 20:00:00
GASOILINE*       2026-05-11 20:00:00
GBP_micro        2026-05-11 20:00:00
GBPJPY           2026-05-11 20:00:00
GBPEUR           2026-05-11 20:00:00
GBP*             2026-05-11 20:00:00
FED              2026-05-11 20:00:00
MSCIEAFA         2026-05-11 20:00:00
JPY*             2026-05-11 20:00:00
CRUDE_W          2026-05-11 20:00:00
CAD2             2026-05-11 20:00:00
SILVER           2026-05-11 20:00:00
CAD_micro        2026-05-11 20:00:00
SEK              2026-05-11 20:00:00
CRUDE_W_micro*   2026-05-11 20:00:00
RUSSELL_mini     2026-05-11 20:00:00
RUSSELL*         2026-05-11 20:00:00
CHF_micro        2026-05-11 20:00:00
GAS_US           2026-05-11 20:00:00
CHF*             2026-05-11 20:00:00
PALLAD           2026-05-11 20:00:00
COPPER           2026-05-11 20:00:00
COPPER-micro     2026-05-11 20:00:00
NZD*             2026-05-11 20:00:00
COPPER-mini      2026-05-11 20:00:00
NASDAQ_micro     2026-05-11 20:00:00
NASDAQ           2026-05-11 20:00:00
PLAT             2026-05-11 20:00:00
MXP*             2026-05-11 20:00:00
CADUSD           2026-05-11 23:00:00
JPYUSD           2026-05-11 23:00:00
CNHUSD           2026-05-11 23:00:00
AUDUSD           2026-05-11 23:00:00
GBPUSD           2026-05-11 23:00:00
EURUSD           2026-05-11 23:00:00
MXPUSD           2026-05-11 23:00:00
SGDUSD           2026-05-11 23:00:00
HKDUSD           2026-05-11 23:00:00
CHFUSD           2026-05-11 23:00:00
SEKUSD           2026-05-11 23:00:00


============================================================
           Status of optimal position generation            
============================================================

                                                 last_update
dynamic_TF_carry/SGX              2024-12-02 22:31:28.544775
dynamic_TF_carry/NICKEL_LME       2026-05-11 22:31:31.780332
dynamic_TF_carry/REDWHEAT         2026-05-11 22:31:31.780543
dynamic_TF_carry/HEATOIL          2026-05-11 22:31:31.780752
dynamic_TF_carry/US-DISCRETE      2026-05-11 22:31:31.780960
dynamic_TF_carry/GBPJPY           2026-05-11 22:31:31.781165
dynamic_TF_carry/MILLWHEAT        2026-05-11 22:31:31.781370
dynamic_TF_carry/ETHEREUM         2026-05-11 22:31:31.781574
dynamic_TF_carry/PLAT             2026-05-11 22:31:31.781788
dynamic_TF_carry/CHF              2026-05-11 22:31:31.782000
dynamic_TF_carry/CAD              2026-05-11 22:31:31.782211
dynamic_TF_carry/EU-HOUSE         2026-05-11 22:31:31.782422
dynamic_TF_carry/SOYMEAL          2026-05-11 22:31:31.782632
dynamic_TF_carry/GAS_US_mini      2026-05-11 22:31:31.782843
dynamic_TF_carry/AUDJPY           2026-05-11 22:31:31.783053
dynamic_TF_carry/SP400            2026-05-11 22:31:31.783264
dynamic_TF_carry/JP-REALESTATE    2026-05-11 22:31:31.783475
dynamic_TF_carry/SONIA3           2026-05-11 22:31:31.783684
dynamic_TF_carry/EU-BASIC         2026-05-11 22:31:31.784105
dynamic_TF_carry/MILKDRY          2026-05-11 22:31:31.784315
dynamic_TF_carry/FTSEINDO         2026-05-11 22:31:31.784525
dynamic_TF_carry/MSCIEAFA         2026-05-11 22:31:31.784733
dynamic_TF_carry/RUBBER           2026-05-11 22:31:31.784942
dynamic_TF_carry/JGB              2026-05-11 22:31:31.785151
dynamic_TF_carry/NASDAQ_micro     2026-05-11 22:31:31.785362
dynamic_TF_carry/CHINAA-CON       2026-05-11 22:31:31.785571
dynamic_TF_carry/NOK              2026-05-11 22:31:31.785780
dynamic_TF_carry/ROBUSTA          2026-05-11 22:31:31.785989
dynamic_TF_carry/SMI              2026-05-11 22:31:31.786198
dynamic_TF_carry/SUGAR16          2026-05-11 22:31:31.786407
dynamic_TF_carry/TIN_LME          2026-05-11 22:31:31.786617
dynamic_TF_carry/V2X              2026-05-11 22:31:31.786826
dynamic_TF_carry/EU-DJ-TELECOM    2026-05-11 22:31:31.787037
dynamic_TF_carry/DOW              2026-05-11 22:31:31.787246
dynamic_TF_carry/COTTON2          2026-05-11 22:31:31.787455
dynamic_TF_carry/RUSSELL          2026-05-11 22:31:31.787665
dynamic_TF_carry/CRUDE_W_micro    2026-05-11 22:31:31.787874
dynamic_TF_carry/VIX              2026-05-11 22:31:31.788084
dynamic_TF_carry/ALUMINIUM        2026-05-11 22:31:31.788294
dynamic_TF_carry/IBEX_mini        2026-05-11 22:31:31.788503
dynamic_TF_carry/AUD              2026-05-11 22:31:31.788713
dynamic_TF_carry/ZAR              2026-05-11 22:31:31.788924
dynamic_TF_carry/MUMMY            2026-05-11 22:31:31.789134
dynamic_TF_carry/US30             2026-05-11 22:31:31.789343
dynamic_TF_carry/BUTTER           2026-05-11 22:31:31.789553
dynamic_TF_carry/KRWUSD           2026-05-11 22:31:31.789762
dynamic_TF_carry/CAD2             2026-05-11 22:31:31.789971
dynamic_TF_carry/US-UTILS         2026-05-11 22:31:31.790179
dynamic_TF_carry/BITCOIN          2026-05-11 22:31:31.790387
dynamic_TF_carry/STEEL            2026-05-11 22:31:31.790807
dynamic_TF_carry/WHEAT            2026-05-11 22:31:31.791016
dynamic_TF_carry/RICE             2026-05-11 22:31:31.791225
dynamic_TF_carry/US2              2026-05-11 22:31:31.791436
dynamic_TF_carry/OAT              2026-05-11 22:31:31.791853
dynamic_TF_carry/GBP              2026-05-11 22:31:31.792065
dynamic_TF_carry/YENEUR           2026-05-11 22:31:31.792276
dynamic_TF_carry/MSCISING         2026-05-11 22:31:31.792486
dynamic_TF_carry/BOVESPA          2026-05-11 22:31:31.792696
dynamic_TF_carry/LEANHOG          2026-05-11 22:31:31.792905
dynamic_TF_carry/DX               2026-05-11 22:31:31.793115
dynamic_TF_carry/R1000            2026-05-11 22:31:31.793324
dynamic_TF_carry/JGB-SGX-mini     2026-05-11 22:31:31.793532
dynamic_TF_carry/IG               2026-05-11 22:31:31.793742
dynamic_TF_carry/COPPER           2026-05-11 22:31:31.793953
dynamic_TF_carry/DAX              2026-05-11 22:31:31.794162
dynamic_TF_carry/HANGENT_mini     2026-05-11 22:31:31.794371
dynamic_TF_carry/MILK             2026-05-11 22:31:31.794581
dynamic_TF_carry/BTP              2026-05-11 22:31:31.794791
dynamic_TF_carry/COCOA_LDN        2026-05-11 22:31:31.795000
dynamic_TF_carry/CAD5             2026-05-11 22:31:31.795210
dynamic_TF_carry/OMX              2026-05-11 22:31:31.795418
dynamic_TF_carry/NIKKEI400        2026-05-11 22:31:31.795628
dynamic_TF_carry/EU-CHEM          2026-05-11 22:31:31.795837
dynamic_TF_carry/EURCHF           2026-05-11 22:31:31.796050
dynamic_TF_carry/US-ENERGY        2026-05-11 22:31:31.796262
dynamic_TF_carry/EU-INSURE        2026-05-11 22:31:31.796472
dynamic_TF_carry/GBPEUR           2026-05-11 22:31:31.796682
dynamic_TF_carry/FTSECHINAA       2026-05-11 22:31:31.796890
dynamic_TF_carry/BRE              2026-05-11 22:31:31.797099
dynamic_TF_carry/EU-UTILS         2026-05-11 22:31:31.797308
dynamic_TF_carry/SEK              2026-05-11 22:31:31.797517
dynamic_TF_carry/US10U            2026-05-11 22:31:31.797728
dynamic_TF_carry/SPI200           2026-05-11 22:31:31.797937
dynamic_TF_carry/EU-MID           2026-05-11 22:31:31.798148
dynamic_TF_carry/BRENT_W          2026-05-11 22:31:31.798569
dynamic_TF_carry/ZINC_LME         2026-05-11 22:31:31.798778
dynamic_TF_carry/KOSDAQ           2026-05-11 22:31:31.798988
dynamic_TF_carry/MIB              2026-05-11 22:31:31.799199
dynamic_TF_carry/US3              2026-05-11 22:31:31.799444
dynamic_TF_carry/GILT             2026-05-11 22:31:31.799652
dynamic_TF_carry/KOSPI            2026-05-11 22:31:31.799859
dynamic_TF_carry/EURAUD           2026-05-11 22:31:31.800069
dynamic_TF_carry/MSCIWORLD        2026-05-11 22:31:31.800277
dynamic_TF_carry/SUGAR11          2026-05-11 22:31:31.800483
dynamic_TF_carry/BUXL             2026-05-11 22:31:31.800689
dynamic_TF_carry/HANGTECH         2026-05-11 22:31:31.800894
dynamic_TF_carry/BTP3             2026-05-11 22:31:31.801100
dynamic_TF_carry/EU-REALESTATE    2026-05-11 22:31:31.801305
dynamic_TF_carry/FTSETAIWAN       2026-05-11 22:31:31.801511
dynamic_TF_carry/COTTON           2026-05-11 22:31:31.801716
dynamic_TF_carry/GAS-PEN          2026-05-11 22:31:31.801922
dynamic_TF_carry/CLP              2026-05-11 22:31:31.802333
dynamic_TF_carry/INR              2026-05-11 22:31:31.802538
dynamic_TF_carry/US-STAPLES       2026-05-11 22:31:31.802743
dynamic_TF_carry/GAS-LAST         2026-05-11 22:31:31.802949
dynamic_TF_carry/US-MATERIAL      2026-05-11 22:31:31.803155
dynamic_TF_carry/SMI-MID          2026-05-11 22:31:31.803361
dynamic_TF_carry/SILVER           2026-05-11 22:31:31.803567
dynamic_TF_carry/BBCOMM           2026-05-11 22:31:31.803771
dynamic_TF_carry/COPPER-micro     2026-05-11 22:31:31.803976
dynamic_TF_carry/FTSEVIET         2026-05-11 22:31:31.804183
dynamic_TF_carry/FTSE250          2026-05-11 22:31:31.804387
dynamic_TF_carry/MXP              2026-05-11 22:31:31.804798
dynamic_TF_carry/SOYBEAN_mini     2026-05-11 22:31:31.805004
dynamic_TF_carry/US-INDUSTRY      2026-05-11 22:31:31.805209
dynamic_TF_carry/SHATZ            2026-05-11 22:31:31.805415
dynamic_TF_carry/HIGHYIELD        2026-05-11 22:31:31.805619
dynamic_TF_carry/US10             2026-05-11 22:31:31.805824
dynamic_TF_carry/EURCAD           2026-05-11 22:31:31.806031
dynamic_TF_carry/TWD              2026-05-11 22:31:31.806234
dynamic_TF_carry/EU-FOOD          2026-05-11 22:31:31.806437
dynamic_TF_carry/LEAD_LME         2026-05-11 22:31:31.806643
dynamic_TF_carry/KR10             2026-05-11 22:31:31.806848
dynamic_TF_carry/CRUDE_W_mini     2026-05-11 22:31:31.807054
dynamic_TF_carry/WHEAT_ICE        2026-05-11 22:31:31.807258
dynamic_TF_carry/EUROSTX200-LARGE 2026-05-11 22:31:31.807463
dynamic_TF_carry/COAL-GEORDIE     2026-05-11 22:31:31.807668
dynamic_TF_carry/IRON             2026-05-11 22:31:31.807873
dynamic_TF_carry/PLN              2026-05-11 22:31:31.808081
dynamic_TF_carry/SARONA           2026-05-11 22:31:31.808286
dynamic_TF_carry/MSCITAIWAN       2026-05-11 22:31:31.808493
dynamic_TF_carry/TOPIX            2026-05-11 22:31:31.808699
dynamic_TF_carry/HOUSE-US         2026-05-11 22:31:31.808904
dynamic_TF_carry/SOYOIL           2026-05-11 22:31:31.809109
dynamic_TF_carry/EU-AUTO          2026-05-11 22:31:31.809313
dynamic_TF_carry/FEEDCOW          2026-05-11 22:31:31.809518
dynamic_TF_carry/IRS              2026-05-11 22:31:31.809723
dynamic_TF_carry/NZD              2026-05-11 22:31:31.809927
dynamic_TF_carry/PALLAD           2026-05-11 22:31:31.810132
dynamic_TF_carry/AUD_micro        2026-05-11 22:31:31.810544
dynamic_TF_carry/EU-HEALTH        2026-05-11 22:31:31.810750
dynamic_TF_carry/EU-RETAIL        2026-05-11 22:31:31.810955
dynamic_TF_carry/BONO             2026-05-11 22:31:31.811160
dynamic_TF_carry/CH10             2026-05-11 22:31:31.811365
dynamic_TF_carry/FTSECHINAH       2026-05-11 22:31:31.811571
dynamic_TF_carry/KRWUSD_mini      2026-05-11 22:31:31.811778
dynamic_TF_carry/SWISSLEAD        2026-05-11 22:31:31.811984
dynamic_TF_carry/EU-TRAVEL        2026-05-11 22:31:31.812401
dynamic_TF_carry/EURIBOR          2026-05-11 22:31:31.812607
dynamic_TF_carry/EURO600          2026-05-11 22:31:31.812813
dynamic_TF_carry/CZK              2026-05-11 22:31:31.813020
dynamic_TF_carry/LIVECOW          2026-05-11 22:31:31.813227
dynamic_TF_carry/EU-BANKS         2026-05-11 22:31:31.813432
dynamic_TF_carry/CHFJPY           2026-05-11 22:31:31.813843
dynamic_TF_carry/LUMBER-new       2026-05-11 22:31:31.814049
dynamic_TF_carry/EU-MEDIA         2026-05-11 22:31:31.814254
dynamic_TF_carry/FTSE100          2026-05-11 22:31:31.814460
dynamic_TF_carry/GICS             2026-05-11 22:31:31.814666
dynamic_TF_carry/CNH              2026-05-11 22:31:31.814872
dynamic_TF_carry/SOFR             2026-05-11 22:31:31.815079
dynamic_TF_carry/SUGAR_WHITE      2026-05-11 22:31:31.815285
dynamic_TF_carry/CORN             2026-05-11 22:31:31.815490
dynamic_TF_carry/US-REALESTATE    2026-05-11 22:31:31.815696
dynamic_TF_carry/US-HEALTH        2026-05-11 22:31:31.815904
dynamic_TF_carry/KOSPI_mini       2026-05-11 22:31:31.816115
dynamic_TF_carry/EUR_micro        2026-05-11 22:31:31.816322
dynamic_TF_carry/OJ               2026-05-11 22:31:31.816528
dynamic_TF_carry/EUA              2026-05-11 22:31:31.816736
dynamic_TF_carry/VNKI             2026-05-11 22:31:31.816942
dynamic_TF_carry/SOYBEAN          2026-05-11 22:31:31.817352
dynamic_TF_carry/AEX              2026-05-11 22:31:31.817557
dynamic_TF_carry/EU-DIV30         2026-05-11 22:31:31.817762
dynamic_TF_carry/OATIES           2026-05-11 22:31:31.817969
dynamic_TF_carry/GBPCHF           2026-05-11 22:31:31.818175
dynamic_TF_carry/GASOILINE        2026-05-11 22:31:31.818380
dynamic_TF_carry/BUND             2026-05-11 22:31:31.818585
dynamic_TF_carry/MSCIEMASIA       2026-05-11 22:31:31.818790
dynamic_TF_carry/US20             2026-05-11 22:31:31.818996
dynamic_TF_carry/CAC              2026-05-11 22:31:31.819406
dynamic_TF_carry/COPPER_LME       2026-05-11 22:31:31.819611
dynamic_TF_carry/EU-TECH          2026-05-11 22:31:31.819816
dynamic_TF_carry/GASOIL           2026-05-11 22:31:31.820025
dynamic_TF_carry/EPRA-EUROPE      2026-05-11 22:31:31.820231
dynamic_TF_carry/WHEY             2026-05-11 22:31:31.820435
dynamic_TF_carry/FANG             2026-05-11 22:31:31.820641
dynamic_TF_carry/BRENT-LAST       2026-05-11 22:31:31.820846
dynamic_TF_carry/EU-DJ-UTIL       2026-05-11 22:31:31.821051
dynamic_TF_carry/EUR              2026-05-11 22:31:31.821257
dynamic_TF_carry/HANG_mini        2026-05-11 22:31:31.821464
dynamic_TF_carry/CANOLA           2026-05-11 22:31:31.821669
dynamic_TF_carry/COAL             2026-05-11 22:31:31.821877
dynamic_TF_carry/EURIBOR-ICE      2026-05-11 22:31:31.822085
dynamic_TF_carry/FED              2026-05-11 22:31:31.822291
dynamic_TF_carry/SP500_micro      2026-05-11 22:31:31.822498
dynamic_TF_carry/MSCIASIA         2026-05-11 22:31:31.822704
dynamic_TF_carry/US5              2026-05-11 22:31:31.822910
dynamic_TF_carry/COFFEE           2026-05-11 22:31:31.823116
dynamic_TF_carry/COCOA            2026-05-11 22:31:31.823321
dynamic_TF_carry/EU-OIL           2026-05-11 22:31:31.823527
dynamic_TF_carry/EUROSTX          2026-05-11 22:31:31.823938
dynamic_TF_carry/SGD              2026-05-11 22:31:31.824146
dynamic_TF_carry/NIKKEI           2026-05-11 22:31:31.824351
dynamic_TF_carry/MILKWET          2026-05-11 22:31:31.824556
dynamic_TF_carry/CAD10            2026-05-11 22:31:31.824760
dynamic_TF_carry/CHEESE           2026-05-11 22:31:31.824966
dynamic_TF_carry/EUROSTX-SMALL    2026-05-11 22:31:31.825173
dynamic_TF_carry/EU-CONSTRUCTION  2026-05-11 22:31:31.825379
dynamic_TF_carry/GOLD_micro       2026-05-11 22:31:31.825587
dynamic_TF_carry/BOBL             2026-05-11 22:31:31.825792
dynamic_TF_carry/CRUDE_ICE        2026-05-11 22:31:31.825997
dynamic_TF_carry/KR3              2026-05-11 22:31:31.826203
dynamic_TF_carry/JPY              2026-05-11 22:31:31.826407
dynamic_TF_carry/EUROSTX-LARGE    2026-05-11 22:31:31.826613


======================================================================================================================
                                                Status of trade limits                                                
======================================================================================================================

                   period_days  trade_limit  trades_since_last_reset  trade_capacity_remaining   time_since_last_reset
 JPY                        14            4                      2.0                       2.0 13 days 07:57:10.768801
 CAD                        14            4                      1.0                       3.0 13 days 07:57:31.177624
 JPY                        30            5                      2.0                       3.0 13 days 07:57:10.769060
 NZD                        14            5                      2.0                       3.0 13 days 07:57:06.938860
 EU-MEDIA                    1            4                      0.0                       4.0  0 days 00:00:00.000002
 EU-HOUSE                    1            4                      0.0                       4.0  0 days 00:00:00.000002
 EU-DJ-UTIL                  1            4                      0.0                       4.0  0 days 00:00:00.000002
 EU-DJ-TELECOM               1            4                      0.0                       4.0  0 days 00:00:00.000002
 EU-DJ-TECH                  1            4                      0.0                       4.0  0 days 00:00:00.000003
 EU-DJ-OIL                   1            4                      0.0                       4.0  0 days 00:00:00.000002
 EU-CONSTRUCTION             1            4                      0.0                       4.0  0 days 00:00:00.000003
 CZK                         1            4                      0.0                       4.0  0 days 00:00:00.000003
 CORN                        1            4                      0.0                       4.0  0 days 00:00:00.000004
 EU-MID                      1            4                      0.0                       4.0  0 days 00:00:00.000002
 CNH-onshore                 1            4                      0.0                       4.0  0 days 00:00:00.000002
 CLP                         1            4                      0.0                       4.0  0 days 00:00:00.000003
 CH10                        1            4                      0.0                       4.0  0 days 00:00:00.000002
 BUTTER                      1            4                      0.0                       4.0  0 days 00:00:00.000003
 BOVESPA                     1            4                      0.0                       4.0  0 days 00:00:00.000002
 BEL20                       1            4                      0.0                       4.0  0 days 00:00:00.000002
 ALUMINIUM                   1            4                      0.0                       4.0  0 days 00:00:00.000002
 YENEUR                     30            4                      0.0                       4.0  6 days 07:58:05.236113
 COTTON                      1            4                      0.0                       4.0  0 days 00:00:00.000002
 COPPER-mini                 1            4                      0.0                       4.0  0 days 00:00:00.000003
 EU-REALESTATE               1            4                      0.0                       4.0  0 days 00:00:00.000002
 EURCHF                      1            4                      0.0                       4.0  0 days 00:00:00.000003
 US-HEALTH                   1            4                      0.0                       4.0  0 days 00:00:00.000002
 US-ENERGY                   1            4                      0.0                       4.0  0 days 00:00:00.000002
 US-DISCRETE                 1            4                      0.0                       4.0  0 days 00:00:00.000003
 SMI-MID                     1            4                      0.0                       4.0  0 days 00:00:00.000002
 SGX                         1            4                      0.0                       4.0  0 days 00:00:00.000003
 SGD                         1            4                      0.0                       4.0  0 days 00:00:00.000002
 OMX                         1            4                      0.0                       4.0  0 days 00:00:00.000002
 MSCIASIA                    1            4                      0.0                       4.0  0 days 00:00:00.000003
 MILKWET                     1            4                      0.0                       4.0  0 days 00:00:00.000002
 MILKDRY                     1            4                      0.0                       4.0  0 days 00:00:00.000002
 MID-DAX                     1            4                      0.0                       4.0  0 days 00:00:00.000002
 JP-REALESTATE               1            4                      0.0                       4.0  0 days 00:00:00.000002
 JGB-SGX-mini                1            4                      0.0                       4.0  0 days 00:00:00.000002
 IRS                         1            4                      0.0                       4.0  0 days 00:00:00.000002
 FTSEINDO                    1            4                      0.0                       4.0  0 days 00:00:00.000003
 EUROSTX200-LARGE            1            4                      0.0                       4.0  0 days 00:00:00.000002
 EUROSTX-SMALL               1            4                      0.0                       4.0  0 days 00:00:00.000002
 EUROSTX-LARGE               1            4                      0.0                       4.0  0 days 00:00:00.000003
 EURIBOR                     1            4                      0.0                       4.0  0 days 00:00:00.000002
 US30                       30            4                      0.0                       4.0  0 days 00:00:00.000003
 US3                        30            4                      0.0                       4.0  0 days 00:00:00.000002
 US10U                      30            4                      0.0                       4.0  0 days 00:00:00.000002
 SP400                      30            4                      0.0                       4.0  0 days 00:00:00.000002
 HEATOIL                    14            4                      0.0                       4.0  0 days 00:00:00.000002
 GBPEUR                     14            4                      0.0                       4.0  0 days 00:00:00.000003
 GAS-LAST                   14            4                      0.0                       4.0  0 days 00:00:00.000002
 FTSETAIWAN                 14            4                      0.0                       4.0  0 days 00:00:00.000003
 EU-TECH                    14            4                      0.0                       4.0  0 days 00:00:00.000002
 EU-CHEM                    14            4                      0.0                       4.0  0 days 00:00:00.000002
 ETHEREUM                   14            4                      0.0                       4.0  0 days 00:00:00.000002
 CNH                        14            4                      0.0                       4.0  0 days 00:00:00.000003
 BUXL                       14            4                      0.0                       4.0  0 days 00:00:00.000002
 BTP3                       14            4                      0.0                       4.0  0 days 00:00:00.000002
 BRENT-LAST                 14            4                      0.0                       4.0  0 days 00:00:00.000002
 BONO                       14            4                      0.0                       4.0  0 days 00:00:00.000002
 YENEUR                      1            4                      0.0                       4.0  0 days 00:00:00.000002
 US3                         1            4                      0.0                       4.0  0 days 00:00:00.000002
 US10U                       1            4                      0.0                       4.0  0 days 00:00:00.000003
 US-REALESTATE               1            4                      0.0                       4.0  0 days 00:00:00.000002
 TOPIX                       1            4                      0.0                       4.0  0 days 00:00:00.000003
 SP400                       1            4                      0.0                       4.0  0 days 00:00:00.000002
 SEK                         1            4                      0.0                       4.0  0 days 00:00:00.000003
 JGB                        14            4                      0.0                       4.0  0 days 00:00:00.000002
 ZAR                         1            4                      0.0                       4.0  0 days 00:00:00.000003
 NOK                        14            4                      0.0                       4.0  0 days 00:00:00.000003
 R1000                      14            4                      0.0                       4.0  0 days 00:00:00.000002
 SEK                        30            4                      0.0                       4.0  0 days 00:00:00.000002
 NOK                        30            4                      0.0                       4.0  0 days 00:00:00.000003
 JGB                        30            4                      0.0                       4.0  0 days 00:00:00.000003
 HEATOIL                    30            4                      0.0                       4.0  0 days 00:00:00.000002
 GBPEUR                     30            4                      0.0                       4.0  0 days 00:00:00.000002
 GASOILINE                  30            4                      0.0                       4.0  0 days 00:00:00.000003
 GAS-LAST                   30            4                      0.0                       4.0  0 days 00:00:00.000002
 ETHEREUM                   30            4                      0.0                       4.0  0 days 00:00:00.000003
 CHF                        30            4                      0.0                       4.0 11 days 07:57:54.201730
 US-INDUSTRY                 1            4                      0.0                       4.0  0 days 00:00:00.000003
 BUXL                       30            4                      0.0                       4.0  0 days 00:00:00.000002
 BRENT-LAST                 30            4                      0.0                       4.0  0 days 00:00:00.000002
 BONO                       30            4                      0.0                       4.0  0 days 00:00:00.000002
 YENEUR                     14            4                      0.0                       4.0  6 days 07:58:05.237667
 US30                       14            4                      0.0                       4.0  0 days 00:00:00.000002
