
********************************************************************************
                   Status report produced on 13/01/2025 22:56                   
********************************************************************************


Delayed methods: No delays

===============================
 Delayed adjusted / FX prices  
===============================

                    last_update
SGX         2025-01-06 23:00:00
CNH-onshore 2025-01-06 23:00:01
TWD         2025-01-06 23:00:01


===============================================
           Delayed optimal positions           
===============================================

                                    last_update
dynamic_TF_carry/SGX 2024-12-02 22:31:28.544775

Instruments at trade limit: No constraints

================================================
         Instruments at position limit          
================================================

                 keys  position pos_limit  spare
143             SP400         0       0.0    0.0
207              GICS         0       0.0    0.0
176   GASOILINE_micro         0       0.0    0.0
209          SGD_mini         0       0.0    0.0
102              US30        -1       1.0    0.0
103            KRWUSD         0       0.0    0.0
210             STEEL         0       0.0    0.0
177               TWD         0       0.0    0.0
104               CZK         0       0.0    0.0
45            MILKDRY         0       0.0    0.0
170         SWISSLEAD         0       0.0    0.0
215           BOVESPA         0       0.0    0.0
42           EU-HOUSE         0       0.0    0.0
79             EURAUD         0       0.0    0.0
108         CHF_micro         0       0.0    0.0
214                IG         0       0.0    0.0
96             PALLAD         0       0.0    0.0
205            COTTON         0       0.0    0.0
59              R1000         0       0.0    0.0
192              CH10         0       0.0    0.0
186      COAL-GEORDIE         0       0.0    0.0
182       COPPER-mini         0       0.0    0.0
198       HEATOIL-ICE         0       0.0    0.0
71        CNH-onshore         0       0.0    0.0
181            AUDJPY         0       0.0    0.0
180          JGB-mini         0       0.0    0.0
68           AEX_mini         0       0.0    0.0
67                RUR         0       0.0    0.0
93          EU-RETAIL         0       0.0    0.0
65          HIGHYIELD         0       0.0    0.0
202     EUROSTX-LARGE         0       0.0    0.0
179            EURCAD         0       0.0    0.0
62               VNKI         0       0.0    0.0
61               BUXL        -1       1.0    0.0
37         COPPER_LME         0       0.0    0.0
36           TWD-mini         0       0.0    0.0
40           JPY_mini         0       0.0    0.0
161               JGB         0       0.0    0.0
124               IRS         0       0.0    0.0
236     EU-DJ-TELECOM         0       0.0    0.0
113         EU-TRAVEL         0       0.0    0.0
126          ETHEREUM         0       0.0    0.0
15           EU-MEDIA         0       0.0    0.0
237               OMX         0       0.0    0.0
20                CHF        -3       3.0    0.0
238            GBPJPY         0       0.0    0.0
130               CLP         0       0.0    0.0
7          EU-DJ-TECH         0       0.0    0.0
133  EUROSTX200-LARGE         0       0.0    0.0
5                 NOK         0       0.0    0.0
244              WHEY         0       0.0    0.0
2             ETHANOL         0       0.0    0.0
152               MIB         1       1.0    0.0
235           MILKWET         0       0.0    0.0
125           SMI-MID         0       0.0    0.0
80             BUTTER         0       0.0    0.0
223           TIN_LME         0       0.0    0.0
234            CHFJPY         0       0.0    0.0
160       EPRA-EUROPE         0       0.0    0.0
29             NASDAQ         0       0.0    0.0
117            EURCHF         0       0.0    0.0
120               SGX         0       0.0    0.0
121               SEK         0       0.0    0.0
232   EU-CONSTRUCTION         0       0.0    0.0
233           EU-CHEM         0       0.0    0.0
246               PLN         0       0.0    0.0
27               COAL         0       0.0    0.0
220          HOUSE-US         0       0.0    0.0


=========================================================
         Overrides in database consider deleting         
=========================================================

                                                 override
NICKEL_LME             Override Close because in database
OATIES           Override Reduce only because in database
RICE             Override Reduce only because in database
GOLD-mini        Override Reduce only because in database
VIX_mini         Override Reduce only because in database
IBEX             Override Reduce only because in database
CHINAA-CON       Override Reduce only because in database
CRUDE_W_mini     Override Reduce only because in database
CAC              Override Reduce only because in database
EURIBOR          Override Reduce only because in database
FTSETAIWAN       Override Reduce only because in database
IBEX_mini        Override Reduce only because in database
AEX              Override Reduce only because in database
AEX_mini         Override Reduce only because in database
COAL             Override Reduce only because in database
GASOILINE_micro  Override Reduce only because in database
HANGENT_mini     Override Reduce only because in database
MSCITAIWAN       Override Reduce only because in database
FTSEVIET         Override Reduce only because in database
INR              Override Reduce only because in database
BRENT-LAST       Override Reduce only because in database
STEEL            Override Reduce only because in database
GAS-PEN          Override Reduce only because in database
HANG             Override Reduce only because in database
HANGTECH         Override Reduce only because in database
FTSEINDO         Override Reduce only because in database
HANGENT          Override Reduce only because in database
HANG_mini        Override Reduce only because in database
GAS_US_mini      Override Reduce only because in database
COAL-GEORDIE     Override Reduce only because in database
FTSECHINAH       Override Reduce only because in database
SGX              Override Reduce only because in database

Locked instruments (position mismatch): []

==============================================
Status of adjusted price / FX price collection
==============================================

                         last_update
SGX              2025-01-06 23:00:00
CNH-onshore      2025-01-06 23:00:01
TWD              2025-01-06 23:00:01
MUMMY            2025-01-10 23:00:00
RUR              2025-01-10 23:00:00
KRWUSD           2025-01-10 23:00:00
CHFJPY           2025-01-10 23:00:00
ETHANOL          2025-01-10 23:00:00
EPRA-EUROPE      2025-01-10 23:00:00
CLP              2025-01-10 23:00:00
MILKDRY          2025-01-10 23:00:00
CZK              2025-01-10 23:00:00
MSCIEMASIA       2025-01-10 23:00:00
COTTON           2025-01-10 23:00:00
NIKKEI400        2025-01-10 23:00:00
NIKKEI*          2025-01-10 23:00:00
GBPJPY           2025-01-10 23:00:00
GBPCHF           2025-01-10 23:00:00
OMX              2025-01-10 23:00:00
TWD-mini         2025-01-10 23:00:00
JGB-mini         2025-01-10 23:00:00
JP-REALESTATE    2025-01-10 23:00:00
WHEY             2025-01-10 23:00:00
AUDJPY           2025-01-10 23:00:00
JGB              2025-01-10 23:00:00
VNKI             2025-01-10 23:00:00
IRS              2025-01-10 23:00:00
GASOILINE_micro  2025-01-10 23:00:00
BOVESPA          2025-01-10 23:00:00
TOPIX*           2025-01-10 23:00:00
HOUSE-US         2025-01-10 23:00:00
SWISSLEAD        2025-01-10 23:00:00
SGD              2025-01-13 03:00:00
FTSEVIET         2025-01-13 04:00:00
SGD_mini         2025-01-13 04:00:00
SPI200           2025-01-13 04:00:00
JGB-SGX-mini     2025-01-13 04:00:00
KRWUSD_mini      2025-01-13 04:00:00
IRON             2025-01-13 05:00:00
KR3              2025-01-13 05:00:00
KOSDAQ           2025-01-13 05:00:00
KR10             2025-01-13 05:00:00
MSCISING*        2025-01-13 05:00:00
MSCITAIWAN       2025-01-13 05:00:00
KOSPI            2025-01-13 05:00:00
KOSPI_mini       2025-01-13 05:00:00
HANGENT_mini     2025-01-13 05:00:00
HANG_mini        2025-01-13 05:00:00
FTSETAIWAN       2025-01-13 05:00:00
FTSEINDO         2025-01-13 05:00:00
HANGTECH         2025-01-13 05:00:00
FTSECHINAH       2025-01-13 05:00:00
FTSECHINAA       2025-01-13 05:00:00
HANGENT          2025-01-13 05:00:00
CNH              2025-01-13 05:00:00
CHINAA-CON       2025-01-13 05:00:00
HANG             2025-01-13 05:00:00
RUBBER           2025-01-13 05:00:00
EU-HOUSE         2025-01-13 08:00:00
SMI-MID          2025-01-13 08:00:00
TIN_LME          2025-01-13 14:00:00
EU-CHEM          2025-01-13 14:00:00
EUROSTX-LARGE    2025-01-13 14:00:00
EUROSTX-SMALL    2025-01-13 15:00:00
GILT             2025-01-13 15:00:00
EU-RETAIL        2025-01-13 15:00:00
EU-TECH          2025-01-13 15:00:00
GASOIL           2025-01-13 15:00:00
FTSE100          2025-01-13 15:00:00
IBEX_mini        2025-01-13 15:00:00
FTSE250          2025-01-13 15:00:00
EURIBOR-ICE      2025-01-13 15:00:00
EURIBOR          2025-01-13 15:00:00
IBEX             2025-01-13 15:00:00
EUA              2025-01-13 15:00:00
HEATOIL-ICE      2025-01-13 15:00:00
EU-MEDIA         2025-01-13 15:00:00
MSCIASIA         2025-01-13 15:00:00
EU-DJ-TELECOM    2025-01-13 15:00:00
AEX_mini         2025-01-13 15:00:00
ZINC_LME         2025-01-13 15:00:00
ALUMINIUM_LME    2025-01-13 15:00:00
WHEAT_ICE        2025-01-13 15:00:00
BRENT_W          2025-01-13 15:00:00
SONIA3           2025-01-13 15:00:00
SARONA           2025-01-13 15:00:00
CH10             2025-01-13 15:00:00
ROBUSTA          2025-01-13 15:00:00
EU-INSURE        2025-01-13 15:00:00
COAL             2025-01-13 15:00:00
COAL-GEORDIE     2025-01-13 15:00:00
GAS-PEN          2025-01-13 15:00:00
EU-DJ-TECH       2025-01-13 15:00:00
COPPER_LME       2025-01-13 15:00:00
NICKEL_LME       2025-01-13 15:00:00
MSCIWORLD        2025-01-13 15:00:00
EU-DJ-OIL        2025-01-13 15:00:00
LEAD_LME         2025-01-13 15:00:00
CRUDE_ICE        2025-01-13 15:00:00
COCOA_LDN        2025-01-13 15:00:00
MIB*             2025-01-13 15:00:00
MILLWHEAT        2025-01-13 15:00:00
OAT              2025-01-13 16:00:00
GASOILINE_ICE    2025-01-13 16:00:00
SUGAR_WHITE      2025-01-13 16:00:00
SMI              2025-01-13 16:00:00
SHATZ            2025-01-13 16:00:00
NOK              2025-01-13 16:00:00
V2X              2025-01-13 16:00:00
PLN              2025-01-13 16:00:00
AEX              2025-01-13 16:00:00
CAC              2025-01-13 16:00:00
EU-TRAVEL        2025-01-13 16:00:00
EU-REALESTATE    2025-01-13 16:00:00
EU-OIL           2025-01-13 16:00:00
EU-MID           2025-01-13 16:00:00
EU-HEALTH        2025-01-13 16:00:00
EU-FOOD          2025-01-13 16:00:00
EU-DJ-UTIL       2025-01-13 16:00:00
EU-DIV30         2025-01-13 16:00:00
DJSTX-SMALL      2025-01-13 16:00:00
EU-CONSTRUCTION  2025-01-13 16:00:00
EU-BANKS         2025-01-13 16:00:00
EU-AUTO          2025-01-13 16:00:00
BTP3             2025-01-13 16:00:00
BTP              2025-01-13 16:00:00
BUXL*            2025-01-13 16:00:00
BONO             2025-01-13 16:00:00
BOBL             2025-01-13 16:00:00
DAX              2025-01-13 16:00:00
EU-BASIC         2025-01-13 16:00:00
EURAUD           2025-01-13 16:00:00
EU-UTILS         2025-01-13 16:00:00
EURCAD           2025-01-13 16:00:00
EUROSTX200-LARGE 2025-01-13 16:00:00
BUND             2025-01-13 16:00:00
EUROSTX          2025-01-13 16:00:00
EURO600*         2025-01-13 16:00:00
SUGAR16          2025-01-13 17:00:00
MILKWET          2025-01-13 17:00:00
SUGAR11*         2025-01-13 17:00:00
IG               2025-01-13 17:00:00
OJ               2025-01-13 18:00:00
ALUMINIUM*       2025-01-13 18:00:00
COCOA            2025-01-13 18:00:00
COPPER-mini      2025-01-13 18:00:00
COFFEE           2025-01-13 18:00:00
GICS             2025-01-13 18:00:00
CAD2             2025-01-13 19:00:00
SOYBEAN          2025-01-13 19:00:00
COTTON2          2025-01-13 19:00:00
CORN_mini        2025-01-13 19:00:00
SOYBEAN_mini     2025-01-13 19:00:00
SOYMEAL*         2025-01-13 19:00:00
RICE             2025-01-13 19:00:00
CANOLA*          2025-01-13 19:00:00
REDWHEAT         2025-01-13 19:00:00
R1000            2025-01-13 19:00:00
STEEL            2025-01-13 19:00:00
GAS-LAST         2025-01-13 19:00:00
OATIES           2025-01-13 19:00:00
SOYOIL           2025-01-13 19:00:00
CORN             2025-01-13 19:00:00
FEEDCOW          2025-01-13 19:00:00
MILK             2025-01-13 19:00:00
WHEAT_mini       2025-01-13 19:00:00
WHEAT            2025-01-13 19:00:00
BBCOMM           2025-01-13 19:00:00
VIX_mini         2025-01-13 19:00:00
INR              2025-01-13 19:00:00
US-STAPLES       2025-01-13 19:00:00
DX               2025-01-13 19:00:00
LEANHOG          2025-01-13 19:00:00
LIVECOW          2025-01-13 19:00:00
US-MATERIAL      2025-01-13 20:00:00
SOFR             2025-01-13 20:00:00
ZAR              2025-01-13 20:00:00
BUTTER           2025-01-13 20:00:00
YENEUR           2025-01-13 20:00:00
AUD              2025-01-13 20:00:00
US-DISCRETE      2025-01-13 20:00:00
AUD_micro        2025-01-13 20:00:00
US-HEALTH        2025-01-13 20:00:00
SP400            2025-01-13 20:00:00
SP500            2025-01-13 20:00:00
US-INDUSTRY      2025-01-13 20:00:00
BRE*             2025-01-13 20:00:00
VIX              2025-01-13 20:00:00
BITCOIN          2025-01-13 20:00:00
SP500_micro      2025-01-13 20:00:00
US5              2025-01-13 20:00:00
US-ENERGY        2025-01-13 20:00:00
US3              2025-01-13 20:00:00
US20             2025-01-13 20:00:00
US2              2025-01-13 20:00:00
US10U*           2025-01-13 20:00:00
US10             2025-01-13 20:00:00
US-UTILS         2025-01-13 20:00:00
US-REALESTATE    2025-01-13 20:00:00
BRENT-LAST       2025-01-13 20:00:00
US30*            2025-01-13 20:00:00
CHF_micro        2025-01-13 20:00:00
CAD*             2025-01-13 20:00:00
ETHEREUM         2025-01-13 20:00:00
JPY_mini         2025-01-13 20:00:00
JPY*             2025-01-13 20:00:00
SILVER           2025-01-13 20:00:00
HIGHYIELD        2025-01-13 20:00:00
HEATOIL          2025-01-13 20:00:00
EURCHF           2025-01-13 20:00:00
GOLD_micro       2025-01-13 20:00:00
GOLD-mini        2025-01-13 20:00:00
ETHER-micro      2025-01-13 20:00:00
GOLD             2025-01-13 20:00:00
EUR_micro        2025-01-13 20:00:00
GBPEUR           2025-01-13 20:00:00
EUR_mini         2025-01-13 20:00:00
GBP              2025-01-13 20:00:00
GAS_US_mini      2025-01-13 20:00:00
GAS_US           2025-01-13 20:00:00
FANG             2025-01-13 20:00:00
FED              2025-01-13 20:00:00
GASOILINE        2025-01-13 20:00:00
GBP_micro        2025-01-13 20:00:00
LUMBER-new       2025-01-13 20:00:00
EUR              2025-01-13 20:00:00
DOW              2025-01-13 20:00:00
CAD10            2025-01-13 20:00:00
CAD5             2025-01-13 20:00:00
SEK              2025-01-13 20:00:00
CAD_micro        2025-01-13 20:00:00
RUSSELL_mini     2025-01-13 20:00:00
DOW_mini         2025-01-13 20:00:00
CHEESE           2025-01-13 20:00:00
CHF*             2025-01-13 20:00:00
PLAT             2025-01-13 20:00:00
PALLAD           2025-01-13 20:00:00
RUSSELL*         2025-01-13 20:00:00
COPPER           2025-01-13 20:00:00
COPPER-micro*    2025-01-13 20:00:00
NASDAQ_micro     2025-01-13 20:00:00
NASDAQ           2025-01-13 20:00:00
MXP              2025-01-13 20:00:00
CRUDE_W          2025-01-13 20:00:00
CRUDE_W_micro*   2025-01-13 20:00:00
CRUDE_W_mini     2025-01-13 20:00:00
MSCIEAFA         2025-01-13 20:00:00
NZD              2025-01-13 20:00:00
CHFUSD           2025-01-13 23:00:00
JPYUSD           2025-01-13 23:00:00
EURUSD           2025-01-13 23:00:00
CADUSD           2025-01-13 23:00:00
KRWUSD           2025-01-13 23:00:00
MXPUSD           2025-01-13 23:00:00
SEKUSD           2025-01-13 23:00:00
GBPUSD           2025-01-13 23:00:00
SGDUSD           2025-01-13 23:00:00
HKDUSD           2025-01-13 23:00:00
CNHUSD           2025-01-13 23:00:00
AUDUSD           2025-01-13 23:00:00


============================================================
           Status of optimal position generation            
============================================================

                                                 last_update
dynamic_TF_carry/SGX              2024-12-02 22:31:28.544775
dynamic_TF_carry/HANG_mini        2025-01-13 22:31:35.250679
dynamic_TF_carry/KOSPI            2025-01-13 22:31:35.250940
dynamic_TF_carry/CZK              2025-01-13 22:31:35.251185
dynamic_TF_carry/EU-BASIC         2025-01-13 22:31:35.251424
dynamic_TF_carry/EU-BANKS         2025-01-13 22:31:35.251660
dynamic_TF_carry/SUGAR11          2025-01-13 22:31:35.251896
dynamic_TF_carry/DOW              2025-01-13 22:31:35.252366
dynamic_TF_carry/ETHEREUM         2025-01-13 22:31:35.252601
dynamic_TF_carry/EU-HEALTH        2025-01-13 22:31:35.252834
dynamic_TF_carry/JGB              2025-01-13 22:31:35.253069
dynamic_TF_carry/GASOIL           2025-01-13 22:31:35.253304
dynamic_TF_carry/NIKKEI           2025-01-13 22:31:35.253538
dynamic_TF_carry/RICE             2025-01-13 22:31:35.254018
dynamic_TF_carry/EURCHF           2025-01-13 22:31:35.254254
dynamic_TF_carry/IBEX_mini        2025-01-13 22:31:35.254957
dynamic_TF_carry/EU-REALESTATE    2025-01-13 22:31:35.255191
dynamic_TF_carry/EU-DJ-UTIL       2025-01-13 22:31:35.255426
dynamic_TF_carry/AUD              2025-01-13 22:31:35.255658
dynamic_TF_carry/EU-DJ-TELECOM    2025-01-13 22:31:35.255894
dynamic_TF_carry/EUR              2025-01-13 22:31:35.256128
dynamic_TF_carry/US-ENERGY        2025-01-13 22:31:35.256363
dynamic_TF_carry/CHINAA-CON       2025-01-13 22:31:35.256597
dynamic_TF_carry/OATIES           2025-01-13 22:31:35.256830
dynamic_TF_carry/KR3              2025-01-13 22:31:35.257065
dynamic_TF_carry/COPPER           2025-01-13 22:31:35.257299
dynamic_TF_carry/GBPCHF           2025-01-13 22:31:35.257533
dynamic_TF_carry/US20             2025-01-13 22:31:35.257768
dynamic_TF_carry/EUA              2025-01-13 22:31:35.258007
dynamic_TF_carry/SOFR             2025-01-13 22:31:35.258243
dynamic_TF_carry/GAS-PEN          2025-01-13 22:31:35.258478
dynamic_TF_carry/WHEAT            2025-01-13 22:31:35.258711
dynamic_TF_carry/NZD              2025-01-13 22:31:35.258945
dynamic_TF_carry/ROBUSTA          2025-01-13 22:31:35.259180
dynamic_TF_carry/DJSTX-SMALL      2025-01-13 22:31:35.259415
dynamic_TF_carry/BOBL             2025-01-13 22:31:35.259648
dynamic_TF_carry/BONO             2025-01-13 22:31:35.259882
dynamic_TF_carry/EU-FOOD          2025-01-13 22:31:35.260117
dynamic_TF_carry/TWD              2025-01-13 22:31:35.260352
dynamic_TF_carry/EURIBOR-ICE      2025-01-13 22:31:35.260588
dynamic_TF_carry/CRUDE_W_mini     2025-01-13 22:31:35.260823
dynamic_TF_carry/EUR_micro        2025-01-13 22:31:35.261058
dynamic_TF_carry/JP-REALESTATE    2025-01-13 22:31:35.261292
dynamic_TF_carry/CAD5             2025-01-13 22:31:35.261526
dynamic_TF_carry/EUROSTX-SMALL    2025-01-13 22:31:35.261760
dynamic_TF_carry/CLP              2025-01-13 22:31:35.261998
dynamic_TF_carry/GBPJPY           2025-01-13 22:31:35.262233
dynamic_TF_carry/MSCIASIA         2025-01-13 22:31:35.262468
dynamic_TF_carry/OMX              2025-01-13 22:31:35.262703
dynamic_TF_carry/JGB-SGX-mini     2025-01-13 22:31:35.262937
dynamic_TF_carry/US3              2025-01-13 22:31:35.263172
dynamic_TF_carry/EU-CONSTRUCTION  2025-01-13 22:31:35.263406
dynamic_TF_carry/BRE              2025-01-13 22:31:35.263640
dynamic_TF_carry/DX               2025-01-13 22:31:35.263875
dynamic_TF_carry/FTSEVIET         2025-01-13 22:31:35.264110
dynamic_TF_carry/IG               2025-01-13 22:31:35.264346
dynamic_TF_carry/MXP              2025-01-13 22:31:35.264580
dynamic_TF_carry/CHEESE           2025-01-13 22:31:35.264816
dynamic_TF_carry/AUD_micro        2025-01-13 22:31:35.265051
dynamic_TF_carry/EU-MEDIA         2025-01-13 22:31:35.265286
dynamic_TF_carry/EU-TECH          2025-01-13 22:31:35.265521
dynamic_TF_carry/KOSDAQ           2025-01-13 22:31:35.265755
dynamic_TF_carry/CRUDE_W_micro    2025-01-13 22:31:35.265994
dynamic_TF_carry/SOYBEAN          2025-01-13 22:31:35.266229
dynamic_TF_carry/RUR              2025-01-13 22:31:35.266462
dynamic_TF_carry/US-REALESTATE    2025-01-13 22:31:35.266698
dynamic_TF_carry/BBCOMM           2025-01-13 22:31:35.266932
dynamic_TF_carry/GILT             2025-01-13 22:31:35.267166
dynamic_TF_carry/EURAUD           2025-01-13 22:31:35.267400
dynamic_TF_carry/TIN_LME          2025-01-13 22:31:35.267633
dynamic_TF_carry/US-STAPLES       2025-01-13 22:31:35.267869
dynamic_TF_carry/R1000            2025-01-13 22:31:35.268104
dynamic_TF_carry/FTSECHINAH       2025-01-13 22:31:35.268338
dynamic_TF_carry/COTTON2          2025-01-13 22:31:35.268572
dynamic_TF_carry/HIGHYIELD        2025-01-13 22:31:35.268807
dynamic_TF_carry/MILKWET          2025-01-13 22:31:35.269043
dynamic_TF_carry/NICKEL_LME       2025-01-13 22:31:35.269277
dynamic_TF_carry/STEEL            2025-01-13 22:31:35.269512
dynamic_TF_carry/PALLAD           2025-01-13 22:31:35.269984
dynamic_TF_carry/SUGAR16          2025-01-13 22:31:35.270219
dynamic_TF_carry/KR10             2025-01-13 22:31:35.270453
dynamic_TF_carry/US10U            2025-01-13 22:31:35.270687
dynamic_TF_carry/JPY              2025-01-13 22:31:35.270921
dynamic_TF_carry/SONIA3           2025-01-13 22:31:35.271155
dynamic_TF_carry/ZINC_LME         2025-01-13 22:31:35.271388
dynamic_TF_carry/COAL-GEORDIE     2025-01-13 22:31:35.271622
dynamic_TF_carry/BUXL             2025-01-13 22:31:35.271855
dynamic_TF_carry/KRWUSD           2025-01-13 22:31:35.272088
dynamic_TF_carry/BTP              2025-01-13 22:31:35.272322
dynamic_TF_carry/CHFJPY           2025-01-13 22:31:35.272558
dynamic_TF_carry/CANOLA           2025-01-13 22:31:35.272792
dynamic_TF_carry/SILVER           2025-01-13 22:31:35.273025
dynamic_TF_carry/RUSSELL          2025-01-13 22:31:35.273493
dynamic_TF_carry/FTSECHINAA       2025-01-13 22:31:35.273726
dynamic_TF_carry/EU-DIV30         2025-01-13 22:31:35.273966
dynamic_TF_carry/COPPER-micro     2025-01-13 22:31:35.274201
dynamic_TF_carry/US10             2025-01-13 22:31:35.274435
dynamic_TF_carry/ALUMINIUM        2025-01-13 22:31:35.274670
dynamic_TF_carry/HEATOIL          2025-01-13 22:31:35.274908
dynamic_TF_carry/CNH              2025-01-13 22:31:35.275146
dynamic_TF_carry/LIVECOW          2025-01-13 22:31:35.275382
dynamic_TF_carry/NIKKEI400        2025-01-13 22:31:35.275617
dynamic_TF_carry/SOYMEAL          2025-01-13 22:31:35.275853
dynamic_TF_carry/FTSEINDO         2025-01-13 22:31:35.276088
dynamic_TF_carry/US30             2025-01-13 22:31:35.276322
dynamic_TF_carry/ETHANOL          2025-01-13 22:31:35.276557
dynamic_TF_carry/US-HEALTH        2025-01-13 22:31:35.276790
dynamic_TF_carry/VNKI             2025-01-13 22:31:35.277024
dynamic_TF_carry/FTSE100          2025-01-13 22:31:35.277259
dynamic_TF_carry/YENEUR           2025-01-13 22:31:35.277493
dynamic_TF_carry/NOK              2025-01-13 22:31:35.277727
dynamic_TF_carry/V2X              2025-01-13 22:31:35.277966
dynamic_TF_carry/COCOA            2025-01-13 22:31:35.278203
dynamic_TF_carry/MILKDRY          2025-01-13 22:31:35.278437
dynamic_TF_carry/LEANHOG          2025-01-13 22:31:35.278671
dynamic_TF_carry/COCOA_LDN        2025-01-13 22:31:35.278906
dynamic_TF_carry/OAT              2025-01-13 22:31:35.279142
dynamic_TF_carry/REDWHEAT         2025-01-13 22:31:35.279377
dynamic_TF_carry/TOPIX            2025-01-13 22:31:35.279613
dynamic_TF_carry/SOYOIL           2025-01-13 22:31:35.279848
dynamic_TF_carry/GAS_US_mini      2025-01-13 22:31:35.280083
dynamic_TF_carry/HANGENT_mini     2025-01-13 22:31:35.280318
dynamic_TF_carry/COTTON           2025-01-13 22:31:35.280550
dynamic_TF_carry/FANG             2025-01-13 22:31:35.280787
dynamic_TF_carry/KOSPI_mini       2025-01-13 22:31:35.281022
dynamic_TF_carry/LUMBER-new       2025-01-13 22:31:35.281258
dynamic_TF_carry/PLN              2025-01-13 22:31:35.281493
dynamic_TF_carry/SHATZ            2025-01-13 22:31:35.281729
dynamic_TF_carry/GOLD_micro       2025-01-13 22:31:35.281969
dynamic_TF_carry/COPPER_LME       2025-01-13 22:31:35.282205
dynamic_TF_carry/EUROSTX          2025-01-13 22:31:35.282442
dynamic_TF_carry/SGD              2025-01-13 22:31:35.282676
dynamic_TF_carry/HANGTECH         2025-01-13 22:31:35.283379
dynamic_TF_carry/SP400            2025-01-13 22:31:35.283613
dynamic_TF_carry/AEX              2025-01-13 22:31:35.283849
dynamic_TF_carry/OJ               2025-01-13 22:31:35.284084
dynamic_TF_carry/NASDAQ_micro     2025-01-13 22:31:35.284319
dynamic_TF_carry/GBPEUR           2025-01-13 22:31:35.284554
dynamic_TF_carry/PLAT             2025-01-13 22:31:35.284791
dynamic_TF_carry/CH10             2025-01-13 22:31:35.285027
dynamic_TF_carry/MSCISING         2025-01-13 22:31:35.285265
dynamic_TF_carry/SMI-MID          2025-01-13 22:31:35.285502
dynamic_TF_carry/CRUDE_ICE        2025-01-13 22:31:35.285739
dynamic_TF_carry/GASOILINE        2025-01-13 22:31:35.285980
dynamic_TF_carry/RUBBER           2025-01-13 22:31:35.286218
dynamic_TF_carry/EU-CHEM          2025-01-13 22:31:35.286455
dynamic_TF_carry/EURO600          2025-01-13 22:31:35.286692
dynamic_TF_carry/US-MATERIAL      2025-01-13 22:31:35.286926
dynamic_TF_carry/FED              2025-01-13 22:31:35.287162
dynamic_TF_carry/MILK             2025-01-13 22:31:35.287397
dynamic_TF_carry/WHEY             2025-01-13 22:31:35.287633
dynamic_TF_carry/EUROSTX200-LARGE 2025-01-13 22:31:35.287881
dynamic_TF_carry/KRWUSD_mini      2025-01-13 22:31:35.288123
dynamic_TF_carry/US-INDUSTRY      2025-01-13 22:31:35.288365
dynamic_TF_carry/BOVESPA          2025-01-13 22:31:35.288605
dynamic_TF_carry/SWISSLEAD        2025-01-13 22:31:35.288845
dynamic_TF_carry/MSCIEMASIA       2025-01-13 22:31:35.289086
dynamic_TF_carry/CORN             2025-01-13 22:31:35.289326
dynamic_TF_carry/EU-INSURE        2025-01-13 22:31:35.289584
dynamic_TF_carry/IRS              2025-01-13 22:31:35.289821
dynamic_TF_carry/SOYBEAN_mini     2025-01-13 22:31:35.290299
dynamic_TF_carry/US2              2025-01-13 22:31:35.290536
dynamic_TF_carry/GBP              2025-01-13 22:31:35.290774
dynamic_TF_carry/BTP3             2025-01-13 22:31:35.291010
dynamic_TF_carry/FEEDCOW          2025-01-13 22:31:35.291246
dynamic_TF_carry/HOUSE-US         2025-01-13 22:31:35.291481
dynamic_TF_carry/CAD              2025-01-13 22:31:35.291718
dynamic_TF_carry/US-DISCRETE      2025-01-13 22:31:35.291954
dynamic_TF_carry/EPRA-EUROPE      2025-01-13 22:31:35.292189
dynamic_TF_carry/CAD10            2025-01-13 22:31:35.292424
dynamic_TF_carry/CHF              2025-01-13 22:31:35.292660
dynamic_TF_carry/EUROSTX-LARGE    2025-01-13 22:31:35.292895
dynamic_TF_carry/LEAD_LME         2025-01-13 22:31:35.293129
dynamic_TF_carry/WHEAT_ICE        2025-01-13 22:31:35.293599
dynamic_TF_carry/MUMMY            2025-01-13 22:31:35.293833
dynamic_TF_carry/SARONA           2025-01-13 22:31:35.294074
dynamic_TF_carry/SUGAR_WHITE      2025-01-13 22:31:35.294310
dynamic_TF_carry/IRON             2025-01-13 22:31:35.294544
dynamic_TF_carry/MSCITAIWAN       2025-01-13 22:31:35.294779
dynamic_TF_carry/FTSE250          2025-01-13 22:31:35.295013
dynamic_TF_carry/CAD2             2025-01-13 22:31:35.295247
dynamic_TF_carry/BUTTER           2025-01-13 22:31:35.295717
dynamic_TF_carry/BRENT-LAST       2025-01-13 22:31:35.295952
dynamic_TF_carry/MSCIEAFA         2025-01-13 22:31:35.296184
dynamic_TF_carry/EU-UTILS         2025-01-13 22:31:35.296418
dynamic_TF_carry/SMI              2025-01-13 22:31:35.296650
dynamic_TF_carry/ZAR              2025-01-13 22:31:35.296884
dynamic_TF_carry/EU-RETAIL        2025-01-13 22:31:35.297116
dynamic_TF_carry/SPI200           2025-01-13 22:31:35.297348
dynamic_TF_carry/MIB              2025-01-13 22:31:35.297583
dynamic_TF_carry/DAX              2025-01-13 22:31:35.297818
dynamic_TF_carry/VIX              2025-01-13 22:31:35.298055
dynamic_TF_carry/CAC              2025-01-13 22:31:35.298292
dynamic_TF_carry/EU-MID           2025-01-13 22:31:35.298528
dynamic_TF_carry/EU-OIL           2025-01-13 22:31:35.298762
dynamic_TF_carry/GAS-LAST         2025-01-13 22:31:35.298997
dynamic_TF_carry/SEK              2025-01-13 22:31:35.299231
dynamic_TF_carry/SP500_micro      2025-01-13 22:31:35.299467
dynamic_TF_carry/EU-TRAVEL        2025-01-13 22:31:35.299702
dynamic_TF_carry/MSCIWORLD        2025-01-13 22:31:35.299937
dynamic_TF_carry/US5              2025-01-13 22:31:35.300170
dynamic_TF_carry/BRENT_W          2025-01-13 22:31:35.300404
dynamic_TF_carry/GICS             2025-01-13 22:31:35.300638
dynamic_TF_carry/COAL             2025-01-13 22:31:35.300872
dynamic_TF_carry/FTSETAIWAN       2025-01-13 22:31:35.301106
dynamic_TF_carry/BITCOIN          2025-01-13 22:31:35.301340
dynamic_TF_carry/EURCAD           2025-01-13 22:31:35.301578
dynamic_TF_carry/US-UTILS         2025-01-13 22:31:35.301813
dynamic_TF_carry/COFFEE           2025-01-13 22:31:35.302053
dynamic_TF_carry/EU-HOUSE         2025-01-13 22:31:35.302288
dynamic_TF_carry/MILLWHEAT        2025-01-13 22:31:35.302524
dynamic_TF_carry/EU-AUTO          2025-01-13 22:31:35.302759
dynamic_TF_carry/AUDJPY           2025-01-13 22:31:35.302994
dynamic_TF_carry/BUND             2025-01-13 22:31:35.303232
dynamic_TF_carry/INR              2025-01-13 22:31:35.303469
dynamic_TF_carry/EURIBOR          2025-01-13 22:31:35.303705


======================================================================================================================
                                                Status of trade limits                                                
======================================================================================================================

                   period_days  trade_limit  trades_since_last_reset  trade_capacity_remaining   time_since_last_reset
 COPPER                     30            4                      3.0                       1.0 25 days 08:56:46.126545
 VIX                        14            4                      1.0                       3.0  5 days 07:56:54.668294
 YENEUR                     30            4                      1.0                       3.0 25 days 07:56:19.712543
 OAT                        30            4                      1.0                       3.0 24 days 14:57:00.701844
 COPPER                     14            4                      1.0                       3.0  5 days 07:16:07.198222
 CORN                        1            4                      0.0                       4.0  0 days 00:00:00.000003
 EU-DJ-UTIL                  1            4                      0.0                       4.0  0 days 00:00:00.000002
 EU-DJ-TELECOM               1            4                      0.0                       4.0  0 days 00:00:00.000002
 EU-DJ-TECH                  1            4                      0.0                       4.0  0 days 00:00:00.000002
 EU-DJ-OIL                   1            4                      0.0                       4.0  0 days 00:00:00.000001
 EU-CONSTRUCTION             1            4                      0.0                       4.0  0 days 00:00:00.000002
 ETHANOL                     1            4                      0.0                       4.0  0 days 00:00:00.000002
 CZK                         1            4                      0.0                       4.0  0 days 00:00:00.000002
 COTTON                      1            4                      0.0                       4.0  0 days 00:00:00.000002
 CNH-onshore                 1            4                      0.0                       4.0  0 days 00:00:00.000002
 EU-HOUSE                    1            4                      0.0                       4.0  0 days 00:00:00.000002
 CLP                         1            4                      0.0                       4.0  0 days 00:00:00.000002
 CH10                        1            4                      0.0                       4.0  0 days 00:00:00.000002
 BUTTER                      1            4                      0.0                       4.0  0 days 00:00:00.000002
 BOVESPA                     1            4                      0.0                       4.0  0 days 00:00:00.000002
 BEL20                       1            4                      0.0                       4.0  0 days 00:00:00.000002
 ALUMINIUM                   1            4                      0.0                       4.0  0 days 00:00:00.000002
 US30                       30            4                      0.0                       4.0 25 days 07:56:22.706538
 COPPER-mini                 1            4                      0.0                       4.0  0 days 00:00:00.000002
 EU-MEDIA                    1            4                      0.0                       4.0  0 days 00:00:00.000001
 EU-REALESTATE               1            4                      0.0                       4.0  0 days 00:00:00.000002
 US3                        30            4                      0.0                       4.0  0 days 00:00:00.000002
 US-ENERGY                   1            4                      0.0                       4.0  0 days 00:00:00.000001
 US-DISCRETE                 1            4                      0.0                       4.0  0 days 00:00:00.000002
 SMI-MID                     1            4                      0.0                       4.0  0 days 00:00:00.000002
 SGX                         1            4                      0.0                       4.0  0 days 00:00:00.000002
 SGD                         1            4                      0.0                       4.0  0 days 00:00:00.000002
 OMX                         1            4                      0.0                       4.0  0 days 00:00:00.000002
 MSCIASIA                    1            4                      0.0                       4.0  0 days 00:00:00.000002
 MILKWET                     1            4                      0.0                       4.0  0 days 00:00:00.000002
 MILKDRY                     1            4                      0.0                       4.0  0 days 00:00:00.000002
 MID-DAX                     1            4                      0.0                       4.0  0 days 00:00:00.000002
 JP-REALESTATE               1            4                      0.0                       4.0  0 days 00:00:00.000002
 JGB-SGX-mini                1            4                      0.0                       4.0  0 days 00:00:00.000002
 IRS                         1            4                      0.0                       4.0  0 days 00:00:00.000002
 FTSEINDO                    1            4                      0.0                       4.0  0 days 00:00:00.000002
 EUROSTX200-LARGE            1            4                      0.0                       4.0  0 days 00:00:00.000002
 EUROSTX-SMALL               1            4                      0.0                       4.0  0 days 00:00:00.000002
 EUROSTX-LARGE               1            4                      0.0                       4.0  0 days 00:00:00.000001
 EURIBOR                     1            4                      0.0                       4.0  0 days 00:00:00.000002
 EURCHF                      1            4                      0.0                       4.0  0 days 00:00:00.000002
 EU-MID                      1            4                      0.0                       4.0  0 days 00:00:00.000002
 US10U                      30            4                      0.0                       4.0  0 days 07:56:58.021527
 SP400                      30            4                      0.0                       4.0  0 days 00:00:00.000002
 SEK                        30            4                      0.0                       4.0  0 days 00:00:00.000002
 GBPEUR                     14            4                      0.0                       4.0  0 days 00:00:00.000002
 GAS-LAST                   14            4                      0.0                       4.0  0 days 00:00:00.000002
 FTSETAIWAN                 14            4                      0.0                       4.0  0 days 00:00:00.000002
 EU-TECH                    14            4                      0.0                       4.0  0 days 00:00:00.000002
 EU-CHEM                    14            4                      0.0                       4.0  0 days 00:00:00.000002
 ETHEREUM                   14            4                      0.0                       4.0  0 days 00:00:00.000002
 CNH                        14            4                      0.0                       4.0  0 days 00:00:00.000002
 BUXL                       14            4                      0.0                       4.0  5 days 08:40:58.621876
 BTP3                       14            4                      0.0                       4.0  0 days 00:00:00.000002
 BRENT-LAST                 14            4                      0.0                       4.0  7 days 08:56:56.404866
 BONO                       14            4                      0.0                       4.0  0 days 00:00:00.000002
 YENEUR                      1            4                      0.0                       4.0  0 days 00:00:00.000002
 US3                         1            4                      0.0                       4.0  0 days 00:00:00.000001
 US10U                       1            4                      0.0                       4.0  0 days 07:56:58.024838
 US-REALESTATE               1            4                      0.0                       4.0  0 days 00:00:00.000002
 TOPIX                       1            4                      0.0                       4.0  0 days 00:00:00.000002
 SP400                       1            4                      0.0                       4.0  0 days 00:00:00.000002
 SEK                         1            4                      0.0                       4.0  0 days 00:00:00.000002
 RUSSELL                     1            4                      0.0                       4.0  0 days 00:00:00.000002
 HEATOIL                    14            4                      0.0                       4.0  0 days 00:00:00.000002
 JGB                        14            4                      0.0                       4.0  0 days 00:00:00.000002
 ZAR                         1            4                      0.0                       4.0  0 days 00:00:00.000002
 NOK                        14            4                      0.0                       4.0  0 days 00:00:00.000002
 NOK                        30            4                      0.0                       4.0  0 days 00:00:00.000002
 JGB                        30            4                      0.0                       4.0  0 days 00:00:00.000001
 HEATOIL                    30            4                      0.0                       4.0  0 days 00:00:00.000002
 GBPEUR                     30            4                      0.0                       4.0  0 days 00:00:00.000002
 GASOILINE                  30            4                      0.0                       4.0  0 days 00:00:00.000002
 GAS-LAST                   30            4                      0.0                       4.0  0 days 00:00:00.000002
 ETHEREUM                   30            4                      0.0                       4.0  0 days 00:00:00.000002
 CHF                        30            4                      0.0                       4.0  5 days 07:57:02.564206
 BUXL                       30            4                      0.0                       4.0  5 days 08:40:58.620189
