
********************************************************************************
                   Status report produced on 09/06/2025 22:55                   
********************************************************************************


Delayed methods: No delays

===============================
 Delayed adjusted / FX prices  
===============================

                    last_update
HIGHYIELD   2025-05-29 23:00:01
IG          2025-05-30 15:00:01
SGX         2025-06-02 23:00:00
CNH-onshore 2025-06-05 23:00:00
TWD-mini    2025-06-05 23:00:00
FTSEVIET    2025-06-05 23:00:00


===============================================
           Delayed optimal positions           
===============================================

                                    last_update
dynamic_TF_carry/SGX 2024-12-02 22:31:28.544775

Instruments at trade limit: No constraints

================================================
         Instruments at position limit          
================================================

                 keys  position pos_limit  spare
245             SP400         0       0.0    0.0
91              STEEL         0       0.0    0.0
191          AEX_mini         0       0.0    0.0
194               CZK         0       0.0    0.0
83        CNH-onshore         0       0.0    0.0
81          SWISSLEAD         0       0.0    0.0
79             AUDJPY         0       0.0    0.0
196  EUROSTX200-LARGE         0       0.0    0.0
77                JGB         0       0.0    0.0
199   GASOILINE_micro         0       0.0    0.0
73                TWD         0       0.0    0.0
69            EU-CHEM         0       0.0    0.0
67             KRWUSD         0       0.0    0.0
66               WHEY         0       0.0    0.0
63                 IG         0       0.0    0.0
62                NOK         0       0.0    0.0
60            MILKWET         0       0.0    0.0
58               CH10         0       0.0    0.0
55          EU-RETAIL         0       0.0    0.0
204           SMI-MID         0       0.0    0.0
92          EU-TRAVEL         0       0.0    0.0
94           SGD_mini         0       0.0    0.0
185               CLP         0       0.0    0.0
181          JPY_mini         0       0.0    0.0
140            EURAUD         0       0.0    0.0
145               RUR         0       0.0    0.0
146               SEK         0       0.0    0.0
134               SGX         0       0.0    0.0
149       COPPER-mini         0       0.0    0.0
153            GBPJPY         0       0.0    0.0
123       EPRA-EUROPE         0       0.0    0.0
155            CHFJPY         0       0.0    0.0
121           MILKDRY         0       0.0    0.0
53                IRS         0       0.0    0.0
120            EURCHF         0       0.0    0.0
163     EU-DJ-TELECOM         0       0.0    0.0
164            EURCAD         0       0.0    0.0
109            PALLAD         0       0.0    0.0
106              COAL         0       0.0    0.0
105              VNKI         0       0.0    0.0
177     EUROSTX-LARGE         0       0.0    0.0
178          JGB-mini         0       0.0    0.0
179          TWD-mini         0       0.0    0.0
98             COTTON         0       0.0    0.0
115   EU-CONSTRUCTION         0       0.0    0.0
50                MIB         1       1.0    0.0
71          HIGHYIELD         0       0.0    0.0
235               PLN         0       0.0    0.0
14        HEATOIL-ICE         0       0.0    0.0
20            BOVESPA         0       0.0    0.0
225          HOUSE-US         0       0.0    0.0
38             NASDAQ         0       0.0    0.0
39            TIN_LME         0       0.0    0.0
229             R1000         0       0.0    0.0
215          EU-MEDIA         0       0.0    0.0
236          EU-HOUSE         0       0.0    0.0
19           ETHEREUM         0       0.0    0.0
218      COAL-GEORDIE         0       0.0    0.0
32         EU-DJ-TECH         0       0.0    0.0
42         COPPER_LME         0       0.0    0.0
213               OMX         0       0.0    0.0
44             BUTTER         0       0.0    0.0
31          CHF_micro         0       0.0    0.0
233              GICS         0       0.0    0.0


==========================================================
         Overrides in database consider deleting          
==========================================================

                                                  override
NICKEL_LME              Override Close because in database
OATIES            Override Reduce only because in database
RICE              Override Reduce only because in database
VNKI              Override Reduce only because in database
FTSE100           Override Reduce only because in database
JGB-mini          Override Reduce only because in database
LUMBER-new        Override Reduce only because in database
COPPER-mini       Override Reduce only because in database
SPI200            Override Reduce only because in database
GICS              Override Reduce only because in database
KRWUSD            Override Reduce only because in database
PLN               Override Reduce only because in database
SOYBEAN_mini      Override Reduce only because in database
EURCAD            Override Reduce only because in database
TWD               Override Reduce only because in database
CHF_micro         Override Reduce only because in database
NOK               Override Reduce only because in database
R1000             Override Reduce only because in database
IBEX_mini         Override Reduce only because in database
VIX_mini          Override Reduce only because in database
EU-CHEM           Override Reduce only because in database
EU-INSURE         Override Reduce only because in database
KOSDAQ            Override Reduce only because in database
JP-REALESTATE     Override Reduce only because in database
IBEX              Override Reduce only because in database
COAL              Override Reduce only because in database
AUDJPY            Override Reduce only because in database
CAD_micro         Override Reduce only because in database
EUR_mini          Override Reduce only because in database
GBPCHF            Override Reduce only because in database
YENEUR            Override Reduce only because in database
CHFJPY            Override Reduce only because in database
CNH-onshore       Override Reduce only because in database
SEK               Override Reduce only because in database
OMX               Override Reduce only because in database
GBPJPY            Override Reduce only because in database
EURAUD            Override Reduce only because in database
NIKKEI400         Override Reduce only because in database
RUR               Override Reduce only because in database
JPY_mini          Override Reduce only because in database
EURCHF            Override Reduce only because in database
EU-BANKS          Override Reduce only because in database
EU-CONSTRUCTION   Override Reduce only because in database
GASOILINE_micro   Override Reduce only because in database
ZAR               Override Reduce only because in database
BOVESPA           Override Reduce only because in database
BBCOMM            Override Reduce only because in database
CRUDE_W_mini      Override Reduce only because in database
SP500_micro       Override Reduce only because in database
EU-TECH           Override Reduce only because in database
US-DISCRETE       Override Reduce only because in database
SMI-MID           Override Reduce only because in database
KR3               Override Reduce only because in database
INR               Override Reduce only because in database
MIB               Override Reduce only because in database
EU-RETAIL         Override Reduce only because in database
SP500             Override Reduce only because in database
EU-OIL            Override Reduce only because in database
FTSECHINAA        Override Reduce only because in database
US-ENERGY         Override Reduce only because in database
EUROSTX-SMALL     Override Reduce only because in database
US-INDUSTRY       Override Reduce only because in database
WHEAT_mini        Override Reduce only because in database
NASDAQ_micro      Override Reduce only because in database
US-HEALTH         Override Reduce only because in database
EU-DJ-OIL         Override Reduce only because in database
MSCIWORLD         Override Reduce only because in database
MSCIEMASIA        Override Reduce only because in database
CHINAA-CON        Override Reduce only because in database
SMI               Override Reduce only because in database
EU-UTILS          Override Reduce only because in database
EU-MID            Override Reduce only because in database
EPRA-EUROPE       Override Reduce only because in database
EU-HEALTH         Override Reduce only because in database
EU-HOUSE          Override Reduce only because in database
DOW_mini          Override Reduce only because in database
KR10              Override Reduce only because in database
STEEL             Override Reduce only because in database
EU-DJ-TECH        Override Reduce only because in database
US-MATERIAL       Override Reduce only because in database
US-STAPLES        Override Reduce only because in database
EU-DJ-TELECOM     Override Reduce only because in database
CORN_mini         Override Reduce only because in database
NASDAQ            Override Reduce only because in database
EU-BASIC          Override Reduce only because in database
EU-DIV30          Override Reduce only because in database
DAX               Override Reduce only because in database
EU-AUTO           Override Reduce only because in database
AEX               Override Reduce only because in database
FTSEINDO          Override Reduce only because in database
FTSETAIWAN        Override Reduce only because in database
EUROSTX-LARGE     Override Reduce only because in database
FTSE250           Override Reduce only because in database
EU-DJ-UTIL        Override Reduce only because in database
MSCIEAFA          Override Reduce only because in database
EU-MEDIA          Override Reduce only because in database
HANGENT_mini      Override Reduce only because in database
EUROSTX           Override Reduce only because in database
EU-TRAVEL         Override Reduce only because in database
EURO600           Override Reduce only because in database
EU-REALESTATE     Override Reduce only because in database
SWISSLEAD         Override Reduce only because in database
AEX_mini          Override Reduce only because in database
CAC               Override Reduce only because in database
US-REALESTATE     Override Reduce only because in database
MSCIASIA          Override Reduce only because in database
EU-FOOD           Override Reduce only because in database
US-UTILS          Override Reduce only because in database
EUROSTX200-LARGE  Override Reduce only because in database
COTTON            Override Reduce only because in database
SP400             Override Reduce only because in database
RUSSELL_mini      Override Reduce only because in database
FANG              Override Reduce only because in database
SGX               Override Reduce only because in database

Locked instruments (position mismatch): []

==============================================
Status of adjusted price / FX price collection
==============================================

                         last_update
HIGHYIELD        2025-05-29 23:00:01
IG               2025-05-30 15:00:01
SGX              2025-06-02 23:00:00
CNH-onshore      2025-06-05 23:00:00
TWD-mini         2025-06-05 23:00:00
FTSEVIET         2025-06-05 23:00:00
SGD_mini         2025-06-06 23:00:00
SARONA           2025-06-06 23:00:00
RUR              2025-06-06 23:00:00
CH10             2025-06-06 23:00:00
CHFJPY           2025-06-06 23:00:00
IRS              2025-06-06 23:00:00
CLP              2025-06-06 23:00:00
COAL-GEORDIE     2025-06-06 23:00:00
OMX              2025-06-06 23:00:00
EU-DJ-TECH       2025-06-06 23:00:00
KRWUSD           2025-06-06 23:00:00
LEAD_LME         2025-06-06 23:00:00
MILKDRY          2025-06-06 23:00:00
EU-HOUSE         2025-06-06 23:00:00
HOUSE-US         2025-06-06 23:00:00
MILKWET          2025-06-06 23:00:00
SMI-MID          2025-06-06 23:00:00
GASOILINE_micro  2025-06-06 23:00:00
GBPCHF           2025-06-06 23:00:00
WHEY             2025-06-06 23:00:00
GICS             2025-06-06 23:00:00
EUROSTX-LARGE    2025-06-06 23:00:00
SMI              2025-06-06 23:00:00
BOVESPA          2025-06-06 23:00:00
COTTON           2025-06-06 23:00:00
TIN_LME          2025-06-06 23:00:00
SWISSLEAD        2025-06-06 23:00:00
TWD              2025-06-07 23:00:00
SPI200           2025-06-07 23:00:00
JGB-mini         2025-06-09 00:45:00
VNKI             2025-06-09 03:00:00
SGD              2025-06-09 03:00:00
IRON*            2025-06-09 04:00:00
JGB-SGX-mini     2025-06-09 04:00:00
HANGENT_mini     2025-06-09 04:00:00
HANG_mini        2025-06-09 04:00:00
KRWUSD_mini      2025-06-09 04:00:00
FTSECHINAH       2025-06-09 04:00:00
HANGENT          2025-06-09 04:00:00
HANG             2025-06-09 04:00:00
HANGTECH         2025-06-09 04:00:00
MUMMY*           2025-06-09 04:00:00
CNH              2025-06-09 04:00:00
CHINAA-CON       2025-06-09 04:00:00
KOSPI            2025-06-09 05:00:00
KOSPI_mini       2025-06-09 05:00:00
KR10             2025-06-09 05:00:00
KR3              2025-06-09 05:00:00
JGB              2025-06-09 05:00:00
NIKKEI400        2025-06-09 05:00:00
NIKKEI           2025-06-09 05:00:00
FTSECHINAA       2025-06-09 05:00:00
RUBBER           2025-06-09 05:00:00
TOPIX*           2025-06-09 05:00:00
FTSEINDO         2025-06-09 05:00:00
MSCISING*        2025-06-09 05:00:00
FTSETAIWAN       2025-06-09 05:00:00
MSCITAIWAN       2025-06-09 05:00:00
JP-REALESTATE    2025-06-09 05:00:00
KOSDAQ           2025-06-09 05:00:00
EUROSTX200-LARGE 2025-06-09 08:00:00
ZINC_LME         2025-06-09 10:00:00
EPRA-EUROPE      2025-06-09 10:00:00
EURIBOR          2025-06-09 11:00:00
EU-MID           2025-06-09 12:00:00
EU-RETAIL        2025-06-09 12:00:00
EU-CHEM          2025-06-09 14:00:00
MSCIWORLD        2025-06-09 14:00:00
COPPER_LME       2025-06-09 14:00:00
AUDJPY           2025-06-09 14:30:00
EURIBOR-ICE      2025-06-09 15:00:00
AEX_mini         2025-06-09 15:00:00
V2X*             2025-06-09 15:00:00
ALUMINIUM_LME    2025-06-09 15:00:00
GILT             2025-06-09 15:00:00
FTSE250          2025-06-09 15:00:00
FTSE100          2025-06-09 15:00:00
WHEAT_ICE        2025-06-09 15:00:00
BRENT_W          2025-06-09 15:00:00
EU-OIL           2025-06-09 15:00:00
GASOIL           2025-06-09 15:00:00
SONIA3           2025-06-09 15:00:00
EUA              2025-06-09 15:00:00
CRUDE_ICE        2025-06-09 15:00:00
IBEX             2025-06-09 15:00:00
IBEX_mini*       2025-06-09 15:00:00
ROBUSTA          2025-06-09 15:00:00
EU-INSURE        2025-06-09 15:00:00
MSCIASIA         2025-06-09 15:00:00
COAL             2025-06-09 15:00:00
HEATOIL-ICE      2025-06-09 15:00:00
COCOA_LDN        2025-06-09 15:00:00
EU-CONSTRUCTION  2025-06-09 15:00:00
MILLWHEAT        2025-06-09 15:00:00
NICKEL_LME       2025-06-09 15:00:00
MIB*             2025-06-09 15:00:00
SUGAR_WHITE      2025-06-09 16:00:00
GASOILINE_ICE    2025-06-09 16:00:00
PLN              2025-06-09 16:00:00
SHATZ            2025-06-09 16:00:00
OAT*             2025-06-09 16:00:00
GBPJPY           2025-06-09 16:00:00
AEX              2025-06-09 16:00:00
BUXL             2025-06-09 16:00:00
EU-FOOD          2025-06-09 16:00:00
EU-REALESTATE    2025-06-09 16:00:00
EU-TECH          2025-06-09 16:00:00
EU-TRAVEL        2025-06-09 16:00:00
EU-UTILS         2025-06-09 16:00:00
EU-DJ-UTIL       2025-06-09 16:00:00
EURAUD           2025-06-09 16:00:00
EU-DJ-TELECOM    2025-06-09 16:00:00
EU-AUTO          2025-06-09 16:00:00
EU-DJ-OIL        2025-06-09 16:00:00
EURO600          2025-06-09 16:00:00
EUROSTX          2025-06-09 16:00:00
EU-MEDIA         2025-06-09 16:00:00
EU-HEALTH        2025-06-09 16:00:00
BTP3             2025-06-09 16:00:00
EUROSTX-SMALL    2025-06-09 16:00:00
BTP*             2025-06-09 16:00:00
EU-DIV30         2025-06-09 16:00:00
DAX              2025-06-09 16:00:00
CZK              2025-06-09 16:00:00
BONO             2025-06-09 16:00:00
BOBL             2025-06-09 16:00:00
EU-BASIC         2025-06-09 16:00:00
CAC              2025-06-09 16:00:00
EU-BANKS         2025-06-09 16:00:00
BUND             2025-06-09 16:00:00
SUGAR11          2025-06-09 17:00:00
GBPEUR           2025-06-09 17:00:00
SUGAR16          2025-06-09 17:00:00
COCOA            2025-06-09 18:00:00
INR              2025-06-09 18:00:00
COFFEE           2025-06-09 18:00:00
GAS-PEN          2025-06-09 18:00:00
EURCHF           2025-06-09 18:00:00
VIX_mini         2025-06-09 18:00:00
ALUMINIUM        2025-06-09 18:00:00
OJ               2025-06-09 18:00:00
NOK              2025-06-09 19:00:00
BRENT-LAST       2025-06-09 19:00:00
CORN             2025-06-09 19:00:00
OATIES           2025-06-09 19:00:00
GAS-LAST         2025-06-09 19:00:00
STEEL            2025-06-09 19:00:00
R1000            2025-06-09 19:00:00
REDWHEAT         2025-06-09 19:00:00
RICE             2025-06-09 19:00:00
CHEESE           2025-06-09 19:00:00
CANOLA*          2025-06-09 19:00:00
RUSSELL          2025-06-09 19:00:00
SOYOIL           2025-06-09 19:00:00
CAD2             2025-06-09 19:00:00
SOYMEAL          2025-06-09 19:00:00
SOYBEAN_mini     2025-06-09 19:00:00
SOYBEAN          2025-06-09 19:00:00
CORN_mini        2025-06-09 19:00:00
COTTON2          2025-06-09 19:00:00
LIVECOW          2025-06-09 19:00:00
MSCIEMASIA       2025-06-09 19:00:00
FEEDCOW*         2025-06-09 19:00:00
WHEAT_mini       2025-06-09 19:00:00
WHEAT*           2025-06-09 19:00:00
BBCOMM           2025-06-09 19:00:00
DX*              2025-06-09 19:00:00
LEANHOG          2025-06-09 19:00:00
EURCAD           2025-06-09 19:00:00
BUTTER           2025-06-09 19:00:00
US-ENERGY        2025-06-09 19:00:00
MILK             2025-06-09 19:00:00
US-INDUSTRY      2025-06-09 19:00:00
ZAR              2025-06-09 20:00:00
YENEUR*          2025-06-09 20:00:00
AUD              2025-06-09 20:00:00
US-HEALTH        2025-06-09 20:00:00
AUD_micro        2025-06-09 20:00:00
SP400            2025-06-09 20:00:00
SP500            2025-06-09 20:00:00
SP500_micro      2025-06-09 20:00:00
BRE              2025-06-09 20:00:00
US-MATERIAL      2025-06-09 20:00:00
BITCOIN          2025-06-09 20:00:00
US5              2025-06-09 20:00:00
US30             2025-06-09 20:00:00
US-DISCRETE      2025-06-09 20:00:00
US3              2025-06-09 20:00:00
US20             2025-06-09 20:00:00
US2              2025-06-09 20:00:00
US10U*           2025-06-09 20:00:00
US10             2025-06-09 20:00:00
US-UTILS         2025-06-09 20:00:00
US-STAPLES       2025-06-09 20:00:00
US-REALESTATE    2025-06-09 20:00:00
VIX              2025-06-09 20:00:00
CHF_micro        2025-06-09 20:00:00
SILVER           2025-06-09 20:00:00
ETHER-micro      2025-06-09 20:00:00
ETHEREUM         2025-06-09 20:00:00
JPY_mini         2025-06-09 20:00:00
SOFR             2025-06-09 20:00:00
EUR              2025-06-09 20:00:00
HEATOIL          2025-06-09 20:00:00
GOLD_micro       2025-06-09 20:00:00
GOLD-mini        2025-06-09 20:00:00
DOW_mini         2025-06-09 20:00:00
GOLD             2025-06-09 20:00:00
GBP_micro        2025-06-09 20:00:00
EUR_mini         2025-06-09 20:00:00
FANG             2025-06-09 20:00:00
GBP              2025-06-09 20:00:00
GAS_US_mini      2025-06-09 20:00:00
GAS_US           2025-06-09 20:00:00
FED              2025-06-09 20:00:00
GASOILINE        2025-06-09 20:00:00
EUR_micro        2025-06-09 20:00:00
LUMBER-new       2025-06-09 20:00:00
JPY              2025-06-09 20:00:00
CRUDE_W_mini     2025-06-09 20:00:00
CAD              2025-06-09 20:00:00
CAD10            2025-06-09 20:00:00
CAD5             2025-06-09 20:00:00
SEK              2025-06-09 20:00:00
DOW              2025-06-09 20:00:00
RUSSELL_mini     2025-06-09 20:00:00
CHF              2025-06-09 20:00:00
PLAT             2025-06-09 20:00:00
PALLAD           2025-06-09 20:00:00
NZD              2025-06-09 20:00:00
CAD_micro        2025-06-09 20:00:00
COPPER-micro     2025-06-09 20:00:00
COPPER-mini      2025-06-09 20:00:00
NASDAQ_micro     2025-06-09 20:00:00
NASDAQ           2025-06-09 20:00:00
MXP              2025-06-09 20:00:00
CRUDE_W          2025-06-09 20:00:00
MSCIEAFA         2025-06-09 20:00:00
CRUDE_W_micro    2025-06-09 20:00:00
COPPER           2025-06-09 20:00:00
CHFUSD           2025-06-09 23:00:00
JPYUSD           2025-06-09 23:00:00
EURUSD           2025-06-09 23:00:00
CADUSD           2025-06-09 23:00:00
KRWUSD           2025-06-09 23:00:00
SGDUSD           2025-06-09 23:00:00
SEKUSD           2025-06-09 23:00:00
GBPUSD           2025-06-09 23:00:00
MXPUSD           2025-06-09 23:00:00
HKDUSD           2025-06-09 23:00:00
CNHUSD           2025-06-09 23:00:00
AUDUSD           2025-06-09 23:00:00


============================================================
           Status of optimal position generation            
============================================================

                                                 last_update
dynamic_TF_carry/SGX              2024-12-02 22:31:28.544775
dynamic_TF_carry/BUTTER           2025-06-09 22:31:36.577835
dynamic_TF_carry/ZAR              2025-06-09 22:31:36.578094
dynamic_TF_carry/BTP3             2025-06-09 22:31:36.578336
dynamic_TF_carry/CHFJPY           2025-06-09 22:31:36.578571
dynamic_TF_carry/KOSPI            2025-06-09 22:31:36.578805
dynamic_TF_carry/DX               2025-06-09 22:31:36.579037
dynamic_TF_carry/MILLWHEAT        2025-06-09 22:31:36.579269
dynamic_TF_carry/BBCOMM           2025-06-09 22:31:36.579501
dynamic_TF_carry/MILKDRY          2025-06-09 22:31:36.579732
dynamic_TF_carry/GOLD_micro       2025-06-09 22:31:36.579962
dynamic_TF_carry/EURCHF           2025-06-09 22:31:36.580194
dynamic_TF_carry/NASDAQ_micro     2025-06-09 22:31:36.580424
dynamic_TF_carry/EU-DIV30         2025-06-09 22:31:36.580655
dynamic_TF_carry/PLN              2025-06-09 22:31:36.580886
dynamic_TF_carry/SILVER           2025-06-09 22:31:36.581118
dynamic_TF_carry/US-ENERGY        2025-06-09 22:31:36.581349
dynamic_TF_carry/OATIES           2025-06-09 22:31:36.581586
dynamic_TF_carry/AUD_micro        2025-06-09 22:31:36.581819
dynamic_TF_carry/CLP              2025-06-09 22:31:36.582052
dynamic_TF_carry/MSCITAIWAN       2025-06-09 22:31:36.582284
dynamic_TF_carry/BTP              2025-06-09 22:31:36.582517
dynamic_TF_carry/GILT             2025-06-09 22:31:36.582749
dynamic_TF_carry/US10             2025-06-09 22:31:36.582980
dynamic_TF_carry/MUMMY            2025-06-09 22:31:36.583212
dynamic_TF_carry/BUXL             2025-06-09 22:31:36.583442
dynamic_TF_carry/EU-MEDIA         2025-06-09 22:31:36.583674
dynamic_TF_carry/SUGAR_WHITE      2025-06-09 22:31:36.583903
dynamic_TF_carry/EUR_micro        2025-06-09 22:31:36.584135
dynamic_TF_carry/US-UTILS         2025-06-09 22:31:36.584365
dynamic_TF_carry/EU-INSURE        2025-06-09 22:31:36.584594
dynamic_TF_carry/LIVECOW          2025-06-09 22:31:36.584824
dynamic_TF_carry/TOPIX            2025-06-09 22:31:36.585056
dynamic_TF_carry/IRS              2025-06-09 22:31:36.585288
dynamic_TF_carry/BITCOIN          2025-06-09 22:31:36.585518
dynamic_TF_carry/R1000            2025-06-09 22:31:36.585754
dynamic_TF_carry/ETHEREUM         2025-06-09 22:31:36.586213
dynamic_TF_carry/HANGENT_mini     2025-06-09 22:31:36.586443
dynamic_TF_carry/IBEX_mini        2025-06-09 22:31:36.586674
dynamic_TF_carry/GASOIL           2025-06-09 22:31:36.586903
dynamic_TF_carry/BRENT-LAST       2025-06-09 22:31:36.587133
dynamic_TF_carry/MXP              2025-06-09 22:31:36.587364
dynamic_TF_carry/US10U            2025-06-09 22:31:36.587595
dynamic_TF_carry/EU-OIL           2025-06-09 22:31:36.587824
dynamic_TF_carry/EU-DJ-UTIL       2025-06-09 22:31:36.588055
dynamic_TF_carry/FED              2025-06-09 22:31:36.588284
dynamic_TF_carry/FTSETAIWAN       2025-06-09 22:31:36.588513
dynamic_TF_carry/BOVESPA          2025-06-09 22:31:36.588742
dynamic_TF_carry/COPPER-micro     2025-06-09 22:31:36.588972
dynamic_TF_carry/TIN_LME          2025-06-09 22:31:36.589432
dynamic_TF_carry/FTSECHINAH       2025-06-09 22:31:36.589671
dynamic_TF_carry/CAD              2025-06-09 22:31:36.589903
dynamic_TF_carry/CAC              2025-06-09 22:31:36.590134
dynamic_TF_carry/EU-DJ-TELECOM    2025-06-09 22:31:36.590365
dynamic_TF_carry/EU-REALESTATE    2025-06-09 22:31:36.590595
dynamic_TF_carry/PALLAD           2025-06-09 22:31:36.590824
dynamic_TF_carry/EUR              2025-06-09 22:31:36.591054
dynamic_TF_carry/CHINAA-CON       2025-06-09 22:31:36.591284
dynamic_TF_carry/SEK              2025-06-09 22:31:36.591514
dynamic_TF_carry/FANG             2025-06-09 22:31:36.591743
dynamic_TF_carry/MSCIWORLD        2025-06-09 22:31:36.591972
dynamic_TF_carry/SGD              2025-06-09 22:31:36.592201
dynamic_TF_carry/BUND             2025-06-09 22:31:36.592431
dynamic_TF_carry/EU-FOOD          2025-06-09 22:31:36.592662
dynamic_TF_carry/SOYBEAN_mini     2025-06-09 22:31:36.592891
dynamic_TF_carry/ROBUSTA          2025-06-09 22:31:36.593121
dynamic_TF_carry/GICS             2025-06-09 22:31:36.593351
dynamic_TF_carry/EURIBOR          2025-06-09 22:31:36.593586
dynamic_TF_carry/EUROSTX-SMALL    2025-06-09 22:31:36.593817
dynamic_TF_carry/SP400            2025-06-09 22:31:36.594047
dynamic_TF_carry/EU-CONSTRUCTION  2025-06-09 22:31:36.594737
dynamic_TF_carry/NIKKEI           2025-06-09 22:31:36.594967
dynamic_TF_carry/CRUDE_W_micro    2025-06-09 22:31:36.595258
dynamic_TF_carry/DOW              2025-06-09 22:31:36.595495
dynamic_TF_carry/COAL-GEORDIE     2025-06-09 22:31:36.595730
dynamic_TF_carry/COFFEE           2025-06-09 22:31:36.595964
dynamic_TF_carry/EU-AUTO          2025-06-09 22:31:36.596197
dynamic_TF_carry/EU-TRAVEL        2025-06-09 22:31:36.596428
dynamic_TF_carry/EUROSTX          2025-06-09 22:31:36.596660
dynamic_TF_carry/SARONA           2025-06-09 22:31:36.596892
dynamic_TF_carry/TWD              2025-06-09 22:31:36.597124
dynamic_TF_carry/US2              2025-06-09 22:31:36.597590
dynamic_TF_carry/EUA              2025-06-09 22:31:36.597823
dynamic_TF_carry/GBPCHF           2025-06-09 22:31:36.598055
dynamic_TF_carry/HOUSE-US         2025-06-09 22:31:36.598286
dynamic_TF_carry/STEEL            2025-06-09 22:31:36.598517
dynamic_TF_carry/AEX              2025-06-09 22:31:36.598748
dynamic_TF_carry/LEANHOG          2025-06-09 22:31:36.598979
dynamic_TF_carry/SOYOIL           2025-06-09 22:31:36.599210
dynamic_TF_carry/EU-RETAIL        2025-06-09 22:31:36.599442
dynamic_TF_carry/EU-BASIC         2025-06-09 22:31:36.599674
dynamic_TF_carry/BONO             2025-06-09 22:31:36.599904
dynamic_TF_carry/LUMBER-new       2025-06-09 22:31:36.600134
dynamic_TF_carry/GBPEUR           2025-06-09 22:31:36.600596
dynamic_TF_carry/MSCIASIA         2025-06-09 22:31:36.600826
dynamic_TF_carry/BOBL             2025-06-09 22:31:36.601056
dynamic_TF_carry/OAT              2025-06-09 22:31:36.601285
dynamic_TF_carry/JGB              2025-06-09 22:31:36.601517
dynamic_TF_carry/VNKI             2025-06-09 22:31:36.601763
dynamic_TF_carry/VIX              2025-06-09 22:31:36.601996
dynamic_TF_carry/US-DISCRETE      2025-06-09 22:31:36.602228
dynamic_TF_carry/OJ               2025-06-09 22:31:36.602460
dynamic_TF_carry/COTTON2          2025-06-09 22:31:36.602925
dynamic_TF_carry/EU-CHEM          2025-06-09 22:31:36.603158
dynamic_TF_carry/KOSPI_mini       2025-06-09 22:31:36.603392
dynamic_TF_carry/FTSEINDO         2025-06-09 22:31:36.603624
dynamic_TF_carry/KRWUSD           2025-06-09 22:31:36.603856
dynamic_TF_carry/RICE             2025-06-09 22:31:36.604088
dynamic_TF_carry/US3              2025-06-09 22:31:36.604320
dynamic_TF_carry/GAS-PEN          2025-06-09 22:31:36.604553
dynamic_TF_carry/EURAUD           2025-06-09 22:31:36.604785
dynamic_TF_carry/HEATOIL          2025-06-09 22:31:36.605016
dynamic_TF_carry/US-MATERIAL      2025-06-09 22:31:36.605249
dynamic_TF_carry/SONIA3           2025-06-09 22:31:36.605481
dynamic_TF_carry/US-HEALTH        2025-06-09 22:31:36.605719
dynamic_TF_carry/MSCISING         2025-06-09 22:31:36.605952
dynamic_TF_carry/DAX              2025-06-09 22:31:36.606183
dynamic_TF_carry/KR10             2025-06-09 22:31:36.606416
dynamic_TF_carry/FTSE250          2025-06-09 22:31:36.606649
dynamic_TF_carry/EU-BANKS         2025-06-09 22:31:36.606881
dynamic_TF_carry/NIKKEI400        2025-06-09 22:31:36.607112
dynamic_TF_carry/EUROSTX200-LARGE 2025-06-09 22:31:36.607344
dynamic_TF_carry/CANOLA           2025-06-09 22:31:36.607574
dynamic_TF_carry/EU-MID           2025-06-09 22:31:36.607807
dynamic_TF_carry/CORN             2025-06-09 22:31:36.608039
dynamic_TF_carry/JP-REALESTATE    2025-06-09 22:31:36.608272
dynamic_TF_carry/SWISSLEAD        2025-06-09 22:31:36.608505
dynamic_TF_carry/JPY              2025-06-09 22:31:36.608736
dynamic_TF_carry/NOK              2025-06-09 22:31:36.608968
dynamic_TF_carry/MSCIEAFA         2025-06-09 22:31:36.609199
dynamic_TF_carry/EU-TECH          2025-06-09 22:31:36.609430
dynamic_TF_carry/RUR              2025-06-09 22:31:36.609665
dynamic_TF_carry/CAD5             2025-06-09 22:31:36.609895
dynamic_TF_carry/GBP              2025-06-09 22:31:36.610126
dynamic_TF_carry/SP500_micro      2025-06-09 22:31:36.610358
dynamic_TF_carry/RUBBER           2025-06-09 22:31:36.610588
dynamic_TF_carry/MILK             2025-06-09 22:31:36.610820
dynamic_TF_carry/GAS_US_mini      2025-06-09 22:31:36.611052
dynamic_TF_carry/SOYBEAN          2025-06-09 22:31:36.611282
dynamic_TF_carry/CAD2             2025-06-09 22:31:36.611511
dynamic_TF_carry/US-REALESTATE    2025-06-09 22:31:36.611742
dynamic_TF_carry/CHF              2025-06-09 22:31:36.611972
dynamic_TF_carry/FTSEVIET         2025-06-09 22:31:36.612203
dynamic_TF_carry/NZD              2025-06-09 22:31:36.612433
dynamic_TF_carry/BRENT_W          2025-06-09 22:31:36.612665
dynamic_TF_carry/IG               2025-06-09 22:31:36.612897
dynamic_TF_carry/EU-HEALTH        2025-06-09 22:31:36.613357
dynamic_TF_carry/SMI-MID          2025-06-09 22:31:36.613591
dynamic_TF_carry/COCOA            2025-06-09 22:31:36.613824
dynamic_TF_carry/ALUMINIUM        2025-06-09 22:31:36.614055
dynamic_TF_carry/HANG_mini        2025-06-09 22:31:36.614285
dynamic_TF_carry/AUD              2025-06-09 22:31:36.614516
dynamic_TF_carry/EURIBOR-ICE      2025-06-09 22:31:36.614747
dynamic_TF_carry/MILKWET          2025-06-09 22:31:36.614978
dynamic_TF_carry/US5              2025-06-09 22:31:36.615208
dynamic_TF_carry/EURCAD           2025-06-09 22:31:36.615439
dynamic_TF_carry/GAS-LAST         2025-06-09 22:31:36.615670
dynamic_TF_carry/US-INDUSTRY      2025-06-09 22:31:36.615902
dynamic_TF_carry/US30             2025-06-09 22:31:36.616133
dynamic_TF_carry/EUROSTX-LARGE    2025-06-09 22:31:36.616593
dynamic_TF_carry/COPPER           2025-06-09 22:31:36.616824
dynamic_TF_carry/MSCIEMASIA       2025-06-09 22:31:36.617055
dynamic_TF_carry/FTSE100          2025-06-09 22:31:36.617751
dynamic_TF_carry/RUSSELL          2025-06-09 22:31:36.617982
dynamic_TF_carry/AUDJPY           2025-06-09 22:31:36.618214
dynamic_TF_carry/FTSECHINAA       2025-06-09 22:31:36.618445
dynamic_TF_carry/CRUDE_ICE        2025-06-09 22:31:36.618676
dynamic_TF_carry/KRWUSD_mini      2025-06-09 22:31:36.618908
dynamic_TF_carry/EPRA-EUROPE      2025-06-09 22:31:36.619140
dynamic_TF_carry/EU-UTILS         2025-06-09 22:31:36.619372
dynamic_TF_carry/GBPJPY           2025-06-09 22:31:36.619604
dynamic_TF_carry/V2X              2025-06-09 22:31:36.619864
dynamic_TF_carry/COTTON           2025-06-09 22:31:36.620097
dynamic_TF_carry/REDWHEAT         2025-06-09 22:31:36.620330
dynamic_TF_carry/SOFR             2025-06-09 22:31:36.620565
dynamic_TF_carry/JGB-SGX-mini     2025-06-09 22:31:36.620796
dynamic_TF_carry/WHEY             2025-06-09 22:31:36.621031
dynamic_TF_carry/KR3              2025-06-09 22:31:36.621264
dynamic_TF_carry/CH10             2025-06-09 22:31:36.621496
dynamic_TF_carry/SPI200           2025-06-09 22:31:36.621735
dynamic_TF_carry/EU-HOUSE         2025-06-09 22:31:36.621969
dynamic_TF_carry/SMI              2025-06-09 22:31:36.622200
dynamic_TF_carry/COAL             2025-06-09 22:31:36.622432
dynamic_TF_carry/CNH              2025-06-09 22:31:36.622665
dynamic_TF_carry/WHEAT            2025-06-09 22:31:36.622895
dynamic_TF_carry/YENEUR           2025-06-09 22:31:36.623128
dynamic_TF_carry/COPPER_LME       2025-06-09 22:31:36.623358
dynamic_TF_carry/CRUDE_W_mini     2025-06-09 22:31:36.623591
dynamic_TF_carry/LEAD_LME         2025-06-09 22:31:36.623822
dynamic_TF_carry/CHEESE           2025-06-09 22:31:36.624055
dynamic_TF_carry/SUGAR11          2025-06-09 22:31:36.624286
dynamic_TF_carry/ZINC_LME         2025-06-09 22:31:36.624520
dynamic_TF_carry/FEEDCOW          2025-06-09 22:31:36.624754
dynamic_TF_carry/US-STAPLES       2025-06-09 22:31:36.624987
dynamic_TF_carry/EURO600          2025-06-09 22:31:36.625219
dynamic_TF_carry/BRE              2025-06-09 22:31:36.625451
dynamic_TF_carry/INR              2025-06-09 22:31:36.625687
dynamic_TF_carry/NICKEL_LME       2025-06-09 22:31:36.625920
dynamic_TF_carry/CAD10            2025-06-09 22:31:36.626151
dynamic_TF_carry/CZK              2025-06-09 22:31:36.626382
dynamic_TF_carry/GASOILINE        2025-06-09 22:31:36.626613
dynamic_TF_carry/SOYMEAL          2025-06-09 22:31:36.626846
dynamic_TF_carry/SUGAR16          2025-06-09 22:31:36.627077
dynamic_TF_carry/US20             2025-06-09 22:31:36.627310
dynamic_TF_carry/PLAT             2025-06-09 22:31:36.627774
dynamic_TF_carry/COCOA_LDN        2025-06-09 22:31:36.628006
dynamic_TF_carry/HANGTECH         2025-06-09 22:31:36.628238
dynamic_TF_carry/OMX              2025-06-09 22:31:36.628470
dynamic_TF_carry/WHEAT_ICE        2025-06-09 22:31:36.628934
dynamic_TF_carry/HIGHYIELD        2025-06-09 22:31:36.629166
dynamic_TF_carry/SHATZ            2025-06-09 22:31:36.629395
dynamic_TF_carry/IRON             2025-06-09 22:31:36.629630
dynamic_TF_carry/KOSDAQ           2025-06-09 22:31:36.629862
dynamic_TF_carry/MIB              2025-06-09 22:31:36.630091


======================================================================================================================
                                                Status of trade limits                                                
======================================================================================================================

                   period_days  trade_limit  trades_since_last_reset  trade_capacity_remaining   time_since_last_reset
 DOW                         1            4                      2.0                       2.0  0 days 07:56:34.941764
 BTP                        14            4                      1.0                       3.0  6 days 14:56:21.734505
 MXP                         1            4                      1.0                       3.0  0 days 07:56:36.797132
 BTP                        30            4                      1.0                       3.0  6 days 14:56:21.736274
 EU-DJ-UTIL                  1            4                      0.0                       4.0  0 days 00:00:00.000001
 EU-DJ-TELECOM               1            4                      0.0                       4.0  0 days 00:00:00.000002
 EU-DJ-TECH                  1            4                      0.0                       4.0  0 days 00:00:00.000001
 EU-DJ-OIL                   1            4                      0.0                       4.0  0 days 00:00:00.000001
 EU-CONSTRUCTION             1            4                      0.0                       4.0  0 days 00:00:00.000002
 CZK                         1            4                      0.0                       4.0  0 days 00:00:00.000001
 COTTON                      1            4                      0.0                       4.0  0 days 00:00:00.000001
 COPPER-mini                 1            4                      0.0                       4.0  0 days 00:00:00.000002
 CLP                         1            4                      0.0                       4.0  0 days 00:00:00.000001
 EU-HOUSE                    1            4                      0.0                       4.0  0 days 00:00:00.000001
 CH10                        1            4                      0.0                       4.0  0 days 00:00:00.000002
 BUTTER                      1            4                      0.0                       4.0  0 days 00:00:00.000002
 BOVESPA                     1            4                      0.0                       4.0  0 days 00:00:00.000001
 BEL20                       1            4                      0.0                       4.0  0 days 00:00:00.000001
 ALUMINIUM                   1            4                      0.0                       4.0  0 days 00:00:00.000002
 YENEUR                     30            4                      0.0                       4.0  0 days 00:00:00.000001
 US30                       30            4                      0.0                       4.0  0 days 00:00:00.000001
 US3                        30            4                      0.0                       4.0  0 days 00:00:00.000002
 CNH-onshore                 1            4                      0.0                       4.0  0 days 00:00:00.000001
 EU-MEDIA                    1            4                      0.0                       4.0  0 days 00:00:00.000002
 EU-MID                      1            4                      0.0                       4.0  0 days 00:00:00.000002
 EU-REALESTATE               1            4                      0.0                       4.0  0 days 00:00:00.000001
 US-HEALTH                   1            4                      0.0                       4.0  0 days 00:00:00.000002
 US-ENERGY                   1            4                      0.0                       4.0  0 days 00:00:00.000001
 US-DISCRETE                 1            4                      0.0                       4.0  0 days 00:00:00.000001
 SMI-MID                     1            4                      0.0                       4.0  0 days 00:00:00.000002
 SGX                         1            4                      0.0                       4.0  0 days 00:00:00.000001
 SGD                         1            4                      0.0                       4.0  0 days 00:00:00.000001
 OMX                         1            4                      0.0                       4.0  0 days 00:00:00.000002
 MSCIASIA                    1            4                      0.0                       4.0  0 days 00:00:00.000002
 MILKWET                     1            4                      0.0                       4.0  0 days 00:00:00.000001
 US10U                      30            4                      0.0                       4.0  3 days 07:56:38.263458
 MILKDRY                     1            4                      0.0                       4.0  0 days 00:00:00.000002
 JP-REALESTATE               1            4                      0.0                       4.0  0 days 00:00:00.000001
 JGB-SGX-mini                1            4                      0.0                       4.0  0 days 00:00:00.000002
 IRS                         1            4                      0.0                       4.0  0 days 00:00:00.000002
 FTSEINDO                    1            4                      0.0                       4.0  0 days 00:00:00.000001
 EUROSTX200-LARGE            1            4                      0.0                       4.0  0 days 00:00:00.000001
 EUROSTX-SMALL               1            4                      0.0                       4.0  0 days 00:00:00.000001
 EUROSTX-LARGE               1            4                      0.0                       4.0  0 days 00:00:00.000002
