
********************************************************************************
                   Status report produced on 04/03/2026 22:58                   
********************************************************************************


Delayed methods: No delays

=============================
Delayed adjusted / FX prices 
=============================

                  last_update
HIGHYIELD 2026-02-27 15:00:01
IG        2026-02-27 20:00:01


===============================================
           Delayed optimal positions           
===============================================

                                    last_update
dynamic_TF_carry/SGX 2024-12-02 22:31:28.544775


==========================================================================================================
                                        Instruments at trade limit                                        
==========================================================================================================

       period_days  trade_limit  trades_since_last_reset  trade_capacity_remaining   time_since_last_reset
 BUND           30            4                      4.0                       0.0 26 days 14:57:56.515082


================================================
         Instruments at position limit          
================================================

                 keys  position pos_limit  spare
0              AUDJPY         0       0.0    0.0
156           MILKWET         0       0.0    0.0
74             NASDAQ         0       0.0    0.0
157        COPPER_LME         0       0.0    0.0
160           TIN_LME         0       0.0    0.0
71           TWD-mini         0       0.0    0.0
162               IRS         0       0.0    0.0
69            MILKDRY         0       0.0    0.0
67           EU-HOUSE         0       0.0    0.0
155           EU-CHEM         0       0.0    0.0
169             CAD10         5       5.0    0.0
175           BOVESPA         0       0.0    0.0
56      EUROSTX-LARGE         0       0.0    0.0
181            EURCHF         0       0.0    0.0
53             GBPJPY         0       0.0    0.0
52          CHF_micro         0       0.0    0.0
184              BUXL         1       1.0    0.0
50             EURAUD         0       0.0    0.0
48           JPY_mini         0       0.0    0.0
172        BRENT-LAST         1       1.0    0.0
186               MIB         1       1.0    0.0
77                SEK         0       0.0    0.0
79                CZK         0       0.0    0.0
119         SWISSLEAD         0       0.0    0.0
110               JGB         0       0.0    0.0
120          EU-MEDIA         0       0.0    0.0
124          JGB-mini         0       0.0    0.0
104               TWD         0       0.0    0.0
102               OMX         0       0.0    0.0
135             SP400         0       0.0    0.0
100               AEX         1       1.0    0.0
78              STEEL         0       0.0    0.0
99                 IG         0       0.0    0.0
95          EU-TRAVEL         0       0.0    0.0
90        COPPER-mini         0       0.0    0.0
141            PALLAD         0       0.0    0.0
142          AEX_mini         0       0.0    0.0
143       EPRA-EUROPE         0       0.0    0.0
149            EURCAD         0       0.0    0.0
153               PLN         0       0.0    0.0
80            SMI-MID         0       0.0    0.0
98               VNKI         0       0.0    0.0
189             R1000         0       0.0    0.0
116            CHFJPY         0       0.0    0.0
214            KRWUSD         0       0.0    0.0
191               NOK         0       0.0    0.0
20    GASOILINE_micro         0       0.0    0.0
213              CH10         0       0.0    0.0
23      EU-DJ-TELECOM         0       0.0    0.0
25       COAL-GEORDIE         0       0.0    0.0
210          SGD_mini         0       0.0    0.0
206  EUROSTX200-LARGE         0       0.0    0.0
201            BUTTER         0       0.0    0.0
229               CLP         0       0.0    0.0
32    EU-CONSTRUCTION         0       0.0    0.0
232          HOUSE-US         0       0.0    0.0
33           ETHEREUM         0       0.0    0.0
233       HEATOIL-ICE         0       0.0    0.0
31          EU-RETAIL         0       0.0    0.0
5                GICS         0       0.0    0.0
193               SGX         0       0.0    0.0
194              WHEY         0       0.0    0.0
238            COTTON         0       0.0    0.0
235        EU-DJ-TECH         0       0.0    0.0
4           HIGHYIELD         0       0.0    0.0
38        CNH-onshore         0       0.0    0.0
218              COAL         0       0.0    0.0
35              COCOA        -1       1.0    0.0


=========================================================
         Overrides in database consider deleting         
=========================================================

                                                 override
NICKEL_LME             Override Close because in database
SILVER           Override Reduce only because in database
VNKI             Override Reduce only because in database
FTSE100          Override Reduce only because in database
JGB-mini         Override Reduce only because in database
SPI200           Override Reduce only because in database
GOLD-mini        Override Reduce only because in database
OATIES           Override Reduce only because in database
STEEL            Override Reduce only because in database
CH10             Override Reduce only because in database
GASOILINE_micro  Override Reduce only because in database
VIX_mini         Override Reduce only because in database
IRS              Override Reduce only because in database
JP-REALESTATE    Override Reduce only because in database
GICS             Override Reduce only because in database
SGD              Override Reduce only because in database
KRWUSD           Override Reduce only because in database
TOPIX            Override Reduce only because in database
PLN              Override Reduce only because in database
NIKKEI400        Override Reduce only because in database
CZK              Override Reduce only because in database
EURCAD           Override Reduce only because in database
CHF_micro        Override Reduce only because in database
NOK              Override Reduce only because in database
R1000            Override Reduce only because in database
IBEX_mini        Override Reduce only because in database
GBP_micro        Override Reduce only because in database
EU-CHEM          Override Reduce only because in database
EU-INSURE        Override Reduce only because in database
KOSDAQ           Override Reduce only because in database
IBEX             Override Reduce only because in database
AUDJPY           Override Reduce only because in database
EUR_mini         Override Reduce only because in database
RICE             Override Reduce only because in database
KOSPI_mini       Override Reduce only because in database
KOSPI            Override Reduce only because in database
GBPCHF           Override Reduce only because in database
MXP              Override Reduce only because in database
YENEUR           Override Reduce only because in database
CHFJPY           Override Reduce only because in database
CNH-onshore      Override Reduce only because in database
CRUDE_W_mini     Override Reduce only because in database
SEK              Override Reduce only because in database
OMX              Override Reduce only because in database
GBPEUR           Override Reduce only because in database
GBPJPY           Override Reduce only because in database
EURAUD           Override Reduce only because in database
TWD-mini         Override Reduce only because in database
JPY_mini         Override Reduce only because in database
EURCHF           Override Reduce only because in database
EU-BANKS         Override Reduce only because in database
EU-CONSTRUCTION  Override Reduce only because in database
BBCOMM           Override Reduce only because in database

Locked instruments (position mismatch): []

==============================================
Status of adjusted price / FX price collection
==============================================

                         last_update
HIGHYIELD        2026-02-27 15:00:01
IG               2026-02-27 20:00:01
SGX              2026-03-02 23:00:00
CZK              2026-03-03 23:00:00
COAL-GEORDIE     2026-03-03 23:00:00
CNH-onshore      2026-03-03 23:00:00
CLP              2026-03-03 23:00:00
OMX              2026-03-03 23:00:00
IRS              2026-03-03 23:00:00
SGD_mini         2026-03-03 23:00:00
MSCIEMASIA       2026-03-03 23:00:00
HOUSE-US         2026-03-03 23:00:00
SUGAR16          2026-03-03 23:00:00
COTTON           2026-03-03 23:00:00
TIN_LME          2026-03-03 23:00:00
GAS-PEN          2026-03-03 23:00:00
BOVESPA          2026-03-03 23:00:00
GASOILINE_micro  2026-03-03 23:00:00
TWD              2026-03-03 23:00:00
GBPCHF           2026-03-03 23:00:00
SWISSLEAD        2026-03-03 23:00:00
TWD-mini         2026-03-04 01:00:00
SGD              2026-03-04 01:00:00
JGB-SGX-mini     2026-03-04 01:00:00
JGB-mini         2026-03-04 03:30:00
CNH              2026-03-04 04:00:00
JP-REALESTATE    2026-03-04 04:00:00
IRON             2026-03-04 04:00:00
VNKI             2026-03-04 04:00:00
FTSEVIET         2026-03-04 04:00:00
KRWUSD_mini      2026-03-04 04:00:00
FTSEINDO         2026-03-04 04:00:00
SPI200           2026-03-04 04:00:00
KR10*            2026-03-04 05:00:00
FTSECHINAA*      2026-03-04 05:00:00
KR3              2026-03-04 05:00:00
KOSPI_mini       2026-03-04 05:00:00
HANGENT          2026-03-04 05:00:00
KOSPI            2026-03-04 05:00:00
KOSDAQ           2026-03-04 05:00:00
JGB              2026-03-04 05:00:00
HANG             2026-03-04 05:00:00
HANG_mini        2026-03-04 05:00:00
HANGENT_mini     2026-03-04 05:00:00
FTSETAIWAN       2026-03-04 05:00:00
HANGTECH*        2026-03-04 05:00:00
FTSECHINAH       2026-03-04 05:00:00
MSCITAIWAN       2026-03-04 05:00:00
MSCISING         2026-03-04 05:00:00
TOPIX            2026-03-04 05:00:00
RUBBER           2026-03-04 05:00:00
CHINAA-CON       2026-03-04 05:00:00
NIKKEI400        2026-03-04 05:00:00
MUMMY*           2026-03-04 05:00:00
NIKKEI*          2026-03-04 05:00:00
SMI-MID          2026-03-04 10:00:00
LEAD_LME         2026-03-04 13:00:00
AEX_mini         2026-03-04 13:00:00
EPRA-EUROPE      2026-03-04 13:00:00
NICKEL_LME       2026-03-04 13:00:00
EUROSTX-LARGE    2026-03-04 13:00:00
EURIBOR          2026-03-04 14:00:00
EU-RETAIL        2026-03-04 15:00:00
HEATOIL-ICE      2026-03-04 15:00:00
FTSE250          2026-03-04 15:00:00
SONIA3           2026-03-04 15:00:00
EUA              2026-03-04 15:00:00
BRENT_W          2026-03-04 15:00:00
FTSE100          2026-03-04 15:00:00
ZINC_LME         2026-03-04 15:00:00
WHEAT_ICE        2026-03-04 15:00:00
V2X              2026-03-04 15:00:00
ALUMINIUM_LME    2026-03-04 15:00:00
EURIBOR-ICE      2026-03-04 15:00:00
AUDJPY           2026-03-04 15:00:00
GASOIL           2026-03-04 15:00:00
EUROSTX-SMALL    2026-03-04 15:00:00
GILT             2026-03-04 15:00:00
EUROSTX200-LARGE 2026-03-04 15:00:00
IBEX_mini        2026-03-04 15:00:00
IBEX             2026-03-04 15:00:00
COPPER_LME       2026-03-04 15:00:00
CRUDE_ICE        2026-03-04 15:00:00
MSCIASIA         2026-03-04 15:00:00
MSCIWORLD        2026-03-04 15:00:00
MIB*             2026-03-04 15:00:00
COCOA_LDN        2026-03-04 15:00:00
COAL             2026-03-04 15:00:00
PLN              2026-03-04 15:00:00
EU-CHEM          2026-03-04 15:00:00
MILLWHEAT        2026-03-04 15:00:00
CH10             2026-03-04 15:00:00
EU-DJ-OIL        2026-03-04 15:00:00
EU-DJ-TECH       2026-03-04 15:00:00
EU-DJ-TELECOM    2026-03-04 15:00:00
SARONA           2026-03-04 15:00:00
EU-HOUSE         2026-03-04 15:00:00
EU-INSURE        2026-03-04 15:00:00
ROBUSTA          2026-03-04 15:00:00
SMI              2026-03-04 16:00:00
OAT              2026-03-04 16:00:00
SHATZ            2026-03-04 16:00:00
SUGAR_WHITE      2026-03-04 16:00:00
GASOILINE_ICE    2026-03-04 16:00:00
AEX*             2026-03-04 16:00:00
BUXL*            2026-03-04 16:00:00
EU-TECH*         2026-03-04 16:00:00
EU-REALESTATE    2026-03-04 16:00:00
EU-OIL           2026-03-04 16:00:00
EU-MID           2026-03-04 16:00:00
EU-MEDIA         2026-03-04 16:00:00
EU-HEALTH        2026-03-04 16:00:00
EU-FOOD          2026-03-04 16:00:00
EU-DJ-UTIL       2026-03-04 16:00:00
EU-TRAVEL        2026-03-04 16:00:00
EU-CONSTRUCTION  2026-03-04 16:00:00
EU-BANKS         2026-03-04 16:00:00
EU-AUTO          2026-03-04 16:00:00
CAC              2026-03-04 16:00:00
DAX*             2026-03-04 16:00:00
BUND*            2026-03-04 16:00:00
BOBL             2026-03-04 16:00:00
BONO             2026-03-04 16:00:00
BTP3             2026-03-04 16:00:00
EU-BASIC*        2026-03-04 16:00:00
EU-UTILS         2026-03-04 16:00:00
EU-DIV30         2026-03-04 16:00:00
BTP              2026-03-04 16:00:00
EUROSTX          2026-03-04 16:00:00
EURO600          2026-03-04 16:00:00
MILKWET          2026-03-04 17:00:00
SUGAR11          2026-03-04 17:00:00
INR              2026-03-04 17:00:00
COFFEE           2026-03-04 18:00:00
ALUMINIUM        2026-03-04 18:00:00
COPPER-mini      2026-03-04 18:00:00
OJ               2026-03-04 18:00:00
DX               2026-03-04 18:00:00
COCOA*           2026-03-04 18:00:00
KRWUSD           2026-03-04 18:00:00
SOYMEAL          2026-03-04 19:00:00
GAS-LAST         2026-03-04 19:00:00
BUTTER           2026-03-04 19:00:00
OATIES           2026-03-04 19:00:00
US-DISCRETE      2026-03-04 19:00:00
CANOLA*          2026-03-04 19:00:00
CORN             2026-03-04 19:00:00
CORN_mini        2026-03-04 19:00:00
COTTON2          2026-03-04 19:00:00
BBCOMM           2026-03-04 19:00:00
FEEDCOW          2026-03-04 19:00:00
CRUDE_W_micro*   2026-03-04 19:00:00
GOLD             2026-03-04 19:00:00
MILKDRY          2026-03-04 19:00:00
EURCAD           2026-03-04 19:00:00
CAD2             2026-03-04 19:00:00
STEEL            2026-03-04 19:00:00
LIVECOW          2026-03-04 19:00:00
WHEAT            2026-03-04 19:00:00
SOYBEAN_mini     2026-03-04 19:00:00
WHEAT_mini       2026-03-04 19:00:00
CHEESE           2026-03-04 19:00:00
JPY_mini         2026-03-04 19:00:00
SOYBEAN          2026-03-04 19:00:00
RICE             2026-03-04 19:00:00
GBPJPY           2026-03-04 19:00:00
SOYOIL           2026-03-04 19:00:00
R1000            2026-03-04 19:00:00
GICS             2026-03-04 19:00:00
WHEY             2026-03-04 19:00:00
LEANHOG          2026-03-04 19:00:00
REDWHEAT         2026-03-04 19:00:00
EURAUD           2026-03-04 19:00:00
SP500            2026-03-04 20:00:00
SP400            2026-03-04 20:00:00
SP500_micro*     2026-03-04 20:00:00
FED              2026-03-04 20:00:00
BRE*             2026-03-04 20:00:00
ZAR              2026-03-04 20:00:00
YENEUR           2026-03-04 20:00:00
AUD              2026-03-04 20:00:00
AUD_micro*       2026-03-04 20:00:00
VIX_mini         2026-03-04 20:00:00
VIX              2026-03-04 20:00:00
US5              2026-03-04 20:00:00
US30             2026-03-04 20:00:00
US3              2026-03-04 20:00:00
BRENT-LAST*      2026-03-04 20:00:00
US20             2026-03-04 20:00:00
US10U            2026-03-04 20:00:00
US10             2026-03-04 20:00:00
US-UTILS         2026-03-04 20:00:00
US-REALESTATE    2026-03-04 20:00:00
US-MATERIAL      2026-03-04 20:00:00
US-INDUSTRY      2026-03-04 20:00:00
US-HEALTH        2026-03-04 20:00:00
US-ENERGY        2026-03-04 20:00:00
BITCOIN*         2026-03-04 20:00:00
US2              2026-03-04 20:00:00
US-STAPLES       2026-03-04 20:00:00
CHFJPY           2026-03-04 20:00:00
SILVER           2026-03-04 20:00:00
DOW              2026-03-04 20:00:00
DOW_mini         2026-03-04 20:00:00
ETHER-micro      2026-03-04 20:00:00
SOFR             2026-03-04 20:00:00
JPY*             2026-03-04 20:00:00
HEATOIL          2026-03-04 20:00:00
EUR              2026-03-04 20:00:00
GOLD_micro       2026-03-04 20:00:00
GOLD-mini        2026-03-04 20:00:00
GBP_micro        2026-03-04 20:00:00
GBPEUR           2026-03-04 20:00:00
EURCHF           2026-03-04 20:00:00
GBP*             2026-03-04 20:00:00
GAS_US_mini      2026-03-04 20:00:00
GAS_US           2026-03-04 20:00:00
GASOILINE        2026-03-04 20:00:00
EUR_micro        2026-03-04 20:00:00
EUR_mini         2026-03-04 20:00:00
FANG             2026-03-04 20:00:00
LUMBER-new       2026-03-04 20:00:00
CRUDE_W_mini     2026-03-04 20:00:00
ETHEREUM         2026-03-04 20:00:00
CRUDE_W          2026-03-04 20:00:00
CAD              2026-03-04 20:00:00
CAD10*           2026-03-04 20:00:00
CAD5             2026-03-04 20:00:00
SEK              2026-03-04 20:00:00
MILK             2026-03-04 20:00:00
RUSSELL_mini     2026-03-04 20:00:00
RUSSELL*         2026-03-04 20:00:00
CHF              2026-03-04 20:00:00
PLAT             2026-03-04 20:00:00
PALLAD           2026-03-04 20:00:00
CAD_micro        2026-03-04 20:00:00
NZD*             2026-03-04 20:00:00
NOK              2026-03-04 20:00:00
COPPER           2026-03-04 20:00:00
NASDAQ_micro     2026-03-04 20:00:00
NASDAQ           2026-03-04 20:00:00
MXP*             2026-03-04 20:00:00
COPPER-micro*    2026-03-04 20:00:00
MSCIEAFA         2026-03-04 20:00:00
CHF_micro        2026-03-04 20:00:00
CHFUSD           2026-03-04 23:00:00
JPYUSD           2026-03-04 23:00:00
EURUSD           2026-03-04 23:00:00
CADUSD           2026-03-04 23:00:00
KRWUSD           2026-03-04 23:00:00
SGDUSD           2026-03-04 23:00:00
SEKUSD           2026-03-04 23:00:00
GBPUSD           2026-03-04 23:00:00
MXPUSD           2026-03-04 23:00:00
HKDUSD           2026-03-04 23:00:00
CNHUSD           2026-03-04 23:00:00
AUDUSD           2026-03-04 23:00:00


============================================================
           Status of optimal position generation            
============================================================

                                                 last_update
dynamic_TF_carry/SGX              2024-12-02 22:31:28.544775
dynamic_TF_carry/PALLAD           2026-03-04 22:31:39.916137
dynamic_TF_carry/MSCITAIWAN       2026-03-04 22:31:39.916391
dynamic_TF_carry/SGD              2026-03-04 22:31:39.916857
dynamic_TF_carry/US30             2026-03-04 22:31:39.917087
dynamic_TF_carry/EURIBOR-ICE      2026-03-04 22:31:39.917315
dynamic_TF_carry/HANG_mini        2026-03-04 22:31:39.917543
dynamic_TF_carry/EU-AUTO          2026-03-04 22:31:39.917774
dynamic_TF_carry/COFFEE           2026-03-04 22:31:39.918001
dynamic_TF_carry/US-MATERIAL      2026-03-04 22:31:39.918227
dynamic_TF_carry/SOFR             2026-03-04 22:31:39.918454
dynamic_TF_carry/CNH              2026-03-04 22:31:39.918681
dynamic_TF_carry/EU-DIV30         2026-03-04 22:31:39.918906
dynamic_TF_carry/US5              2026-03-04 22:31:39.919133
dynamic_TF_carry/ZINC_LME         2026-03-04 22:31:39.919359
dynamic_TF_carry/TIN_LME          2026-03-04 22:31:39.919585
dynamic_TF_carry/MSCIASIA         2026-03-04 22:31:39.919812
dynamic_TF_carry/BUND             2026-03-04 22:31:39.920038
dynamic_TF_carry/US-HEALTH        2026-03-04 22:31:39.920266
dynamic_TF_carry/CHF              2026-03-04 22:31:39.920493
dynamic_TF_carry/COCOA            2026-03-04 22:31:39.920721
dynamic_TF_carry/CZK              2026-03-04 22:31:39.920947
dynamic_TF_carry/KR10             2026-03-04 22:31:39.921173
dynamic_TF_carry/EU-OIL           2026-03-04 22:31:39.921399
dynamic_TF_carry/GAS-PEN          2026-03-04 22:31:39.921629
dynamic_TF_carry/HANGENT_mini     2026-03-04 22:31:39.921856
dynamic_TF_carry/NIKKEI           2026-03-04 22:31:39.922083
dynamic_TF_carry/SONIA3           2026-03-04 22:31:39.922310
dynamic_TF_carry/KRWUSD_mini      2026-03-04 22:31:39.922537
dynamic_TF_carry/EU-FOOD          2026-03-04 22:31:39.922763
dynamic_TF_carry/COCOA_LDN        2026-03-04 22:31:39.922988
dynamic_TF_carry/NZD              2026-03-04 22:31:39.923215
dynamic_TF_carry/EPRA-EUROPE      2026-03-04 22:31:39.923441
dynamic_TF_carry/JPY              2026-03-04 22:31:39.923670
dynamic_TF_carry/FTSE250          2026-03-04 22:31:39.923898
dynamic_TF_carry/COAL-GEORDIE     2026-03-04 22:31:39.924124
dynamic_TF_carry/GOLD_micro       2026-03-04 22:31:39.924351
dynamic_TF_carry/HEATOIL          2026-03-04 22:31:39.924577
dynamic_TF_carry/BOBL             2026-03-04 22:31:39.924804
dynamic_TF_carry/MSCIEMASIA       2026-03-04 22:31:39.925029
dynamic_TF_carry/US-INDUSTRY      2026-03-04 22:31:39.925255
dynamic_TF_carry/BUTTER           2026-03-04 22:31:39.925938
dynamic_TF_carry/BOVESPA          2026-03-04 22:31:39.926165
dynamic_TF_carry/FED              2026-03-04 22:31:39.926390
dynamic_TF_carry/SEK              2026-03-04 22:31:39.926615
dynamic_TF_carry/TOPIX            2026-03-04 22:31:39.926841
dynamic_TF_carry/CRUDE_W_mini     2026-03-04 22:31:39.927067
dynamic_TF_carry/CAC              2026-03-04 22:31:39.927293
dynamic_TF_carry/AUDJPY           2026-03-04 22:31:39.927520
dynamic_TF_carry/GBPJPY           2026-03-04 22:31:39.927746
dynamic_TF_carry/AUD              2026-03-04 22:31:39.927973
dynamic_TF_carry/PLAT             2026-03-04 22:31:39.928200
dynamic_TF_carry/MSCIEAFA         2026-03-04 22:31:39.928426
dynamic_TF_carry/US-UTILS         2026-03-04 22:31:39.928652
dynamic_TF_carry/EU-BASIC         2026-03-04 22:31:39.928879
dynamic_TF_carry/EUROSTX-LARGE    2026-03-04 22:31:39.929106
dynamic_TF_carry/KR3              2026-03-04 22:31:39.929333
dynamic_TF_carry/IRS              2026-03-04 22:31:39.929559
dynamic_TF_carry/SHATZ            2026-03-04 22:31:39.929788
dynamic_TF_carry/KOSDAQ           2026-03-04 22:31:39.930015
dynamic_TF_carry/BBCOMM           2026-03-04 22:31:39.930241
dynamic_TF_carry/BONO             2026-03-04 22:31:39.930467
dynamic_TF_carry/KOSPI            2026-03-04 22:31:39.930694
dynamic_TF_carry/MSCISING         2026-03-04 22:31:39.930920
dynamic_TF_carry/CH10             2026-03-04 22:31:39.931147
dynamic_TF_carry/V2X              2026-03-04 22:31:39.931374
dynamic_TF_carry/US-DISCRETE      2026-03-04 22:31:39.931602
dynamic_TF_carry/COPPER_LME       2026-03-04 22:31:39.931830
dynamic_TF_carry/EU-BANKS         2026-03-04 22:31:39.932286
dynamic_TF_carry/COTTON2          2026-03-04 22:31:39.932512
dynamic_TF_carry/EU-RETAIL        2026-03-04 22:31:39.932740
dynamic_TF_carry/FEEDCOW          2026-03-04 22:31:39.932968
dynamic_TF_carry/MILK             2026-03-04 22:31:39.933195
dynamic_TF_carry/BRENT_W          2026-03-04 22:31:39.933424
dynamic_TF_carry/IBEX_mini        2026-03-04 22:31:39.933655
dynamic_TF_carry/REDWHEAT         2026-03-04 22:31:39.933883
dynamic_TF_carry/SUGAR16          2026-03-04 22:31:39.934111
dynamic_TF_carry/EUROSTX200-LARGE 2026-03-04 22:31:39.934337
dynamic_TF_carry/FTSECHINAA       2026-03-04 22:31:39.934565
dynamic_TF_carry/GBPCHF           2026-03-04 22:31:39.934792
dynamic_TF_carry/FANG             2026-03-04 22:31:39.935018
dynamic_TF_carry/AEX              2026-03-04 22:31:39.935245
dynamic_TF_carry/EU-UTILS         2026-03-04 22:31:39.935473
dynamic_TF_carry/SMI-MID          2026-03-04 22:31:39.935699
dynamic_TF_carry/LIVECOW          2026-03-04 22:31:39.935926
dynamic_TF_carry/DX               2026-03-04 22:31:39.936153
dynamic_TF_carry/ALUMINIUM        2026-03-04 22:31:39.936381
dynamic_TF_carry/GBP              2026-03-04 22:31:39.936609
dynamic_TF_carry/KRWUSD           2026-03-04 22:31:39.936836
dynamic_TF_carry/EURO600          2026-03-04 22:31:39.937063
dynamic_TF_carry/SOYBEAN_mini     2026-03-04 22:31:39.937290
dynamic_TF_carry/DOW              2026-03-04 22:31:39.937747
dynamic_TF_carry/CAD10            2026-03-04 22:31:39.937974
dynamic_TF_carry/BTP              2026-03-04 22:31:39.938201
dynamic_TF_carry/FTSE100          2026-03-04 22:31:39.938427
dynamic_TF_carry/WHEAT            2026-03-04 22:31:39.938654
dynamic_TF_carry/CHEESE           2026-03-04 22:31:39.938881
dynamic_TF_carry/SOYOIL           2026-03-04 22:31:39.939108
dynamic_TF_carry/CRUDE_W_micro    2026-03-04 22:31:39.939335
dynamic_TF_carry/EU-TRAVEL        2026-03-04 22:31:39.939562
dynamic_TF_carry/COAL             2026-03-04 22:31:39.939789
dynamic_TF_carry/HIGHYIELD        2026-03-04 22:31:39.940016
dynamic_TF_carry/RICE             2026-03-04 22:31:39.940243
dynamic_TF_carry/CAD              2026-03-04 22:31:39.940471
dynamic_TF_carry/US10U            2026-03-04 22:31:39.940697
dynamic_TF_carry/CAD5             2026-03-04 22:31:39.940923
dynamic_TF_carry/MXP              2026-03-04 22:31:39.941149
dynamic_TF_carry/MILLWHEAT        2026-03-04 22:31:39.941376
dynamic_TF_carry/EUR              2026-03-04 22:31:39.941606
dynamic_TF_carry/SP400            2026-03-04 22:31:39.941834
dynamic_TF_carry/SPI200           2026-03-04 22:31:39.942061
dynamic_TF_carry/OMX              2026-03-04 22:31:39.942287
dynamic_TF_carry/BTP3             2026-03-04 22:31:39.942512
dynamic_TF_carry/TWD              2026-03-04 22:31:39.942738
dynamic_TF_carry/FTSEINDO         2026-03-04 22:31:39.942965
dynamic_TF_carry/US2              2026-03-04 22:31:39.943191
dynamic_TF_carry/VIX              2026-03-04 22:31:39.943417
dynamic_TF_carry/ETHEREUM         2026-03-04 22:31:39.943644
dynamic_TF_carry/EU-CHEM          2026-03-04 22:31:39.943871
dynamic_TF_carry/CORN             2026-03-04 22:31:39.944100
dynamic_TF_carry/EU-MEDIA         2026-03-04 22:31:39.944327
dynamic_TF_carry/DAX              2026-03-04 22:31:39.944553
dynamic_TF_carry/CANOLA           2026-03-04 22:31:39.944779
dynamic_TF_carry/BITCOIN          2026-03-04 22:31:39.945006
dynamic_TF_carry/GICS             2026-03-04 22:31:39.945234
dynamic_TF_carry/LEAD_LME         2026-03-04 22:31:39.945461
dynamic_TF_carry/CHFJPY           2026-03-04 22:31:39.945694
dynamic_TF_carry/SOYBEAN          2026-03-04 22:31:39.945921
dynamic_TF_carry/EU-REALESTATE    2026-03-04 22:31:39.946147
dynamic_TF_carry/GILT             2026-03-04 22:31:39.946376
dynamic_TF_carry/EU-HEALTH        2026-03-04 22:31:39.946602
dynamic_TF_carry/SP500_micro      2026-03-04 22:31:39.946830
dynamic_TF_carry/OAT              2026-03-04 22:31:39.947057
dynamic_TF_carry/MSCIWORLD        2026-03-04 22:31:39.947282
dynamic_TF_carry/US-ENERGY        2026-03-04 22:31:39.947732
dynamic_TF_carry/NIKKEI400        2026-03-04 22:31:39.948185
dynamic_TF_carry/JGB-SGX-mini     2026-03-04 22:31:39.948411
dynamic_TF_carry/EURIBOR          2026-03-04 22:31:39.948636
dynamic_TF_carry/JGB              2026-03-04 22:31:39.948862
dynamic_TF_carry/RUBBER           2026-03-04 22:31:39.949087
dynamic_TF_carry/RUSSELL          2026-03-04 22:31:39.949538
dynamic_TF_carry/NOK              2026-03-04 22:31:39.949767
dynamic_TF_carry/MILKDRY          2026-03-04 22:31:39.949993
dynamic_TF_carry/GAS-LAST         2026-03-04 22:31:39.950219
dynamic_TF_carry/GASOILINE        2026-03-04 22:31:39.950444
dynamic_TF_carry/MILKWET          2026-03-04 22:31:39.950670
dynamic_TF_carry/LEANHOG          2026-03-04 22:31:39.950897
dynamic_TF_carry/SOYMEAL          2026-03-04 22:31:39.951124
dynamic_TF_carry/BUXL             2026-03-04 22:31:39.951351
dynamic_TF_carry/VNKI             2026-03-04 22:31:39.951578
dynamic_TF_carry/FTSEVIET         2026-03-04 22:31:39.951804
dynamic_TF_carry/IRON             2026-03-04 22:31:39.952031
dynamic_TF_carry/EU-MID           2026-03-04 22:31:39.952257
dynamic_TF_carry/BRE              2026-03-04 22:31:39.952481
dynamic_TF_carry/US10             2026-03-04 22:31:39.952707
dynamic_TF_carry/COPPER-micro     2026-03-04 22:31:39.952934
dynamic_TF_carry/US-STAPLES       2026-03-04 22:31:39.953161
dynamic_TF_carry/MUMMY            2026-03-04 22:31:39.953388
dynamic_TF_carry/OJ               2026-03-04 22:31:39.953617
dynamic_TF_carry/ROBUSTA          2026-03-04 22:31:39.953843
dynamic_TF_carry/GAS_US_mini      2026-03-04 22:31:39.954069
dynamic_TF_carry/PLN              2026-03-04 22:31:39.954296
dynamic_TF_carry/CHINAA-CON       2026-03-04 22:31:39.954523
dynamic_TF_carry/EU-CONSTRUCTION  2026-03-04 22:31:39.954750
dynamic_TF_carry/CLP              2026-03-04 22:31:39.954975
dynamic_TF_carry/EUR_micro        2026-03-04 22:31:39.955201
dynamic_TF_carry/NICKEL_LME       2026-03-04 22:31:39.955428
dynamic_TF_carry/COTTON           2026-03-04 22:31:39.955657
dynamic_TF_carry/EURCHF           2026-03-04 22:31:39.955886
dynamic_TF_carry/R1000            2026-03-04 22:31:39.956113
dynamic_TF_carry/IG               2026-03-04 22:31:39.956338
dynamic_TF_carry/US20             2026-03-04 22:31:39.956564
dynamic_TF_carry/OATIES           2026-03-04 22:31:39.956791
dynamic_TF_carry/LUMBER-new       2026-03-04 22:31:39.957019
dynamic_TF_carry/WHEAT_ICE        2026-03-04 22:31:39.957245
dynamic_TF_carry/WHEY             2026-03-04 22:31:39.957473
dynamic_TF_carry/FTSECHINAH       2026-03-04 22:31:39.957703
dynamic_TF_carry/JP-REALESTATE    2026-03-04 22:31:39.957930
dynamic_TF_carry/HANGTECH         2026-03-04 22:31:39.958156
dynamic_TF_carry/SARONA           2026-03-04 22:31:39.958383
dynamic_TF_carry/BRENT-LAST       2026-03-04 22:31:39.958609
dynamic_TF_carry/EU-TECH          2026-03-04 22:31:39.958859
dynamic_TF_carry/EU-INSURE        2026-03-04 22:31:39.959543
dynamic_TF_carry/SUGAR11          2026-03-04 22:31:39.959771
dynamic_TF_carry/SUGAR_WHITE      2026-03-04 22:31:39.960228
dynamic_TF_carry/MIB              2026-03-04 22:31:39.960682
dynamic_TF_carry/YENEUR           2026-03-04 22:31:39.960910
dynamic_TF_carry/COPPER           2026-03-04 22:31:39.961136
dynamic_TF_carry/CRUDE_ICE        2026-03-04 22:31:39.961362
dynamic_TF_carry/EUROSTX-SMALL    2026-03-04 22:31:39.961593
dynamic_TF_carry/ZAR              2026-03-04 22:31:39.962048
dynamic_TF_carry/US3              2026-03-04 22:31:39.962275
dynamic_TF_carry/SILVER           2026-03-04 22:31:39.962502
dynamic_TF_carry/EUROSTX          2026-03-04 22:31:39.962728
dynamic_TF_carry/FTSETAIWAN       2026-03-04 22:31:39.962955
dynamic_TF_carry/US-REALESTATE    2026-03-04 22:31:39.963411
dynamic_TF_carry/EUA              2026-03-04 22:31:39.963639
dynamic_TF_carry/EU-HOUSE         2026-03-04 22:31:39.963867
dynamic_TF_carry/EURAUD           2026-03-04 22:31:39.964096
dynamic_TF_carry/INR              2026-03-04 22:31:39.964324
dynamic_TF_carry/CAD2             2026-03-04 22:31:39.964552
dynamic_TF_carry/KOSPI_mini       2026-03-04 22:31:39.964780
dynamic_TF_carry/STEEL            2026-03-04 22:31:39.965008
dynamic_TF_carry/SMI              2026-03-04 22:31:39.965235
dynamic_TF_carry/AUD_micro        2026-03-04 22:31:39.965462
dynamic_TF_carry/HOUSE-US         2026-03-04 22:31:39.965692
dynamic_TF_carry/SWISSLEAD        2026-03-04 22:31:39.965920
dynamic_TF_carry/GBPEUR           2026-03-04 22:31:39.966147
dynamic_TF_carry/NASDAQ_micro     2026-03-04 22:31:39.966373
dynamic_TF_carry/EU-DJ-TELECOM    2026-03-04 22:31:39.966600
dynamic_TF_carry/GASOIL           2026-03-04 22:31:39.966827
dynamic_TF_carry/EURCAD           2026-03-04 22:31:39.967055
dynamic_TF_carry/EU-DJ-UTIL       2026-03-04 22:31:39.967281


======================================================================================================================
                                                Status of trade limits                                                
======================================================================================================================

                   period_days  trade_limit  trades_since_last_reset  trade_capacity_remaining   time_since_last_reset
 BUND                       30            4                      4.0                       0.0 26 days 14:58:58.195226
 BUND                       14            4                      2.0                       2.0  2 days 14:58:59.407537
 CHF                        30            4                      1.0                       3.0 29 days 07:58:42.373216
 CAD                        14            4                      1.0                       3.0  9 days 07:58:46.357452
 BTP                        30            4                      1.0                       3.0 16 days 14:58:55.019217
 DAX                         1            4                      1.0                       3.0  0 days 14:59:00.642389
 EU-HOUSE                    1            4                      0.0                       4.0  0 days 00:00:00.000001
 EU-DJ-UTIL                  1            4                      0.0                       4.0  0 days 00:00:00.000002
 EU-DJ-TELECOM               1            4                      0.0                       4.0  0 days 00:00:00.000001
 EU-DJ-TECH                  1            4                      0.0                       4.0  0 days 00:00:00.000002
 EU-DJ-OIL                   1            4                      0.0                       4.0  0 days 00:00:00.000001
 EU-CONSTRUCTION             1            4                      0.0                       4.0  0 days 00:00:00.000002
 CZK                         1            4                      0.0                       4.0  0 days 00:00:00.000002
 COTTON                      1            4                      0.0                       4.0  0 days 00:00:00.000001
 CORN                        1            4                      0.0                       4.0  0 days 00:00:00.000002
 COPPER-mini                 1            4                      0.0                       4.0  0 days 00:00:00.000002
 CNH-onshore                 1            4                      0.0                       4.0  0 days 00:00:00.000001
 CLP                         1            4                      0.0                       4.0  0 days 00:00:00.000002
 CH10                        1            4                      0.0                       4.0  0 days 00:00:00.000001
 BUTTER                      1            4                      0.0                       4.0  0 days 00:00:00.000002
 BOVESPA                     1            4                      0.0                       4.0  0 days 00:00:00.000001
 BEL20                       1            4                      0.0                       4.0  0 days 00:00:00.000001
 ALUMINIUM                   1            4                      0.0                       4.0  0 days 00:00:00.000002
 EU-MEDIA                    1            4                      0.0                       4.0  0 days 00:00:00.000002
 EU-MID                      1            4                      0.0                       4.0  0 days 00:00:00.000001
 EURCHF                      1            4                      0.0                       4.0  0 days 00:00:00.000001
 YENEUR                     30            4                      0.0                       4.0  0 days 00:00:00.000001
 US-HEALTH                   1            4                      0.0                       4.0  0 days 00:00:00.000001
 US-ENERGY                   1            4                      0.0                       4.0  0 days 00:00:00.000002
 US-DISCRETE                 1            4                      0.0                       4.0  0 days 00:00:00.000001
 SMI-MID                     1            4                      0.0                       4.0  0 days 00:00:00.000002
 SGX                         1            4                      0.0                       4.0  0 days 00:00:00.000001
 SGD                         1            4                      0.0                       4.0  0 days 00:00:00.000001
 OMX                         1            4                      0.0                       4.0  0 days 00:00:00.000002
 MSCIASIA                    1            4                      0.0                       4.0  0 days 00:00:00.000001
 MILKWET                     1            4                      0.0                       4.0  0 days 00:00:00.000002
 MILKDRY                     1            4                      0.0                       4.0  0 days 00:00:00.000001
 MID-DAX                     1            4                      0.0                       4.0  0 days 00:00:00.000002
 JP-REALESTATE               1            4                      0.0                       4.0  0 days 00:00:00.000001
 JGB-SGX-mini                1            4                      0.0                       4.0  0 days 00:00:00.000002
 IRS                         1            4                      0.0                       4.0  0 days 00:00:00.000001
 FTSEINDO                    1            4                      0.0                       4.0  0 days 00:00:00.000002
 EUROSTX200-LARGE            1            4                      0.0                       4.0  0 days 00:00:00.000001
 EUROSTX-SMALL               1            4                      0.0                       4.0  0 days 00:00:00.000002
 EUROSTX-LARGE               1            4                      0.0                       4.0  0 days 00:00:00.000001
 EURIBOR                     1            4                      0.0                       4.0  0 days 00:00:00.000002
 EU-REALESTATE               1            4                      0.0                       4.0  0 days 00:00:00.000002
 US30                       30            4                      0.0                       4.0  0 days 00:00:00.000002
 US10U                      30            4                      0.0                       4.0  0 days 00:00:00.000001
 US-INDUSTRY                 1            4                      0.0                       4.0  0 days 00:00:00.000002
 HEATOIL                    14            4                      0.0                       4.0  0 days 00:00:00.000001
 GBPEUR                     14            4                      0.0                       4.0  0 days 00:00:00.000002
 GAS-LAST                   14            4                      0.0                       4.0  0 days 00:00:00.000001
 FTSETAIWAN                 14            4                      0.0                       4.0  0 days 00:00:00.000002
 EU-TECH                    14            4                      0.0                       4.0  0 days 14:58:54.817025
 EU-CHEM                    14            4                      0.0                       4.0  0 days 00:00:00.000002
 ETHEREUM                   14            4                      0.0                       4.0  0 days 00:00:00.000002
 CNH                        14            4                      0.0                       4.0  0 days 00:00:00.000002
 BUXL                       14            4                      0.0                       4.0  1 days 14:58:59.527962
 BTP3                       14            4                      0.0                       4.0  0 days 00:00:00.000002
 BRENT-LAST                 14            4                      0.0                       4.0  0 days 00:00:00.000001
 BONO                       14            4                      0.0                       4.0  0 days 00:00:00.000002
 YENEUR                      1            4                      0.0                       4.0  0 days 00:00:00.000002
 US3                         1            4                      0.0                       4.0  0 days 00:00:00.000001
 US10U                       1            4                      0.0                       4.0  0 days 00:00:00.000002
 US-REALESTATE               1            4                      0.0                       4.0  0 days 00:00:00.000001
 TOPIX                       1            4                      0.0                       4.0  0 days 00:00:00.000002
 SP400                       1            4                      0.0                       4.0  0 days 00:00:00.000001
 SEK                         1            4                      0.0                       4.0  0 days 00:00:00.000002
 JGB                        14            4                      0.0                       4.0  0 days 00:00:00.000002
 ZAR                         1            4                      0.0                       4.0  0 days 00:00:00.000001
