
********************************************************************************
                   Status report produced on 06/03/2026 22:58                   
********************************************************************************


Delayed methods: No delays

=============================
Delayed adjusted / FX prices 
=============================

                  last_update
HIGHYIELD 2026-02-27 15:00:01
IG        2026-02-27 20:00:01
SGX       2026-03-02 23:00:00


===============================================
           Delayed optimal positions           
===============================================

                                    last_update
dynamic_TF_carry/SGX 2024-12-02 22:31:28.544775


==========================================================================================================
                                        Instruments at trade limit                                        
==========================================================================================================

       period_days  trade_limit  trades_since_last_reset  trade_capacity_remaining   time_since_last_reset
 BUND           30            4                      4.0                       0.0 28 days 14:58:19.136451


================================================
         Instruments at position limit          
================================================

                 keys  position pos_limit  spare
193        EU-DJ-TECH         0       0.0    0.0
92                NOK         0       0.0    0.0
189         EU-TRAVEL         0       0.0    0.0
86                JGB         0       0.0    0.0
84               GICS         0       0.0    0.0
81              SP400         0       0.0    0.0
163            NASDAQ         0       0.0    0.0
78          EU-RETAIL         0       0.0    0.0
77          HIGHYIELD         0       0.0    0.0
76        COPPER-mini         0       0.0    0.0
74        CNH-onshore         0       0.0    0.0
72               VNKI         0       0.0    0.0
71                IRS         0       0.0    0.0
202            EURCHF         0       0.0    0.0
64               BUXL         1       1.0    0.0
206              CH10         0       0.0    0.0
58               COAL         0       0.0    0.0
53                CZK         0       0.0    0.0
209            COTTON         0       0.0    0.0
213               SEK         0       0.0    0.0
188           SMI-MID         0       0.0    0.0
216         CHF_micro         0       0.0    0.0
96              COCOA        -1       1.0    0.0
99             KRWUSD         0       0.0    0.0
153             STEEL         0       0.0    0.0
169          JPY_mini         0       0.0    0.0
147       EPRA-EUROPE         0       0.0    0.0
171          TWD-mini         0       0.0    0.0
145           MILKWET         0       0.0    0.0
141       HEATOIL-ICE         0       0.0    0.0
140        COPPER_LME         0       0.0    0.0
135              WHEY         0       0.0    0.0
132          EU-HOUSE         0       0.0    0.0
128            AUDJPY         0       0.0    0.0
118          HOUSE-US         0       0.0    0.0
180   EU-CONSTRUCTION         0       0.0    0.0
181               MIB         1       1.0    0.0
182                IG         0       0.0    0.0
105            CHFJPY         0       0.0    0.0
186            GBPJPY         0       0.0    0.0
103     EU-DJ-TELECOM         0       0.0    0.0
102           EU-CHEM         0       0.0    0.0
100               TWD         0       0.0    0.0
98             EURCAD         0       0.0    0.0
47             BUTTER         0       0.0    0.0
161            PALLAD         0       0.0    0.0
18   EUROSTX200-LARGE         0       0.0    0.0
235     EUROSTX-LARGE         0       0.0    0.0
25          SWISSLEAD         0       0.0    0.0
33         BRENT-LAST         1       1.0    0.0
37              R1000         0       0.0    0.0
230   GASOILINE_micro         0       0.0    0.0
9                 PLN         0       0.0    0.0
21           ETHEREUM         0       0.0    0.0
31            MILKDRY         0       0.0    0.0
225               SGX         0       0.0    0.0
16           JGB-mini         0       0.0    0.0
229          EU-MEDIA         0       0.0    0.0
28                OMX         0       0.0    0.0
5        COAL-GEORDIE         0       0.0    0.0
40                CLP         0       0.0    0.0
1             BOVESPA         0       0.0    0.0
24           SGD_mini         0       0.0    0.0
218          AEX_mini         0       0.0    0.0
217            EURAUD         0       0.0    0.0
15            TIN_LME         0       0.0    0.0


=========================================================
         Overrides in database consider deleting         
=========================================================

                                                 override
NICKEL_LME             Override Close because in database
SILVER           Override Reduce only because in database
VNKI             Override Reduce only because in database
FTSE100          Override Reduce only because in database
JGB-mini         Override Reduce only because in database
SPI200           Override Reduce only because in database
GOLD-mini        Override Reduce only because in database
OATIES           Override Reduce only because in database
STEEL            Override Reduce only because in database
CH10             Override Reduce only because in database
GASOILINE_micro  Override Reduce only because in database
VIX_mini         Override Reduce only because in database
IRS              Override Reduce only because in database
JP-REALESTATE    Override Reduce only because in database
GICS             Override Reduce only because in database
SGD              Override Reduce only because in database
KRWUSD           Override Reduce only because in database
TOPIX            Override Reduce only because in database
PLN              Override Reduce only because in database
NIKKEI400        Override Reduce only because in database
CZK              Override Reduce only because in database
EURCAD           Override Reduce only because in database
CHF_micro        Override Reduce only because in database
NOK              Override Reduce only because in database
R1000            Override Reduce only because in database
IBEX_mini        Override Reduce only because in database
GBP_micro        Override Reduce only because in database
EU-CHEM          Override Reduce only because in database
EU-INSURE        Override Reduce only because in database
KOSDAQ           Override Reduce only because in database
IBEX             Override Reduce only because in database
AUDJPY           Override Reduce only because in database
EUR_mini         Override Reduce only because in database
RICE             Override Reduce only because in database
KOSPI_mini       Override Reduce only because in database
KOSPI            Override Reduce only because in database
GBPCHF           Override Reduce only because in database
MXP              Override Reduce only because in database
YENEUR           Override Reduce only because in database
CHFJPY           Override Reduce only because in database
CNH-onshore      Override Reduce only because in database
CRUDE_W_mini     Override Reduce only because in database
SEK              Override Reduce only because in database
OMX              Override Reduce only because in database
GBPEUR           Override Reduce only because in database
GBPJPY           Override Reduce only because in database
EURAUD           Override Reduce only because in database
TWD-mini         Override Reduce only because in database
JPY_mini         Override Reduce only because in database
EURCHF           Override Reduce only because in database
EU-BANKS         Override Reduce only because in database
EU-CONSTRUCTION  Override Reduce only because in database
BBCOMM           Override Reduce only because in database

Locked instruments (position mismatch): []

==============================================
Status of adjusted price / FX price collection
==============================================

                         last_update
HIGHYIELD        2026-02-27 15:00:01
IG               2026-02-27 20:00:01
SGX              2026-03-02 23:00:00
CZK              2026-03-05 23:00:00
GASOILINE_micro  2026-03-05 23:00:00
GICS             2026-03-05 23:00:00
HOUSE-US         2026-03-05 23:00:00
IRS              2026-03-05 23:00:00
JGB-mini         2026-03-05 23:00:00
MILKWET          2026-03-05 23:00:00
COTTON           2026-03-05 23:00:00
COAL-GEORDIE     2026-03-05 23:00:00
CNH-onshore      2026-03-05 23:00:00
CLP              2026-03-05 23:00:00
SGD_mini         2026-03-05 23:00:00
SUGAR16          2026-03-05 23:00:00
GAS-PEN          2026-03-05 23:00:00
TWD              2026-03-05 23:00:00
BOVESPA          2026-03-05 23:00:00
TWD-mini         2026-03-06 02:00:00
SGD              2026-03-06 03:00:00
SPI200           2026-03-06 04:00:00
JGB-SGX-mini     2026-03-06 04:00:00
FTSEINDO         2026-03-06 04:00:00
FTSEVIET         2026-03-06 04:00:00
KRWUSD_mini      2026-03-06 04:00:00
JP-REALESTATE    2026-03-06 04:00:00
VNKI             2026-03-06 04:00:00
KR10*            2026-03-06 05:00:00
KR3              2026-03-06 05:00:00
MSCISING         2026-03-06 05:00:00
MSCITAIWAN       2026-03-06 05:00:00
KOSPI_mini       2026-03-06 05:00:00
KOSPI            2026-03-06 05:00:00
JGB              2026-03-06 05:00:00
IRON             2026-03-06 05:00:00
HANG_mini*       2026-03-06 05:00:00
HANGENT_mini     2026-03-06 05:00:00
HANGENT          2026-03-06 05:00:00
HANG             2026-03-06 05:00:00
FTSECHINAA*      2026-03-06 05:00:00
FTSECHINAH       2026-03-06 05:00:00
FTSETAIWAN       2026-03-06 05:00:00
KOSDAQ           2026-03-06 05:00:00
MUMMY*           2026-03-06 05:00:00
HANGTECH*        2026-03-06 05:00:00
RUBBER           2026-03-06 05:00:00
NIKKEI           2026-03-06 05:00:00
NIKKEI400        2026-03-06 05:00:00
CHINAA-CON       2026-03-06 05:00:00
TOPIX            2026-03-06 05:00:00
CNH              2026-03-06 05:00:00
CH10             2026-03-06 10:00:00
EUROSTX200-LARGE 2026-03-06 11:00:00
EPRA-EUROPE      2026-03-06 11:00:00
TIN_LME          2026-03-06 12:00:00
EURIBOR          2026-03-06 13:00:00
OMX              2026-03-06 13:00:00
MSCIWORLD        2026-03-06 13:00:00
SWISSLEAD        2026-03-06 13:00:00
MSCIEMASIA       2026-03-06 14:00:00
AEX_mini         2026-03-06 14:00:00
EU-DJ-TELECOM    2026-03-06 14:00:00
CHFJPY           2026-03-06 14:30:00
HEATOIL-ICE      2026-03-06 15:00:00
MSCIASIA         2026-03-06 15:00:00
SARONA           2026-03-06 15:00:00
CRUDE_ICE        2026-03-06 15:00:00
EURIBOR-ICE      2026-03-06 15:00:00
BRENT_W          2026-03-06 15:00:00
GILT             2026-03-06 15:00:00
EUROSTX-LARGE    2026-03-06 15:00:00
EUROSTX-SMALL    2026-03-06 15:00:00
NICKEL_LME       2026-03-06 15:00:00
ZINC_LME         2026-03-06 15:00:00
GASOIL           2026-03-06 15:00:00
FTSE100          2026-03-06 15:00:00
FTSE250          2026-03-06 15:00:00
SMI-MID          2026-03-06 15:00:00
SONIA3           2026-03-06 15:00:00
LEAD_LME         2026-03-06 15:00:00
ALUMINIUM_LME    2026-03-06 15:00:00
MIB*             2026-03-06 15:00:00
IBEX             2026-03-06 15:00:00
BONO             2026-03-06 15:00:00
COAL             2026-03-06 15:00:00
COCOA_LDN        2026-03-06 15:00:00
MILLWHEAT        2026-03-06 15:00:00
EU-DJ-OIL        2026-03-06 15:00:00
EU-DJ-UTIL       2026-03-06 15:00:00
EUA              2026-03-06 15:00:00
WHEAT_ICE        2026-03-06 15:00:00
EU-INSURE        2026-03-06 15:00:00
ROBUSTA          2026-03-06 15:00:00
EU-RETAIL        2026-03-06 15:00:00
COPPER_LME       2026-03-06 15:00:00
EU-HOUSE         2026-03-06 15:00:00
IBEX_mini        2026-03-06 15:00:00
KRWUSD           2026-03-06 16:00:00
SMI              2026-03-06 16:00:00
SHATZ            2026-03-06 16:00:00
PLN              2026-03-06 16:00:00
GASOILINE_ICE    2026-03-06 16:00:00
GBPJPY           2026-03-06 16:00:00
WHEY             2026-03-06 16:00:00
V2X              2026-03-06 16:00:00
SUGAR_WHITE      2026-03-06 16:00:00
OAT              2026-03-06 16:00:00
AEX              2026-03-06 16:00:00
CAC              2026-03-06 16:00:00
EU-REALESTATE    2026-03-06 16:00:00
EU-OIL           2026-03-06 16:00:00
EU-MID           2026-03-06 16:00:00
EU-MEDIA         2026-03-06 16:00:00
EU-HEALTH        2026-03-06 16:00:00
EU-FOOD          2026-03-06 16:00:00
EU-DJ-TECH       2026-03-06 16:00:00
EU-DIV30         2026-03-06 16:00:00
BUND*            2026-03-06 16:00:00
EU-CONSTRUCTION  2026-03-06 16:00:00
EU-CHEM          2026-03-06 16:00:00
EU-BASIC*        2026-03-06 16:00:00
EU-BANKS         2026-03-06 16:00:00
EU-AUTO          2026-03-06 16:00:00
BTP3             2026-03-06 16:00:00
BTP              2026-03-06 16:00:00
BOBL             2026-03-06 16:00:00
EU-TRAVEL        2026-03-06 16:00:00
EU-UTILS         2026-03-06 16:00:00
EU-TECH          2026-03-06 16:00:00
DAX*             2026-03-06 16:00:00
EURO600          2026-03-06 16:00:00
BUXL*            2026-03-06 16:00:00
AUDJPY           2026-03-06 16:00:00
EUROSTX          2026-03-06 16:00:00
MILKDRY          2026-03-06 17:00:00
GBPCHF           2026-03-06 17:00:00
SUGAR11          2026-03-06 17:00:00
COFFEE           2026-03-06 18:00:00
COCOA*           2026-03-06 18:00:00
EURCAD           2026-03-06 18:00:00
OJ               2026-03-06 18:00:00
SOYBEAN          2026-03-06 19:00:00
COPPER-mini      2026-03-06 19:00:00
COTTON2          2026-03-06 19:00:00
CORN             2026-03-06 19:00:00
CORN_mini        2026-03-06 19:00:00
US-DISCRETE      2026-03-06 19:00:00
CAD2             2026-03-06 19:00:00
SOYBEAN_mini     2026-03-06 19:00:00
OATIES           2026-03-06 19:00:00
CANOLA*          2026-03-06 19:00:00
NOK              2026-03-06 19:00:00
CHEESE           2026-03-06 19:00:00
RICE             2026-03-06 19:00:00
REDWHEAT         2026-03-06 19:00:00
R1000            2026-03-06 19:00:00
BUTTER           2026-03-06 19:00:00
STEEL            2026-03-06 19:00:00
SOYMEAL          2026-03-06 19:00:00
SOYOIL           2026-03-06 19:00:00
FEEDCOW          2026-03-06 19:00:00
DX               2026-03-06 19:00:00
GOLD             2026-03-06 19:00:00
INR              2026-03-06 19:00:00
WHEAT            2026-03-06 19:00:00
BBCOMM           2026-03-06 19:00:00
LEANHOG          2026-03-06 19:00:00
WHEAT_mini       2026-03-06 19:00:00
US-MATERIAL      2026-03-06 19:00:00
MILK             2026-03-06 19:00:00
LIVECOW*         2026-03-06 19:00:00
YENEUR           2026-03-06 20:00:00
AUD              2026-03-06 20:00:00
ZAR              2026-03-06 20:00:00
AUD_micro*       2026-03-06 20:00:00
SP400            2026-03-06 20:00:00
VIX_mini         2026-03-06 20:00:00
ALUMINIUM        2026-03-06 20:00:00
SP500            2026-03-06 20:00:00
VIX              2026-03-06 20:00:00
SP500_micro      2026-03-06 20:00:00
US-ENERGY        2026-03-06 20:00:00
US30             2026-03-06 20:00:00
US-HEALTH        2026-03-06 20:00:00
US20             2026-03-06 20:00:00
US2              2026-03-06 20:00:00
US10U            2026-03-06 20:00:00
US10*            2026-03-06 20:00:00
US-UTILS         2026-03-06 20:00:00
US-STAPLES       2026-03-06 20:00:00
US-REALESTATE    2026-03-06 20:00:00
SOFR             2026-03-06 20:00:00
BRENT-LAST*      2026-03-06 20:00:00
BRE*             2026-03-06 20:00:00
US-INDUSTRY      2026-03-06 20:00:00
BITCOIN*         2026-03-06 20:00:00
US5              2026-03-06 20:00:00
US3              2026-03-06 20:00:00
PLAT             2026-03-06 20:00:00
SILVER           2026-03-06 20:00:00
ETHEREUM         2026-03-06 20:00:00
JPY_mini         2026-03-06 20:00:00
JPY*             2026-03-06 20:00:00
CAD              2026-03-06 20:00:00
HEATOIL          2026-03-06 20:00:00
EURAUD           2026-03-06 20:00:00
EURCHF           2026-03-06 20:00:00
GOLD_micro       2026-03-06 20:00:00
GOLD-mini        2026-03-06 20:00:00
EUR_micro        2026-03-06 20:00:00
GBP_micro        2026-03-06 20:00:00
EUR_mini         2026-03-06 20:00:00
GBPEUR           2026-03-06 20:00:00
GBP              2026-03-06 20:00:00
GAS_US_mini      2026-03-06 20:00:00
GAS_US           2026-03-06 20:00:00
FANG             2026-03-06 20:00:00
FED              2026-03-06 20:00:00
GASOILINE        2026-03-06 20:00:00
ETHER-micro      2026-03-06 20:00:00
LUMBER-new       2026-03-06 20:00:00
EUR              2026-03-06 20:00:00
DOW              2026-03-06 20:00:00
CAD10*           2026-03-06 20:00:00
CAD5             2026-03-06 20:00:00
CAD_micro        2026-03-06 20:00:00
SEK              2026-03-06 20:00:00
RUSSELL_mini     2026-03-06 20:00:00
DOW_mini         2026-03-06 20:00:00
CHF              2026-03-06 20:00:00
CHF_micro        2026-03-06 20:00:00
GAS-LAST         2026-03-06 20:00:00
PALLAD           2026-03-06 20:00:00
RUSSELL*         2026-03-06 20:00:00
COPPER           2026-03-06 20:00:00
COPPER-micro*    2026-03-06 20:00:00
NASDAQ_micro     2026-03-06 20:00:00
NASDAQ           2026-03-06 20:00:00
MXP*             2026-03-06 20:00:00
CRUDE_W          2026-03-06 20:00:00
CRUDE_W_micro*   2026-03-06 20:00:00
MSCIEAFA         2026-03-06 20:00:00
CRUDE_W_mini     2026-03-06 20:00:00
NZD*             2026-03-06 20:00:00
CHFUSD           2026-03-06 23:00:00
JPYUSD           2026-03-06 23:00:00
EURUSD           2026-03-06 23:00:00
CADUSD           2026-03-06 23:00:00
KRWUSD           2026-03-06 23:00:00
MXPUSD           2026-03-06 23:00:00
SEKUSD           2026-03-06 23:00:00
GBPUSD           2026-03-06 23:00:00
SGDUSD           2026-03-06 23:00:00
HKDUSD           2026-03-06 23:00:00
CNHUSD           2026-03-06 23:00:00
AUDUSD           2026-03-06 23:00:00


============================================================
           Status of optimal position generation            
============================================================

                                                 last_update
dynamic_TF_carry/SGX              2024-12-02 22:31:28.544775
dynamic_TF_carry/OJ               2026-03-06 22:31:37.418560
dynamic_TF_carry/EUR_micro        2026-03-06 22:31:37.419055
dynamic_TF_carry/COCOA            2026-03-06 22:31:37.419520
dynamic_TF_carry/MILK             2026-03-06 22:31:37.419751
dynamic_TF_carry/CHFJPY           2026-03-06 22:31:37.419981
dynamic_TF_carry/SOYBEAN          2026-03-06 22:31:37.420210
dynamic_TF_carry/EU-TRAVEL        2026-03-06 22:31:37.420438
dynamic_TF_carry/EUROSTX200-LARGE 2026-03-06 22:31:37.420665
dynamic_TF_carry/EURIBOR-ICE      2026-03-06 22:31:37.420893
dynamic_TF_carry/BOBL             2026-03-06 22:31:37.421120
dynamic_TF_carry/CANOLA           2026-03-06 22:31:37.421346
dynamic_TF_carry/NASDAQ_micro     2026-03-06 22:31:37.421577
dynamic_TF_carry/SOYOIL           2026-03-06 22:31:37.421807
dynamic_TF_carry/GICS             2026-03-06 22:31:37.422035
dynamic_TF_carry/COPPER-micro     2026-03-06 22:31:37.422262
dynamic_TF_carry/MILKWET          2026-03-06 22:31:37.422489
dynamic_TF_carry/EUR              2026-03-06 22:31:37.422716
dynamic_TF_carry/KOSPI_mini       2026-03-06 22:31:37.423170
dynamic_TF_carry/CAD              2026-03-06 22:31:37.423396
dynamic_TF_carry/MIB              2026-03-06 22:31:37.423623
dynamic_TF_carry/US3              2026-03-06 22:31:37.423850
dynamic_TF_carry/KR3              2026-03-06 22:31:37.424075
dynamic_TF_carry/GBPJPY           2026-03-06 22:31:37.424300
dynamic_TF_carry/COAL             2026-03-06 22:31:37.424528
dynamic_TF_carry/RUSSELL          2026-03-06 22:31:37.424756
dynamic_TF_carry/US-REALESTATE    2026-03-06 22:31:37.424983
dynamic_TF_carry/GBPEUR           2026-03-06 22:31:37.425211
dynamic_TF_carry/LIVECOW          2026-03-06 22:31:37.425438
dynamic_TF_carry/GAS_US_mini      2026-03-06 22:31:37.425671
dynamic_TF_carry/HIGHYIELD        2026-03-06 22:31:37.425899
dynamic_TF_carry/US-MATERIAL      2026-03-06 22:31:37.426126
dynamic_TF_carry/TIN_LME          2026-03-06 22:31:37.426580
dynamic_TF_carry/NZD              2026-03-06 22:31:37.426806
dynamic_TF_carry/SILVER           2026-03-06 22:31:37.427033
dynamic_TF_carry/BBCOMM           2026-03-06 22:31:37.427261
dynamic_TF_carry/US2              2026-03-06 22:31:37.427488
dynamic_TF_carry/YENEUR           2026-03-06 22:31:37.427714
dynamic_TF_carry/BITCOIN          2026-03-06 22:31:37.427941
dynamic_TF_carry/FTSETAIWAN       2026-03-06 22:31:37.428169
dynamic_TF_carry/BRE              2026-03-06 22:31:37.428396
dynamic_TF_carry/BUND             2026-03-06 22:31:37.428850
dynamic_TF_carry/IRS              2026-03-06 22:31:37.429077
dynamic_TF_carry/PLAT             2026-03-06 22:31:37.429302
dynamic_TF_carry/FTSE100          2026-03-06 22:31:37.429529
dynamic_TF_carry/CRUDE_ICE        2026-03-06 22:31:37.429759
dynamic_TF_carry/BUXL             2026-03-06 22:31:37.429986
dynamic_TF_carry/RUBBER           2026-03-06 22:31:37.430214
dynamic_TF_carry/DAX              2026-03-06 22:31:37.430441
dynamic_TF_carry/WHEAT_ICE        2026-03-06 22:31:37.430668
dynamic_TF_carry/CAD2             2026-03-06 22:31:37.430893
dynamic_TF_carry/MXP              2026-03-06 22:31:37.431120
dynamic_TF_carry/BONO             2026-03-06 22:31:37.431347
dynamic_TF_carry/EU-FOOD          2026-03-06 22:31:37.431572
dynamic_TF_carry/EU-CONSTRUCTION  2026-03-06 22:31:37.431799
dynamic_TF_carry/PALLAD           2026-03-06 22:31:37.432024
dynamic_TF_carry/FTSECHINAA       2026-03-06 22:31:37.432707
dynamic_TF_carry/INR              2026-03-06 22:31:37.432933
dynamic_TF_carry/AUD              2026-03-06 22:31:37.433159
dynamic_TF_carry/BUTTER           2026-03-06 22:31:37.433388
dynamic_TF_carry/EU-DJ-TELECOM    2026-03-06 22:31:37.433623
dynamic_TF_carry/US-HEALTH        2026-03-06 22:31:37.433851
dynamic_TF_carry/VNKI             2026-03-06 22:31:37.434078
dynamic_TF_carry/CLP              2026-03-06 22:31:37.434307
dynamic_TF_carry/FANG             2026-03-06 22:31:37.434534
dynamic_TF_carry/US-STAPLES       2026-03-06 22:31:37.434762
dynamic_TF_carry/KOSPI            2026-03-06 22:31:37.434989
dynamic_TF_carry/US-UTILS         2026-03-06 22:31:37.435218
dynamic_TF_carry/US-ENERGY        2026-03-06 22:31:37.435445
dynamic_TF_carry/SHATZ            2026-03-06 22:31:37.435673
dynamic_TF_carry/KRWUSD           2026-03-06 22:31:37.435900
dynamic_TF_carry/NIKKEI400        2026-03-06 22:31:37.436127
dynamic_TF_carry/GAS-LAST         2026-03-06 22:31:37.436355
dynamic_TF_carry/EU-TECH          2026-03-06 22:31:37.436581
dynamic_TF_carry/EUA              2026-03-06 22:31:37.436809
dynamic_TF_carry/SONIA3           2026-03-06 22:31:37.437036
dynamic_TF_carry/CHINAA-CON       2026-03-06 22:31:37.437264
dynamic_TF_carry/US20             2026-03-06 22:31:37.437492
dynamic_TF_carry/SP500_micro      2026-03-06 22:31:37.437724
dynamic_TF_carry/GBP              2026-03-06 22:31:37.437951
dynamic_TF_carry/CORN             2026-03-06 22:31:37.438406
dynamic_TF_carry/ALUMINIUM        2026-03-06 22:31:37.438634
dynamic_TF_carry/CH10             2026-03-06 22:31:37.438861
dynamic_TF_carry/SGD              2026-03-06 22:31:37.439089
dynamic_TF_carry/SMI              2026-03-06 22:31:37.439316
dynamic_TF_carry/SUGAR11          2026-03-06 22:31:37.439544
dynamic_TF_carry/VIX              2026-03-06 22:31:37.439772
dynamic_TF_carry/ZINC_LME         2026-03-06 22:31:37.440001
dynamic_TF_carry/EU-CHEM          2026-03-06 22:31:37.440229
dynamic_TF_carry/NOK              2026-03-06 22:31:37.440456
dynamic_TF_carry/PLN              2026-03-06 22:31:37.440684
dynamic_TF_carry/OAT              2026-03-06 22:31:37.440911
dynamic_TF_carry/WHEAT            2026-03-06 22:31:37.441140
dynamic_TF_carry/AUD_micro        2026-03-06 22:31:37.441368
dynamic_TF_carry/REDWHEAT         2026-03-06 22:31:37.441600
dynamic_TF_carry/HANGTECH         2026-03-06 22:31:37.441830
dynamic_TF_carry/CAD10            2026-03-06 22:31:37.442060
dynamic_TF_carry/JPY              2026-03-06 22:31:37.442288
dynamic_TF_carry/US10             2026-03-06 22:31:37.442517
dynamic_TF_carry/AUDJPY           2026-03-06 22:31:37.442744
dynamic_TF_carry/ETHEREUM         2026-03-06 22:31:37.442971
dynamic_TF_carry/EU-INSURE        2026-03-06 22:31:37.443198
dynamic_TF_carry/SWISSLEAD        2026-03-06 22:31:37.443426
dynamic_TF_carry/US-INDUSTRY      2026-03-06 22:31:37.443654
dynamic_TF_carry/EU-HEALTH        2026-03-06 22:31:37.444108
dynamic_TF_carry/LEAD_LME         2026-03-06 22:31:37.444336
dynamic_TF_carry/EU-UTILS         2026-03-06 22:31:37.444567
dynamic_TF_carry/WHEY             2026-03-06 22:31:37.444795
dynamic_TF_carry/FTSE250          2026-03-06 22:31:37.445025
dynamic_TF_carry/HANGENT_mini     2026-03-06 22:31:37.445253
dynamic_TF_carry/SMI-MID          2026-03-06 22:31:37.445481
dynamic_TF_carry/US10U            2026-03-06 22:31:37.445713
dynamic_TF_carry/EU-DJ-UTIL       2026-03-06 22:31:37.445942
dynamic_TF_carry/ZAR              2026-03-06 22:31:37.446170
dynamic_TF_carry/EU-DIV30         2026-03-06 22:31:37.446399
dynamic_TF_carry/EPRA-EUROPE      2026-03-06 22:31:37.446627
dynamic_TF_carry/COCOA_LDN        2026-03-06 22:31:37.446854
dynamic_TF_carry/FTSEINDO         2026-03-06 22:31:37.447081
dynamic_TF_carry/GAS-PEN          2026-03-06 22:31:37.447310
dynamic_TF_carry/LEANHOG          2026-03-06 22:31:37.447538
dynamic_TF_carry/BTP3             2026-03-06 22:31:37.447766
dynamic_TF_carry/HANG_mini        2026-03-06 22:31:37.447993
dynamic_TF_carry/BTP              2026-03-06 22:31:37.448222
dynamic_TF_carry/COFFEE           2026-03-06 22:31:37.448451
dynamic_TF_carry/EU-HOUSE         2026-03-06 22:31:37.448681
dynamic_TF_carry/SPI200           2026-03-06 22:31:37.448909
dynamic_TF_carry/EURCHF           2026-03-06 22:31:37.449140
dynamic_TF_carry/AEX              2026-03-06 22:31:37.449369
dynamic_TF_carry/SOFR             2026-03-06 22:31:37.449603
dynamic_TF_carry/EU-AUTO          2026-03-06 22:31:37.449835
dynamic_TF_carry/COTTON2          2026-03-06 22:31:37.450063
dynamic_TF_carry/IBEX_mini        2026-03-06 22:31:37.450292
dynamic_TF_carry/NIKKEI           2026-03-06 22:31:37.450520
dynamic_TF_carry/CNH              2026-03-06 22:31:37.450749
dynamic_TF_carry/US5              2026-03-06 22:31:37.450993
dynamic_TF_carry/NICKEL_LME       2026-03-06 22:31:37.451223
dynamic_TF_carry/V2X              2026-03-06 22:31:37.451453
dynamic_TF_carry/CHF              2026-03-06 22:31:37.451683
dynamic_TF_carry/CHEESE           2026-03-06 22:31:37.451912
dynamic_TF_carry/ROBUSTA          2026-03-06 22:31:37.452143
dynamic_TF_carry/MILKDRY          2026-03-06 22:31:37.452372
dynamic_TF_carry/CAD5             2026-03-06 22:31:37.452601
dynamic_TF_carry/IRON             2026-03-06 22:31:37.452829
dynamic_TF_carry/EU-RETAIL        2026-03-06 22:31:37.453285
dynamic_TF_carry/KOSDAQ           2026-03-06 22:31:37.453514
dynamic_TF_carry/CRUDE_W_micro    2026-03-06 22:31:37.453746
dynamic_TF_carry/EUROSTX-LARGE    2026-03-06 22:31:37.453974
dynamic_TF_carry/GOLD_micro       2026-03-06 22:31:37.454204
dynamic_TF_carry/KRWUSD_mini      2026-03-06 22:31:37.454432
dynamic_TF_carry/SOYBEAN_mini     2026-03-06 22:31:37.454661
dynamic_TF_carry/MILLWHEAT        2026-03-06 22:31:37.454888
dynamic_TF_carry/KR10             2026-03-06 22:31:37.455116
dynamic_TF_carry/COPPER           2026-03-06 22:31:37.455344
dynamic_TF_carry/GASOIL           2026-03-06 22:31:37.455572
dynamic_TF_carry/DOW              2026-03-06 22:31:37.455800
dynamic_TF_carry/SARONA           2026-03-06 22:31:37.456029
dynamic_TF_carry/EU-BANKS         2026-03-06 22:31:37.456257
dynamic_TF_carry/EUROSTX          2026-03-06 22:31:37.456484
dynamic_TF_carry/OMX              2026-03-06 22:31:37.456712
dynamic_TF_carry/RICE             2026-03-06 22:31:37.456939
dynamic_TF_carry/GBPCHF           2026-03-06 22:31:37.457168
dynamic_TF_carry/BRENT_W          2026-03-06 22:31:37.457395
dynamic_TF_carry/SP400            2026-03-06 22:31:37.457628
dynamic_TF_carry/COTTON           2026-03-06 22:31:37.457856
dynamic_TF_carry/EU-MID           2026-03-06 22:31:37.458314
dynamic_TF_carry/HEATOIL          2026-03-06 22:31:37.458542
dynamic_TF_carry/DX               2026-03-06 22:31:37.458771
dynamic_TF_carry/HOUSE-US         2026-03-06 22:31:37.458999
dynamic_TF_carry/BRENT-LAST       2026-03-06 22:31:37.459226
dynamic_TF_carry/COAL-GEORDIE     2026-03-06 22:31:37.459455
dynamic_TF_carry/EU-REALESTATE    2026-03-06 22:31:37.459682
dynamic_TF_carry/US30             2026-03-06 22:31:37.459910
dynamic_TF_carry/FTSEVIET         2026-03-06 22:31:37.460138
dynamic_TF_carry/MUMMY            2026-03-06 22:31:37.460367
dynamic_TF_carry/EUROSTX-SMALL    2026-03-06 22:31:37.460595
dynamic_TF_carry/GASOILINE        2026-03-06 22:31:37.460822
dynamic_TF_carry/OATIES           2026-03-06 22:31:37.461052
dynamic_TF_carry/MSCISING         2026-03-06 22:31:37.461282
dynamic_TF_carry/CZK              2026-03-06 22:31:37.461512
dynamic_TF_carry/FTSECHINAH       2026-03-06 22:31:37.461745
dynamic_TF_carry/LUMBER-new       2026-03-06 22:31:37.461973
dynamic_TF_carry/MSCIWORLD        2026-03-06 22:31:37.462202
dynamic_TF_carry/CAC              2026-03-06 22:31:37.462429
dynamic_TF_carry/COPPER_LME       2026-03-06 22:31:37.462657
dynamic_TF_carry/FED              2026-03-06 22:31:37.462884
dynamic_TF_carry/R1000            2026-03-06 22:31:37.463340
dynamic_TF_carry/EU-MEDIA         2026-03-06 22:31:37.463567
dynamic_TF_carry/TOPIX            2026-03-06 22:31:37.463796
dynamic_TF_carry/STEEL            2026-03-06 22:31:37.464253
dynamic_TF_carry/EU-OIL           2026-03-06 22:31:37.464483
dynamic_TF_carry/EURAUD           2026-03-06 22:31:37.464716
dynamic_TF_carry/CRUDE_W_mini     2026-03-06 22:31:37.464947
dynamic_TF_carry/MSCIEAFA         2026-03-06 22:31:37.465178
dynamic_TF_carry/JGB              2026-03-06 22:31:37.465642
dynamic_TF_carry/EURIBOR          2026-03-06 22:31:37.465872
dynamic_TF_carry/BOVESPA          2026-03-06 22:31:37.466101
dynamic_TF_carry/GILT             2026-03-06 22:31:37.466330
dynamic_TF_carry/EU-BASIC         2026-03-06 22:31:37.466559
dynamic_TF_carry/JGB-SGX-mini     2026-03-06 22:31:37.466788
dynamic_TF_carry/MSCIASIA         2026-03-06 22:31:37.467016
dynamic_TF_carry/SEK              2026-03-06 22:31:37.467246
dynamic_TF_carry/SOYMEAL          2026-03-06 22:31:37.467475
dynamic_TF_carry/EURO600          2026-03-06 22:31:37.467705
dynamic_TF_carry/JP-REALESTATE    2026-03-06 22:31:37.467936
dynamic_TF_carry/EURCAD           2026-03-06 22:31:37.468164
dynamic_TF_carry/MSCITAIWAN       2026-03-06 22:31:37.468393
dynamic_TF_carry/MSCIEMASIA       2026-03-06 22:31:37.468624
dynamic_TF_carry/IG               2026-03-06 22:31:37.468853
dynamic_TF_carry/FEEDCOW          2026-03-06 22:31:37.469081
dynamic_TF_carry/TWD              2026-03-06 22:31:37.469310
dynamic_TF_carry/SUGAR_WHITE      2026-03-06 22:31:37.469539
dynamic_TF_carry/SUGAR16          2026-03-06 22:31:37.469772
dynamic_TF_carry/US-DISCRETE      2026-03-06 22:31:37.470002


======================================================================================================================
                                                Status of trade limits                                                
======================================================================================================================

                   period_days  trade_limit  trades_since_last_reset  trade_capacity_remaining   time_since_last_reset
 BUND                       30            4                      4.0                       0.0 28 days 14:59:21.509697
 RUSSELL                     1            4                      2.0                       2.0  0 days 07:59:23.161319
 BUND                       14            4                      2.0                       2.0  4 days 14:59:22.721985
 AEX                        30            4                      1.0                       3.0 11 days 14:59:17.466800
 CAD                        14            4                      1.0                       3.0 11 days 07:59:09.671905
 BTP                        30            4                      1.0                       3.0 18 days 14:59:18.333688
 AEX                        14            4                      1.0                       3.0 11 days 14:59:17.464876
 EU-TECH                    14            4                      1.0                       3.0  2 days 14:59:18.131428
 EU-MEDIA                    1            4                      0.0                       4.0  0 days 00:00:00.000001
 EU-HOUSE                    1            4                      0.0                       4.0  0 days 00:00:00.000001
 EU-DJ-UTIL                  1            4                      0.0                       4.0  0 days 00:00:00.000001
 EU-DJ-TELECOM               1            4                      0.0                       4.0  0 days 00:00:00.000002
 EU-DJ-TECH                  1            4                      0.0                       4.0  0 days 00:00:00.000002
 EU-DJ-OIL                   1            4                      0.0                       4.0  0 days 00:00:00.000001
 EU-CONSTRUCTION             1            4                      0.0                       4.0  0 days 00:00:00.000001
 COTTON                      1            4                      0.0                       4.0  0 days 00:00:00.000001
 EU-MID                      1            4                      0.0                       4.0  0 days 00:00:00.000002
 COPPER-mini                 1            4                      0.0                       4.0  0 days 00:00:00.000001
 CNH-onshore                 1            4                      0.0                       4.0  0 days 00:00:00.000001
 CLP                         1            4                      0.0                       4.0  0 days 00:00:00.000002
 CH10                        1            4                      0.0                       4.0  0 days 00:00:00.000002
 BUTTER                      1            4                      0.0                       4.0  0 days 00:00:00.000001
 BOVESPA                     1            4                      0.0                       4.0  0 days 00:00:00.000001
 BEL20                       1            4                      0.0                       4.0  0 days 00:00:00.000002
 CZK                         1            4                      0.0                       4.0  0 days 00:00:00.000002
 EU-REALESTATE               1            4                      0.0                       4.0  0 days 00:00:00.000001
 EURIBOR                     1            4                      0.0                       4.0  0 days 00:00:00.000001
 ALUMINIUM                   1            4                      0.0                       4.0  0 days 00:00:00.000002
 US-INDUSTRY                 1            4                      0.0                       4.0  0 days 00:00:00.000001
 US-HEALTH                   1            4                      0.0                       4.0  0 days 00:00:00.000002
 US-ENERGY                   1            4                      0.0                       4.0  0 days 00:00:00.000002
 US-DISCRETE                 1            4                      0.0                       4.0  0 days 00:00:00.000001
 SMI-MID                     1            4                      0.0                       4.0  0 days 00:00:00.000001
 SGX                         1            4                      0.0                       4.0  0 days 00:00:00.000001
 SGD                         1            4                      0.0                       4.0  0 days 00:00:00.000001
 OMX                         1            4                      0.0                       4.0  0 days 00:00:00.000001
 MSCIASIA                    1            4                      0.0                       4.0  0 days 00:00:00.000002
 MILKWET                     1            4                      0.0                       4.0  0 days 00:00:00.000002
 MILKDRY                     1            4                      0.0                       4.0  0 days 00:00:00.000002
 MID-DAX                     1            4                      0.0                       4.0  0 days 00:00:00.000001
 JP-REALESTATE               1            4                      0.0                       4.0  0 days 00:00:00.000001
 JGB-SGX-mini                1            4                      0.0                       4.0  0 days 00:00:00.000002
 IRS                         1            4                      0.0                       4.0  0 days 00:00:00.000002
 FTSEINDO                    1            4                      0.0                       4.0  0 days 00:00:00.000001
 EUROSTX200-LARGE            1            4                      0.0                       4.0  0 days 00:00:00.000001
 EUROSTX-SMALL               1            4                      0.0                       4.0  0 days 00:00:00.000002
 EUROSTX-LARGE               1            4                      0.0                       4.0  0 days 00:00:00.000002
 EURCHF                      1            4                      0.0                       4.0  0 days 00:00:00.000001
 YENEUR                     30            4                      0.0                       4.0  0 days 00:00:00.000001
 US3                        30            4                      0.0                       4.0  0 days 00:00:00.000002
 US-MATERIAL                 1            4                      0.0                       4.0  0 days 00:00:00.000001
 ZAR                         1            4                      0.0                       4.0  0 days 00:00:00.000001
 JGB                        14            4                      0.0                       4.0  0 days 00:00:00.000002
 HEATOIL                    14            4                      0.0                       4.0  0 days 00:00:00.000001
 GBPEUR                     14            4                      0.0                       4.0  0 days 00:00:00.000001
 GAS-LAST                   14            4                      0.0                       4.0  0 days 00:00:00.000001
 FTSETAIWAN                 14            4                      0.0                       4.0  0 days 00:00:00.000002
 EU-CHEM                    14            4                      0.0                       4.0  0 days 00:00:00.000002
 ETHEREUM                   14            4                      0.0                       4.0  0 days 00:00:00.000002
 CNH                        14            4                      0.0                       4.0  0 days 00:00:00.000001
 BUXL                       14            4                      0.0                       4.0  3 days 14:59:22.842369
 BTP3                       14            4                      0.0                       4.0  0 days 00:00:00.000002
 BRENT-LAST                 14            4                      0.0                       4.0  0 days 00:00:00.000002
 BONO                       14            4                      0.0                       4.0  0 days 00:00:00.000001
 YENEUR                      1            4                      0.0                       4.0  0 days 00:00:00.000001
 US3                         1            4                      0.0                       4.0  0 days 00:00:00.000002
 US10U                       1            4                      0.0                       4.0  0 days 00:00:00.000002
 US-REALESTATE               1            4                      0.0                       4.0  0 days 00:00:00.000001
 TOPIX                       1            4                      0.0                       4.0  0 days 00:00:00.000001
 SP400                       1            4                      0.0                       4.0  0 days 00:00:00.000001
 NOK                        14            4                      0.0                       4.0  0 days 00:00:00.000001
