
********************************************************************************
                   Status report produced on 02/06/2025 22:55                   
********************************************************************************


Delayed methods: No delays

===============================
 Delayed adjusted / FX prices  
===============================

                    last_update
SGX         2025-05-26 23:00:01
TWD         2025-05-29 23:00:00
CNH-onshore 2025-05-29 23:00:00
HIGHYIELD   2025-05-29 23:00:01
TWD-mini    2025-05-29 23:00:01
IG          2025-05-30 15:00:01


===============================================
           Delayed optimal positions           
===============================================

                                    last_update
dynamic_TF_carry/SGX 2024-12-02 22:31:28.544775

Instruments at trade limit: No constraints

================================================
         Instruments at position limit          
================================================

                 keys  position pos_limit  spare
122          EU-HOUSE         0       0.0    0.0
166          TWD-mini         0       0.0    0.0
87             PALLAD         0       0.0    0.0
172               SGX         0       0.0    0.0
81             KRWUSD         0       0.0    0.0
175       HEATOIL-ICE         0       0.0    0.0
183        EU-DJ-TECH         0       0.0    0.0
76            MILKDRY         0       0.0    0.0
185           TIN_LME         0       0.0    0.0
188            NASDAQ         0       0.0    0.0
190     EU-DJ-TELECOM         0       0.0    0.0
191           GAS-PEN        -1       1.0    0.0
134              WHEY         0       0.0    0.0
63        EPRA-EUROPE         0       0.0    0.0
61                SEK         0       0.0    0.0
60             GBPJPY         0       0.0    0.0
56            EU-CHEM         0       0.0    0.0
54        CNH-onshore         0       0.0    0.0
91           ETHEREUM         0       0.0    0.0
92          HIGHYIELD         0       0.0    0.0
161         SWISSLEAD         0       0.0    0.0
160          HOUSE-US         0       0.0    0.0
141           BOVESPA         0       0.0    0.0
130               JGB         0       0.0    0.0
129            EURCAD         0       0.0    0.0
142          JGB-mini         0       0.0    0.0
127            COTTON         0       0.0    0.0
126               TWD         0       0.0    0.0
148               CZK         0       0.0    0.0
119           MILKWET         0       0.0    0.0
47              STEEL         0       0.0    0.0
150               RUR         0       0.0    0.0
116            EURCHF         0       0.0    0.0
115  EUROSTX200-LARGE         0       0.0    0.0
108                IG         0       0.0    0.0
155          EU-MEDIA         0       0.0    0.0
157               OMX         0       0.0    0.0
158           SMI-MID         0       0.0    0.0
101              CH10         0       0.0    0.0
159              COAL         0       0.0    0.0
153               PLN         0       0.0    0.0
46        COPPER-mini         0       0.0    0.0
192            AUDJPY         0       0.0    0.0
23       COAL-GEORDIE         0       0.0    0.0
239          SGD_mini         0       0.0    0.0
215         EU-RETAIL         0       0.0    0.0
32          EU-TRAVEL         0       0.0    0.0
217          JPY_mini         0       0.0    0.0
30               GICS         0       0.0    0.0
24             CHFJPY         0       0.0    0.0
212         CHF_micro         0       0.0    0.0
209            EURAUD         0       0.0    0.0
229   EU-CONSTRUCTION         0       0.0    0.0
18              SP400         0       0.0    0.0
16                NOK         0       0.0    0.0
224               CLP         0       0.0    0.0
225   GASOILINE_micro         0       0.0    0.0
228               IRS         0       0.0    0.0
21         COPPER_LME         0       0.0    0.0
5                VNKI         0       0.0    0.0
29              R1000         0       0.0    0.0
37      EUROSTX-LARGE         0       0.0    0.0
241          AEX_mini         0       0.0    0.0
41             BUTTER         0       0.0    0.0


=========================================================
         Overrides in database consider deleting         
=========================================================

                                                 override
NICKEL_LME             Override Close because in database
OATIES           Override Reduce only because in database
RICE             Override Reduce only because in database
MILKWET          Override Reduce only because in database
VNKI             Override Reduce only because in database
FTSE100          Override Reduce only because in database
JGB-mini         Override Reduce only because in database
LUMBER-new       Override Reduce only because in database
JGB-SGX-mini     Override Reduce only because in database
COPPER-mini      Override Reduce only because in database
GAS_US_mini      Override Reduce only because in database
SPI200           Override Reduce only because in database
GAS-LAST         Override Reduce only because in database
JGB              Override Reduce only because in database
STEEL            Override Reduce only because in database
IRS              Override Reduce only because in database
NZD              Override Reduce only because in database
GICS             Override Reduce only because in database
SGD              Override Reduce only because in database
KRWUSD           Override Reduce only because in database
PLN              Override Reduce only because in database
BONO             Override Reduce only because in database
SOYBEAN_mini     Override Reduce only because in database
CZK              Override Reduce only because in database
EURCAD           Override Reduce only because in database
TWD              Override Reduce only because in database
AUD              Override Reduce only because in database
CHF_micro        Override Reduce only because in database
NOK              Override Reduce only because in database
R1000            Override Reduce only because in database
AUD_micro        Override Reduce only because in database
IBEX_mini        Override Reduce only because in database
VIX_mini         Override Reduce only because in database
GBP_micro        Override Reduce only because in database
EU-CHEM          Override Reduce only because in database
EU-INSURE        Override Reduce only because in database
KOSDAQ           Override Reduce only because in database
JP-REALESTATE    Override Reduce only because in database
IBEX             Override Reduce only because in database
COAL             Override Reduce only because in database
AUDJPY           Override Reduce only because in database
CAD_micro        Override Reduce only because in database
EUR_mini         Override Reduce only because in database
KOSPI_mini       Override Reduce only because in database
KOSPI            Override Reduce only because in database
GBPCHF           Override Reduce only because in database
MXP              Override Reduce only because in database
GAS-PEN          Override Reduce only because in database
YENEUR           Override Reduce only because in database
CHFJPY           Override Reduce only because in database
CNH-onshore      Override Reduce only because in database
TOPIX            Override Reduce only because in database
GBP              Override Reduce only because in database
SEK              Override Reduce only because in database
OMX              Override Reduce only because in database
GBPEUR           Override Reduce only because in database
CHF              Override Reduce only because in database
GBPJPY           Override Reduce only because in database
EURAUD           Override Reduce only because in database
NIKKEI400        Override Reduce only because in database
RUR              Override Reduce only because in database
JPY_mini         Override Reduce only because in database
EURCHF           Override Reduce only because in database
EU-BANKS         Override Reduce only because in database
EU-CONSTRUCTION  Override Reduce only because in database
GASOILINE_micro  Override Reduce only because in database
ZAR              Override Reduce only because in database

Locked instruments (position mismatch): []

==============================================
Status of adjusted price / FX price collection
==============================================

                         last_update
SGX              2025-05-26 23:00:01
TWD              2025-05-29 23:00:00
CNH-onshore      2025-05-29 23:00:00
HIGHYIELD        2025-05-29 23:00:01
TWD-mini         2025-05-29 23:00:01
IG               2025-05-30 15:00:01
CHFJPY           2025-05-30 23:00:00
MILKDRY          2025-05-30 23:00:00
RUR              2025-05-30 23:00:00
COTTON           2025-05-30 23:00:00
CLP              2025-05-30 23:00:00
SGD_mini         2025-05-30 23:00:00
NICKEL_LME       2025-05-30 23:00:00
SMI-MID          2025-05-30 23:00:00
HOUSE-US         2025-05-30 23:00:00
CZK              2025-05-30 23:00:00
SUGAR16          2025-05-30 23:00:00
MILKWET          2025-05-30 23:00:00
SWISSLEAD        2025-05-30 23:00:00
GASOILINE_micro  2025-05-30 23:00:00
GBPCHF           2025-05-30 23:00:00
GICS             2025-05-30 23:00:00
VNKI             2025-05-30 23:00:00
EURAUD           2025-05-30 23:00:00
OMX              2025-05-30 23:00:00
BOVESPA          2025-05-30 23:00:00
TIN_LME          2025-05-30 23:00:00
JGB-mini         2025-06-02 02:00:00
JP-REALESTATE    2025-06-02 04:00:00
HANG             2025-06-02 04:00:00
IRON             2025-06-02 04:00:00
HANGENT_mini     2025-06-02 04:00:00
HANG_mini        2025-06-02 04:00:00
FTSEINDO         2025-06-02 04:00:00
FTSEVIET         2025-06-02 04:00:00
HANGENT          2025-06-02 04:00:00
KRWUSD_mini      2025-06-02 04:00:00
HANGTECH         2025-06-02 04:00:00
RUBBER           2025-06-02 04:00:00
SPI200           2025-06-02 04:00:00
SGD              2025-06-02 04:00:00
FTSECHINAA       2025-06-02 05:00:00
KOSPI            2025-06-02 05:00:00
KOSPI_mini       2025-06-02 05:00:00
KR10             2025-06-02 05:00:00
KR3              2025-06-02 05:00:00
JGB-SGX-mini     2025-06-02 05:00:00
JGB              2025-06-02 05:00:00
TOPIX            2025-06-02 05:00:00
MSCISING         2025-06-02 05:00:00
KOSDAQ           2025-06-02 05:00:00
MSCITAIWAN       2025-06-02 05:00:00
CHINAA-CON       2025-06-02 05:00:00
MUMMY*           2025-06-02 05:00:00
CNH              2025-06-02 05:00:00
NIKKEI*          2025-06-02 05:00:00
NIKKEI400        2025-06-02 05:00:00
FTSETAIWAN       2025-06-02 05:00:00
FTSECHINAH       2025-06-02 05:00:00
AEX_mini         2025-06-02 08:00:00
EPRA-EUROPE      2025-06-02 09:00:00
COAL-GEORDIE     2025-06-02 10:00:00
EUROSTX-LARGE    2025-06-02 12:00:00
MSCIWORLD        2025-06-02 13:00:00
ZINC_LME         2025-06-02 14:00:00
COAL             2025-06-02 14:00:00
EU-HOUSE         2025-06-02 14:00:00
IRS              2025-06-02 14:30:00
EU-CHEM          2025-06-02 15:00:00
EURIBOR-ICE      2025-06-02 15:00:00
ROBUSTA          2025-06-02 15:00:00
BONO             2025-06-02 15:00:00
MILLWHEAT        2025-06-02 15:00:00
EUROSTX-SMALL    2025-06-02 15:00:00
GILT             2025-06-02 15:00:00
WHEAT_ICE        2025-06-02 15:00:00
GBPJPY           2025-06-02 15:00:00
ALUMINIUM_LME    2025-06-02 15:00:00
FTSE100          2025-06-02 15:00:00
FTSE250          2025-06-02 15:00:00
MSCIASIA         2025-06-02 15:00:00
CRUDE_ICE        2025-06-02 15:00:00
COPPER_LME       2025-06-02 15:00:00
COCOA_LDN        2025-06-02 15:00:00
EURIBOR          2025-06-02 15:00:00
SARONA           2025-06-02 15:00:00
BRENT_W          2025-06-02 15:00:00
EU-MID           2025-06-02 15:00:00
EU-DJ-TECH       2025-06-02 15:00:00
CH10             2025-06-02 15:00:00
LEAD_LME         2025-06-02 15:00:00
MIB              2025-06-02 15:00:00
EU-MEDIA         2025-06-02 15:00:00
HEATOIL-ICE      2025-06-02 15:00:00
IBEX_mini*       2025-06-02 15:00:00
GASOIL           2025-06-02 15:00:00
EU-RETAIL        2025-06-02 15:00:00
EU-TECH          2025-06-02 15:00:00
EU-TRAVEL        2025-06-02 15:00:00
SONIA3           2025-06-02 15:00:00
EUA              2025-06-02 15:00:00
IBEX             2025-06-02 15:00:00
V2X*             2025-06-02 16:00:00
WHEY             2025-06-02 16:00:00
SMI              2025-06-02 16:00:00
SHATZ            2025-06-02 16:00:00
OAT              2025-06-02 16:00:00
GASOILINE_ICE    2025-06-02 16:00:00
SUGAR_WHITE      2025-06-02 16:00:00
AEX              2025-06-02 16:00:00
CAC              2025-06-02 16:00:00
EU-INSURE        2025-06-02 16:00:00
BUND             2025-06-02 16:00:00
EU-HEALTH        2025-06-02 16:00:00
EU-FOOD          2025-06-02 16:00:00
EU-DJ-UTIL       2025-06-02 16:00:00
EU-DJ-TELECOM    2025-06-02 16:00:00
EU-DJ-OIL        2025-06-02 16:00:00
EU-DIV30         2025-06-02 16:00:00
BTP3             2025-06-02 16:00:00
BTP*             2025-06-02 16:00:00
EU-CONSTRUCTION  2025-06-02 16:00:00
EU-BASIC         2025-06-02 16:00:00
EU-BANKS         2025-06-02 16:00:00
EU-AUTO          2025-06-02 16:00:00
BOBL             2025-06-02 16:00:00
EU-OIL           2025-06-02 16:00:00
EU-UTILS         2025-06-02 16:00:00
EU-REALESTATE    2025-06-02 16:00:00
DAX              2025-06-02 16:00:00
EURO600          2025-06-02 16:00:00
EUROSTX          2025-06-02 16:00:00
EUROSTX200-LARGE 2025-06-02 16:00:00
BUXL             2025-06-02 16:00:00
EURCAD           2025-06-02 17:00:00
SUGAR11          2025-06-02 17:00:00
COFFEE           2025-06-02 18:00:00
COPPER-mini      2025-06-02 18:00:00
COCOA            2025-06-02 18:00:00
OJ               2025-06-02 18:00:00
ALUMINIUM        2025-06-02 18:00:00
CHEESE           2025-06-02 18:00:00
BRENT-LAST       2025-06-02 19:00:00
COTTON2          2025-06-02 19:00:00
CORN_mini        2025-06-02 19:00:00
BITCOIN          2025-06-02 19:00:00
CORN             2025-06-02 19:00:00
CAD2             2025-06-02 19:00:00
OATIES           2025-06-02 19:00:00
SOYBEAN_mini     2025-06-02 19:00:00
SOYMEAL          2025-06-02 19:00:00
CANOLA*          2025-06-02 19:00:00
CHF_micro        2025-06-02 19:00:00
RICE             2025-06-02 19:00:00
REDWHEAT         2025-06-02 19:00:00
R1000            2025-06-02 19:00:00
MSCIEMASIA       2025-06-02 19:00:00
SOYBEAN          2025-06-02 19:00:00
SOYOIL           2025-06-02 19:00:00
PLN              2025-06-02 19:00:00
MILK             2025-06-02 19:00:00
FEEDCOW*         2025-06-02 19:00:00
FED              2025-06-02 19:00:00
WHEAT_mini       2025-06-02 19:00:00
AUDJPY           2025-06-02 19:00:00
WHEAT*           2025-06-02 19:00:00
VIX_mini         2025-06-02 19:00:00
BBCOMM           2025-06-02 19:00:00
INR              2025-06-02 19:00:00
KRWUSD           2025-06-02 19:00:00
LEANHOG          2025-06-02 19:00:00
DX               2025-06-02 19:00:00
LIVECOW          2025-06-02 19:00:00
US-STAPLES       2025-06-02 20:00:00
US-HEALTH        2025-06-02 20:00:00
ZAR              2025-06-02 20:00:00
YENEUR*          2025-06-02 20:00:00
AUD              2025-06-02 20:00:00
US-ENERGY        2025-06-02 20:00:00
US-DISCRETE      2025-06-02 20:00:00
US-MATERIAL      2025-06-02 20:00:00
SP400            2025-06-02 20:00:00
US-REALESTATE    2025-06-02 20:00:00
SP500            2025-06-02 20:00:00
AUD_micro        2025-06-02 20:00:00
VIX              2025-06-02 20:00:00
SOFR             2025-06-02 20:00:00
SP500_micro      2025-06-02 20:00:00
BUTTER           2025-06-02 20:00:00
STEEL            2025-06-02 20:00:00
US5              2025-06-02 20:00:00
US-INDUSTRY      2025-06-02 20:00:00
US3              2025-06-02 20:00:00
US20             2025-06-02 20:00:00
US2              2025-06-02 20:00:00
US10U            2025-06-02 20:00:00
US10             2025-06-02 20:00:00
US-UTILS         2025-06-02 20:00:00
BRE              2025-06-02 20:00:00
US30             2025-06-02 20:00:00
GASOILINE        2025-06-02 20:00:00
SILVER           2025-06-02 20:00:00
ETHER-micro      2025-06-02 20:00:00
ETHEREUM         2025-06-02 20:00:00
JPY_mini         2025-06-02 20:00:00
CAD              2025-06-02 20:00:00
EUR              2025-06-02 20:00:00
HEATOIL          2025-06-02 20:00:00
EURCHF           2025-06-02 20:00:00
GOLD_micro       2025-06-02 20:00:00
GOLD-mini        2025-06-02 20:00:00
GOLD             2025-06-02 20:00:00
EUR_micro        2025-06-02 20:00:00
EUR_mini         2025-06-02 20:00:00
GBP_micro        2025-06-02 20:00:00
FANG             2025-06-02 20:00:00
GBPEUR           2025-06-02 20:00:00
GBP              2025-06-02 20:00:00
GAS_US_mini*     2025-06-02 20:00:00
GAS_US           2025-06-02 20:00:00
GAS-LAST         2025-06-02 20:00:00
LUMBER-new       2025-06-02 20:00:00
DOW_mini         2025-06-02 20:00:00
JPY              2025-06-02 20:00:00
CRUDE_W_mini     2025-06-02 20:00:00
CAD10            2025-06-02 20:00:00
CAD5             2025-06-02 20:00:00
CAD_micro        2025-06-02 20:00:00
SEK              2025-06-02 20:00:00
RUSSELL_mini     2025-06-02 20:00:00
DOW*             2025-06-02 20:00:00
CHF              2025-06-02 20:00:00
GAS-PEN*         2025-06-02 20:00:00
PLAT             2025-06-02 20:00:00
PALLAD           2025-06-02 20:00:00
RUSSELL          2025-06-02 20:00:00
NOK              2025-06-02 20:00:00
COPPER           2025-06-02 20:00:00
COPPER-micro     2025-06-02 20:00:00
NASDAQ_micro     2025-06-02 20:00:00
NASDAQ           2025-06-02 20:00:00
MXP*             2025-06-02 20:00:00
CRUDE_W          2025-06-02 20:00:00
MSCIEAFA*        2025-06-02 20:00:00
CRUDE_W_micro*   2025-06-02 20:00:00
NZD              2025-06-02 20:00:00
CHFUSD           2025-06-02 23:00:00
JPYUSD           2025-06-02 23:00:00
EURUSD           2025-06-02 23:00:00
CADUSD           2025-06-02 23:00:00
KRWUSD           2025-06-02 23:00:00
MXPUSD           2025-06-02 23:00:00
SEKUSD           2025-06-02 23:00:00
GBPUSD           2025-06-02 23:00:00
SGDUSD           2025-06-02 23:00:00
HKDUSD           2025-06-02 23:00:00
CNHUSD           2025-06-02 23:00:00
AUDUSD           2025-06-02 23:00:00


============================================================
           Status of optimal position generation            
============================================================

                                                 last_update
dynamic_TF_carry/SGX              2024-12-02 22:31:28.544775
dynamic_TF_carry/HOUSE-US         2025-06-02 22:31:38.700606
dynamic_TF_carry/STEEL            2025-06-02 22:31:38.700859
dynamic_TF_carry/VIX              2025-06-02 22:31:38.701096
dynamic_TF_carry/COCOA_LDN        2025-06-02 22:31:38.701330
dynamic_TF_carry/JGB-SGX-mini     2025-06-02 22:31:38.701562
dynamic_TF_carry/NOK              2025-06-02 22:31:38.701797
dynamic_TF_carry/SP400            2025-06-02 22:31:38.702030
dynamic_TF_carry/EU-TRAVEL        2025-06-02 22:31:38.702260
dynamic_TF_carry/SOYBEAN          2025-06-02 22:31:38.702487
dynamic_TF_carry/EU-AUTO          2025-06-02 22:31:38.702713
dynamic_TF_carry/EU-HEALTH        2025-06-02 22:31:38.702942
dynamic_TF_carry/HANGENT_mini     2025-06-02 22:31:38.703170
dynamic_TF_carry/HANGTECH         2025-06-02 22:31:38.703397
dynamic_TF_carry/CORN             2025-06-02 22:31:38.703626
dynamic_TF_carry/MSCIWORLD        2025-06-02 22:31:38.704083
dynamic_TF_carry/EU-UTILS         2025-06-02 22:31:38.704310
dynamic_TF_carry/US-REALESTATE    2025-06-02 22:31:38.704537
dynamic_TF_carry/COTTON2          2025-06-02 22:31:38.704765
dynamic_TF_carry/CAC              2025-06-02 22:31:38.704993
dynamic_TF_carry/EURCAD           2025-06-02 22:31:38.705221
dynamic_TF_carry/MIB              2025-06-02 22:31:38.705449
dynamic_TF_carry/HANG_mini        2025-06-02 22:31:38.705683
dynamic_TF_carry/EU-BANKS         2025-06-02 22:31:38.705913
dynamic_TF_carry/BUND             2025-06-02 22:31:38.706141
dynamic_TF_carry/US2              2025-06-02 22:31:38.706367
dynamic_TF_carry/BBCOMM           2025-06-02 22:31:38.706595
dynamic_TF_carry/COAL             2025-06-02 22:31:38.706823
dynamic_TF_carry/HEATOIL          2025-06-02 22:31:38.707050
dynamic_TF_carry/EPRA-EUROPE      2025-06-02 22:31:38.707278
dynamic_TF_carry/BTP3             2025-06-02 22:31:38.707505
dynamic_TF_carry/CRUDE_ICE        2025-06-02 22:31:38.707732
dynamic_TF_carry/US10U            2025-06-02 22:31:38.707960
dynamic_TF_carry/COPPER_LME       2025-06-02 22:31:38.708189
dynamic_TF_carry/CNH              2025-06-02 22:31:38.708416
dynamic_TF_carry/FTSE100          2025-06-02 22:31:38.708643
dynamic_TF_carry/CHF              2025-06-02 22:31:38.709101
dynamic_TF_carry/AUDJPY           2025-06-02 22:31:38.709329
dynamic_TF_carry/EU-OIL           2025-06-02 22:31:38.709556
dynamic_TF_carry/NZD              2025-06-02 22:31:38.709791
dynamic_TF_carry/WHEY             2025-06-02 22:31:38.710021
dynamic_TF_carry/MILKDRY          2025-06-02 22:31:38.710250
dynamic_TF_carry/EURCHF           2025-06-02 22:31:38.710479
dynamic_TF_carry/FTSEVIET         2025-06-02 22:31:38.710707
dynamic_TF_carry/EU-BASIC         2025-06-02 22:31:38.710935
dynamic_TF_carry/GILT             2025-06-02 22:31:38.711163
dynamic_TF_carry/EU-REALESTATE    2025-06-02 22:31:38.711392
dynamic_TF_carry/EUR_micro        2025-06-02 22:31:38.711621
dynamic_TF_carry/EURO600          2025-06-02 22:31:38.711850
dynamic_TF_carry/EU-MID           2025-06-02 22:31:38.712079
dynamic_TF_carry/KOSPI            2025-06-02 22:31:38.712306
dynamic_TF_carry/FANG             2025-06-02 22:31:38.712534
dynamic_TF_carry/OATIES           2025-06-02 22:31:38.712761
dynamic_TF_carry/ZINC_LME         2025-06-02 22:31:38.712991
dynamic_TF_carry/ALUMINIUM        2025-06-02 22:31:38.713219
dynamic_TF_carry/LIVECOW          2025-06-02 22:31:38.713447
dynamic_TF_carry/CRUDE_W_mini     2025-06-02 22:31:38.713680
dynamic_TF_carry/GBPJPY           2025-06-02 22:31:38.713909
dynamic_TF_carry/CHINAA-CON       2025-06-02 22:31:38.714136
dynamic_TF_carry/MSCIEAFA         2025-06-02 22:31:38.714365
dynamic_TF_carry/EU-INSURE        2025-06-02 22:31:38.714593
dynamic_TF_carry/BITCOIN          2025-06-02 22:31:38.714820
dynamic_TF_carry/SUGAR16          2025-06-02 22:31:38.715048
dynamic_TF_carry/EUR              2025-06-02 22:31:38.715277
dynamic_TF_carry/ZAR              2025-06-02 22:31:38.715504
dynamic_TF_carry/AUD              2025-06-02 22:31:38.715964
dynamic_TF_carry/MILLWHEAT        2025-06-02 22:31:38.716193
dynamic_TF_carry/BONO             2025-06-02 22:31:38.716422
dynamic_TF_carry/CAD5             2025-06-02 22:31:38.716649
dynamic_TF_carry/EU-TECH          2025-06-02 22:31:38.716877
dynamic_TF_carry/MSCIEMASIA       2025-06-02 22:31:38.717106
dynamic_TF_carry/CLP              2025-06-02 22:31:38.717334
dynamic_TF_carry/IRON             2025-06-02 22:31:38.717566
dynamic_TF_carry/US-INDUSTRY      2025-06-02 22:31:38.717796
dynamic_TF_carry/EURAUD           2025-06-02 22:31:38.718025
dynamic_TF_carry/GAS_US_mini      2025-06-02 22:31:38.718254
dynamic_TF_carry/IRS              2025-06-02 22:31:38.718482
dynamic_TF_carry/SONIA3           2025-06-02 22:31:38.718709
dynamic_TF_carry/PLAT             2025-06-02 22:31:38.718938
dynamic_TF_carry/MSCISING         2025-06-02 22:31:38.719168
dynamic_TF_carry/V2X              2025-06-02 22:31:38.719397
dynamic_TF_carry/IG               2025-06-02 22:31:38.719625
dynamic_TF_carry/GICS             2025-06-02 22:31:38.719853
dynamic_TF_carry/KR3              2025-06-02 22:31:38.720082
dynamic_TF_carry/CANOLA           2025-06-02 22:31:38.720310
dynamic_TF_carry/US-HEALTH        2025-06-02 22:31:38.720538
dynamic_TF_carry/COCOA            2025-06-02 22:31:38.720766
dynamic_TF_carry/GOLD_micro       2025-06-02 22:31:38.720993
dynamic_TF_carry/OAT              2025-06-02 22:31:38.721221
dynamic_TF_carry/GASOIL           2025-06-02 22:31:38.721449
dynamic_TF_carry/EU-MEDIA         2025-06-02 22:31:38.721681
dynamic_TF_carry/PALLAD           2025-06-02 22:31:38.721908
dynamic_TF_carry/US-ENERGY        2025-06-02 22:31:38.722137
dynamic_TF_carry/SMI              2025-06-02 22:31:38.722367
dynamic_TF_carry/COPPER           2025-06-02 22:31:38.722596
dynamic_TF_carry/BRENT_W          2025-06-02 22:31:38.722822
dynamic_TF_carry/SUGAR_WHITE      2025-06-02 22:31:38.723050
dynamic_TF_carry/TWD              2025-06-02 22:31:38.723279
dynamic_TF_carry/TOPIX            2025-06-02 22:31:38.723507
dynamic_TF_carry/REDWHEAT         2025-06-02 22:31:38.723734
dynamic_TF_carry/BUXL             2025-06-02 22:31:38.723961
dynamic_TF_carry/CHEESE           2025-06-02 22:31:38.724188
dynamic_TF_carry/LEANHOG          2025-06-02 22:31:38.724415
dynamic_TF_carry/US-STAPLES       2025-06-02 22:31:38.724869
dynamic_TF_carry/RICE             2025-06-02 22:31:38.725097
dynamic_TF_carry/NICKEL_LME       2025-06-02 22:31:38.725326
dynamic_TF_carry/BOVESPA          2025-06-02 22:31:38.725553
dynamic_TF_carry/COPPER-micro     2025-06-02 22:31:38.725787
dynamic_TF_carry/CHFJPY           2025-06-02 22:31:38.726015
dynamic_TF_carry/JPY              2025-06-02 22:31:38.726245
dynamic_TF_carry/SMI-MID          2025-06-02 22:31:38.726474
dynamic_TF_carry/EUROSTX          2025-06-02 22:31:38.726704
dynamic_TF_carry/KOSPI_mini       2025-06-02 22:31:38.726932
dynamic_TF_carry/FEEDCOW          2025-06-02 22:31:38.727615
dynamic_TF_carry/COAL-GEORDIE     2025-06-02 22:31:38.727844
dynamic_TF_carry/BUTTER           2025-06-02 22:31:38.728072
dynamic_TF_carry/MILKWET          2025-06-02 22:31:38.728299
dynamic_TF_carry/EUROSTX200-LARGE 2025-06-02 22:31:38.728527
dynamic_TF_carry/FTSE250          2025-06-02 22:31:38.728981
dynamic_TF_carry/CH10             2025-06-02 22:31:38.729209
dynamic_TF_carry/INR              2025-06-02 22:31:38.729438
dynamic_TF_carry/SWISSLEAD        2025-06-02 22:31:38.729671
dynamic_TF_carry/DAX              2025-06-02 22:31:38.729898
dynamic_TF_carry/EUROSTX-SMALL    2025-06-02 22:31:38.730128
dynamic_TF_carry/US30             2025-06-02 22:31:38.730583
dynamic_TF_carry/IBEX_mini        2025-06-02 22:31:38.730811
dynamic_TF_carry/MILK             2025-06-02 22:31:38.731038
dynamic_TF_carry/EURIBOR          2025-06-02 22:31:38.731267
dynamic_TF_carry/KOSDAQ           2025-06-02 22:31:38.731495
dynamic_TF_carry/EU-CHEM          2025-06-02 22:31:38.731724
dynamic_TF_carry/SPI200           2025-06-02 22:31:38.731953
dynamic_TF_carry/GBPCHF           2025-06-02 22:31:38.732182
dynamic_TF_carry/EU-HOUSE         2025-06-02 22:31:38.732409
dynamic_TF_carry/KR10             2025-06-02 22:31:38.732637
dynamic_TF_carry/PLN              2025-06-02 22:31:38.732865
dynamic_TF_carry/EURIBOR-ICE      2025-06-02 22:31:38.733093
dynamic_TF_carry/SUGAR11          2025-06-02 22:31:38.733321
dynamic_TF_carry/JP-REALESTATE    2025-06-02 22:31:38.733548
dynamic_TF_carry/FTSECHINAA       2025-06-02 22:31:38.733779
dynamic_TF_carry/RUSSELL          2025-06-02 22:31:38.734007
dynamic_TF_carry/AUD_micro        2025-06-02 22:31:38.734468
dynamic_TF_carry/SOYBEAN_mini     2025-06-02 22:31:38.734696
dynamic_TF_carry/GBP              2025-06-02 22:31:38.734926
dynamic_TF_carry/ROBUSTA          2025-06-02 22:31:38.735153
dynamic_TF_carry/FTSECHINAH       2025-06-02 22:31:38.735379
dynamic_TF_carry/KRWUSD_mini      2025-06-02 22:31:38.735607
dynamic_TF_carry/YENEUR           2025-06-02 22:31:38.735834
dynamic_TF_carry/EU-DJ-UTIL       2025-06-02 22:31:38.736065
dynamic_TF_carry/COTTON           2025-06-02 22:31:38.736293
dynamic_TF_carry/CRUDE_W_micro    2025-06-02 22:31:38.736522
dynamic_TF_carry/US-MATERIAL      2025-06-02 22:31:38.736751
dynamic_TF_carry/EU-DIV30         2025-06-02 22:31:38.736978
dynamic_TF_carry/RUR              2025-06-02 22:31:38.737206
dynamic_TF_carry/FTSETAIWAN       2025-06-02 22:31:38.737433
dynamic_TF_carry/US-UTILS         2025-06-02 22:31:38.737668
dynamic_TF_carry/SOYOIL           2025-06-02 22:31:38.737895
dynamic_TF_carry/HIGHYIELD        2025-06-02 22:31:38.738124
dynamic_TF_carry/EU-FOOD          2025-06-02 22:31:38.738351
dynamic_TF_carry/MXP              2025-06-02 22:31:38.738580
dynamic_TF_carry/BTP              2025-06-02 22:31:38.738808
dynamic_TF_carry/NIKKEI           2025-06-02 22:31:38.739039
dynamic_TF_carry/OJ               2025-06-02 22:31:38.739270
dynamic_TF_carry/NIKKEI400        2025-06-02 22:31:38.739498
dynamic_TF_carry/US5              2025-06-02 22:31:38.739726
dynamic_TF_carry/EUROSTX-LARGE    2025-06-02 22:31:38.740210
dynamic_TF_carry/SOYMEAL          2025-06-02 22:31:38.740438
dynamic_TF_carry/COFFEE           2025-06-02 22:31:38.740668
dynamic_TF_carry/WHEAT            2025-06-02 22:31:38.740897
dynamic_TF_carry/MUMMY            2025-06-02 22:31:38.741126
dynamic_TF_carry/BOBL             2025-06-02 22:31:38.741354
dynamic_TF_carry/CAD              2025-06-02 22:31:38.741586
dynamic_TF_carry/EU-DJ-TELECOM    2025-06-02 22:31:38.741818
dynamic_TF_carry/RUBBER           2025-06-02 22:31:38.742045
dynamic_TF_carry/AEX              2025-06-02 22:31:38.742273
dynamic_TF_carry/SOFR             2025-06-02 22:31:38.742501
dynamic_TF_carry/SP500_micro      2025-06-02 22:31:38.742729
dynamic_TF_carry/SHATZ            2025-06-02 22:31:38.742957
dynamic_TF_carry/LEAD_LME         2025-06-02 22:31:38.743185
dynamic_TF_carry/CAD10            2025-06-02 22:31:38.743412
dynamic_TF_carry/WHEAT_ICE        2025-06-02 22:31:38.743640
dynamic_TF_carry/JGB              2025-06-02 22:31:38.743867
dynamic_TF_carry/EU-CONSTRUCTION  2025-06-02 22:31:38.744095
dynamic_TF_carry/R1000            2025-06-02 22:31:38.744321
dynamic_TF_carry/SEK              2025-06-02 22:31:38.744548
dynamic_TF_carry/TIN_LME          2025-06-02 22:31:38.744776
dynamic_TF_carry/OMX              2025-06-02 22:31:38.745006
dynamic_TF_carry/FED              2025-06-02 22:31:38.745237
dynamic_TF_carry/LUMBER-new       2025-06-02 22:31:38.745465
dynamic_TF_carry/DX               2025-06-02 22:31:38.745700
dynamic_TF_carry/MSCIASIA         2025-06-02 22:31:38.745929
dynamic_TF_carry/SILVER           2025-06-02 22:31:38.746158
dynamic_TF_carry/SGD              2025-06-02 22:31:38.746387
dynamic_TF_carry/EU-RETAIL        2025-06-02 22:31:38.746616
dynamic_TF_carry/US-DISCRETE      2025-06-02 22:31:38.746847
dynamic_TF_carry/VNKI             2025-06-02 22:31:38.747078
dynamic_TF_carry/SARONA           2025-06-02 22:31:38.747308
dynamic_TF_carry/ETHEREUM         2025-06-02 22:31:38.747537
dynamic_TF_carry/US20             2025-06-02 22:31:38.747766
dynamic_TF_carry/MSCITAIWAN       2025-06-02 22:31:38.747994
dynamic_TF_carry/US3              2025-06-02 22:31:38.748223
dynamic_TF_carry/GASOILINE        2025-06-02 22:31:38.748497
dynamic_TF_carry/KRWUSD           2025-06-02 22:31:38.749189
dynamic_TF_carry/US10             2025-06-02 22:31:38.749418
dynamic_TF_carry/DOW              2025-06-02 22:31:38.749652
dynamic_TF_carry/CZK              2025-06-02 22:31:38.750113
dynamic_TF_carry/GBPEUR           2025-06-02 22:31:38.750341
dynamic_TF_carry/CAD2             2025-06-02 22:31:38.750569
dynamic_TF_carry/GAS-PEN          2025-06-02 22:31:38.750798
dynamic_TF_carry/NASDAQ_micro     2025-06-02 22:31:38.751026
dynamic_TF_carry/FTSEINDO         2025-06-02 22:31:38.751256
dynamic_TF_carry/GAS-LAST         2025-06-02 22:31:38.751484
dynamic_TF_carry/BRENT-LAST       2025-06-02 22:31:38.751712
dynamic_TF_carry/BRE              2025-06-02 22:31:38.751940
dynamic_TF_carry/EUA              2025-06-02 22:31:38.752169


======================================================================================================================
                                                Status of trade limits                                                
======================================================================================================================

                   period_days  trade_limit  trades_since_last_reset  trade_capacity_remaining   time_since_last_reset
 CRUDE_W_micro               1            4                      1.0                       3.0  0 days 08:56:29.706028
 CORN                        1            4                      0.0                       4.0  0 days 00:00:00.000003
 EU-DJ-UTIL                  1            4                      0.0                       4.0  0 days 00:00:00.000001
 EU-DJ-TELECOM               1            4                      0.0                       4.0  0 days 00:00:00.000001
 EU-DJ-TECH                  1            4                      0.0                       4.0  0 days 00:00:00.000002
 EU-DJ-OIL                   1            4                      0.0                       4.0  0 days 00:00:00.000002
 EU-CONSTRUCTION             1            4                      0.0                       4.0  0 days 00:00:00.000002
 CZK                         1            4                      0.0                       4.0  0 days 00:00:00.000002
 COTTON                      1            4                      0.0                       4.0  0 days 00:00:00.000002
 COPPER-mini                 1            4                      0.0                       4.0  0 days 00:00:00.000002
 CNH-onshore                 1            4                      0.0                       4.0  0 days 00:00:00.000002
 CLP                         1            4                      0.0                       4.0  0 days 00:00:00.000002
 BUTTER                      1            4                      0.0                       4.0  0 days 00:00:00.000002
 BOVESPA                     1            4                      0.0                       4.0  0 days 00:00:00.000001
 BEL20                       1            4                      0.0                       4.0  0 days 00:00:00.000001
 ALUMINIUM                   1            4                      0.0                       4.0  0 days 00:00:00.000001
 YENEUR                     30            4                      0.0                       4.0  0 days 00:00:00.000001
 US30                       30            4                      0.0                       4.0  0 days 00:00:00.000001
 US3                        30            4                      0.0                       4.0  0 days 00:00:00.000002
 US10U                      30            4                      0.0                       4.0  0 days 00:00:00.000002
 CH10                        1            4                      0.0                       4.0  0 days 00:00:00.000002
 EU-HOUSE                    1            4                      0.0                       4.0  0 days 00:00:00.000001
 EU-MEDIA                    1            4                      0.0                       4.0  0 days 00:00:00.000001
 EU-MID                      1            4                      0.0                       4.0  0 days 00:00:00.000001
 US-ENERGY                   1            4                      0.0                       4.0  0 days 00:00:00.000002
 US-DISCRETE                 1            4                      0.0                       4.0  0 days 00:00:00.000002
 SMI-MID                     1            4                      0.0                       4.0  0 days 00:00:00.000002
 SGX                         1            4                      0.0                       4.0  0 days 00:00:00.000002
 SGD                         1            4                      0.0                       4.0  0 days 00:00:00.000001
 OMX                         1            4                      0.0                       4.0  0 days 00:00:00.000001
 MSCIASIA                    1            4                      0.0                       4.0  0 days 00:00:00.000001
 MILKWET                     1            4                      0.0                       4.0  0 days 00:00:00.000001
 MILKDRY                     1            4                      0.0                       4.0  0 days 00:00:00.000001
 SP400                      30            4                      0.0                       4.0  0 days 00:00:00.000002
 MID-DAX                     1            4                      0.0                       4.0  0 days 00:00:00.000001
 JGB-SGX-mini                1            4                      0.0                       4.0  0 days 00:00:00.000002
 IRS                         1            4                      0.0                       4.0  0 days 00:00:00.000002
 FTSEINDO                    1            4                      0.0                       4.0  0 days 00:00:00.000002
 EUROSTX200-LARGE            1            4                      0.0                       4.0  0 days 00:00:00.000002
 EUROSTX-SMALL               1            4                      0.0                       4.0  0 days 00:00:00.000002
 EUROSTX-LARGE               1            4                      0.0                       4.0  0 days 00:00:00.000002
 EURIBOR                     1            4                      0.0                       4.0  0 days 00:00:00.000002
 EURCHF                      1            4                      0.0                       4.0  0 days 00:00:00.000002
 EU-REALESTATE               1            4                      0.0                       4.0  0 days 00:00:00.000002
 JP-REALESTATE               1            4                      0.0                       4.0  0 days 00:00:00.000001
 US-HEALTH                   1            4                      0.0                       4.0  0 days 00:00:00.000002
 SEK                        30            4                      0.0                       4.0  0 days 00:00:00.000002
 JGB                        30            4                      0.0                       4.0  0 days 00:00:00.000001
 FTSETAIWAN                 14            4                      0.0                       4.0  0 days 00:00:00.000001
 EU-TECH                    14            4                      0.0                       4.0  0 days 00:00:00.000002
 EU-CHEM                    14            4                      0.0                       4.0  0 days 00:00:00.000001
 ETHEREUM                   14            4                      0.0                       4.0  0 days 00:00:00.000002
 CNH                        14            4                      0.0                       4.0  0 days 00:00:00.000001
 BUXL                       14            4                      0.0                       4.0  0 days 00:00:00.000001
 BTP3                       14            4                      0.0                       4.0  0 days 00:00:00.000002
 BRENT-LAST                 14            4                      0.0                       4.0  0 days 00:00:00.000001
 BONO                       14            4                      0.0                       4.0  0 days 00:00:00.000002
 YENEUR                      1            4                      0.0                       4.0  0 days 00:00:00.000002
 US3                         1            4                      0.0                       4.0  0 days 00:00:00.000002
 US10U                       1            4                      0.0                       4.0  0 days 00:00:00.000002
 US-REALESTATE               1            4                      0.0                       4.0  0 days 00:00:00.000002
 TOPIX                       1            4                      0.0                       4.0  0 days 00:00:00.000002
 SP400                       1            4                      0.0                       4.0  0 days 00:00:00.000002
 SEK                         1            4                      0.0                       4.0  0 days 00:00:00.000002
 RUSSELL                     1            4                      0.0                       4.0  0 days 00:00:00.000002
 RUR                         1            4                      0.0                       4.0  0 days 00:00:00.000002
 RICE                        1            4                      0.0                       4.0  0 days 00:00:00.000002
 GAS-LAST                   14            4                      0.0                       4.0  0 days 00:00:00.000001
