
********************************************************************************
                   Status report produced on 19/04/2024 22:57                   
********************************************************************************


Delayed methods: No delays

===============================
 Delayed adjusted / FX prices  
===============================

                    last_update
SGX         2024-04-15 23:00:00
TWD         2024-04-15 23:00:01
CNH-onshore 2024-04-15 23:00:01

Delayed optimal positions: No delays

==========================================================================================================
                                        Instruments at trade limit                                        
==========================================================================================================

       period_days  trade_limit  trades_since_last_reset  trade_capacity_remaining   time_since_last_reset
 PLAT           30            4                      4.0                       0.0 11 days 08:57:14.873339
 PLAT           14            4                      4.0                       0.0 11 days 08:57:14.872729


================================================
         Instruments at position limit          
================================================

                 keys  position pos_limit  spare
0            TWD-mini         0       0.0    0.0
137          SGD_mini         0       0.0    0.0
135            COTTON         0       0.0    0.0
134            YENEUR         2       2.0    0.0
133      COAL-GEORDIE         0       0.0    0.0
120   GASOILINE_micro         0       0.0    0.0
117            AUDJPY         0       0.0    0.0
115               CLP         0       0.0    0.0
112         CHF_micro         0       0.0    0.0
109       HEATOIL-ICE         0       0.0    0.0
105           MILKWET         0       0.0    0.0
102            CHFJPY         0       0.0    0.0
139           US-TECH         0       0.0    0.0
98        EPRA-EUROPE         0       0.0    0.0
90              R1000         0       0.0    0.0
89              COCOA         1       1.0    0.0
85                OMX         0       0.0    0.0
80        COPPER-mini         0       0.0    0.0
79               US30        -1       1.0    0.0
77                NOK         0       0.0    0.0
75               WHEY         0       0.0    0.0
73          EU-RETAIL         0       0.0    0.0
64            EU-CHEM         0       0.0    0.0
63              STEEL         0       0.0    0.0
59           AEX_mini         0       0.0    0.0
93             GBPJPY         0       0.0    0.0
57      EUROSTX-LARGE         0       0.0    0.0
141         SWISSLEAD         0       0.0    0.0
148         HIGHYIELD         0       0.0    0.0
249          EU-HOUSE         0       0.0    0.0
248            PALLAD         0       0.0    0.0
245         EU-TRAVEL         0       0.0    0.0
240          HOUSE-US         0       0.0    0.0
236          ETHEREUM         0       0.0    0.0
235        COPPER_LME         0       0.0    0.0
233               PLN         0       0.0    0.0
231           BOVESPA         0       0.0    0.0
228            BUTTER         0       0.0    0.0
226                IG         0       0.0    0.0
223              CH10         0       0.0    0.0
142          JGB-mini         0       0.0    0.0
218   EU-CONSTRUCTION         0       0.0    0.0
203              BUXL        -1       1.0    0.0
200               JGB         0       0.0    0.0
197              VNKI         0       0.0    0.0
187               TWD         0       0.0    0.0
185        EU-DJ-TECH         0       0.0    0.0
182             SP400         0       0.0    0.0
181           GAS-PEN        -1       1.0    0.0
165            KRWUSD         0       0.0    0.0
159            NASDAQ         0       0.0    0.0
157           MILKDRY         0       0.0    0.0
154              GICS         0       0.0    0.0
210       CNH-onshore         0       0.0    0.0
55           JPY_mini         0       0.0    0.0
251           TIN_LME         0       0.0    0.0
36            SMI-MID         0       0.0    0.0
28             EURAUD         0       0.0    0.0
48                IRS         0       0.0    0.0
11                MIB         1       1.0    0.0
27                SEK         0       0.0    0.0
6    EUROSTX200-LARGE         0       0.0    0.0
16             EURCAD         0       0.0    0.0
18                SGX         0       0.0    0.0
47                CHF        -3       3.0    0.0
24               COAL         0       0.0    0.0
45      EU-DJ-TELECOM         0       0.0    0.0
50                CZK         0       0.0    0.0
23            ETHANOL         0       0.0    0.0
34          GASOILINE         1       1.0    0.0
13                RUR         0       0.0    0.0
12           EU-MEDIA         0       0.0    0.0
9              EURCHF         0       0.0    0.0


=========================================================
         Overrides in database consider deleting         
=========================================================

                                                 override
STEEL            Override Reduce only because in database
COPPER-mini      Override Reduce only because in database
NICKEL_LME             Override Close because in database
GASOILINE_micro  Override Reduce only because in database
CORN_mini        Override Reduce only because in database
CRUDE_W_mini     Override Reduce only because in database
COAL-GEORDIE     Override Reduce only because in database
SUGAR16          Override Reduce only because in database
INR              Override Reduce only because in database
FTSEVIET         Override Reduce only because in database
FTSEINDO         Override Reduce only because in database
OATIES           Override Reduce only because in database
FTSETAIWAN       Override Reduce only because in database
COTTON           Override Reduce only because in database
BRENT-LAST       Override Reduce only because in database
COAL             Override Reduce only because in database
SGX              Override Reduce only because in database
VNKI             Override Reduce only because in database
ETHANOL          Override Reduce only because in database
MSCISING         Override Reduce only because in database
CHEESE           Override Reduce only because in database
GAS-PEN          Override Reduce only because in database
HANG             Override Reduce only because in database
GAS-LAST         Override Reduce only because in database
WHEY             Override Reduce only because in database
CLP              Override Reduce only because in database
MSCITAIWAN       Override Reduce only because in database
RICE             Override Reduce only because in database
HANGTECH         Override Reduce only because in database
HANGENT          Override Reduce only because in database

Locked instruments (position mismatch): []

==============================================
Status of adjusted price / FX price collection
==============================================

                         last_update
SGX              2024-04-15 23:00:00
TWD              2024-04-15 23:00:01
CNH-onshore      2024-04-15 23:00:01
GAS-PEN*         2024-04-16 23:00:00
EURAUD           2024-04-16 23:00:00
ETHANOL          2024-04-16 23:00:00
GASOILINE_micro  2024-04-16 23:00:00
CZK              2024-04-16 23:00:00
GBPJPY           2024-04-16 23:00:00
HOUSE-US         2024-04-16 23:00:00
IRS              2024-04-16 23:00:00
CLP              2024-04-16 23:00:00
CHFJPY           2024-04-16 23:00:00
MSCIWORLD        2024-04-16 23:00:00
OMX              2024-04-16 23:00:00
RUR              2024-04-16 23:00:00
COTTON           2024-04-16 23:00:00
SWISSLEAD        2024-04-16 23:00:00
BB3M             2024-04-16 23:00:00
BOVESPA          2024-04-16 23:00:01
NICKEL_LME       2024-04-17 08:00:01
EU-RETAIL        2024-04-17 11:00:00
COAL-GEORDIE     2024-04-17 12:00:00
EU-DJ-UTIL       2024-04-17 12:00:00
EURIBOR          2024-04-17 13:00:00
EU-DJ-OIL        2024-04-17 14:00:00
EU-REALESTATE    2024-04-17 15:00:00
HEATOIL-ICE      2024-04-17 15:00:00
EUROSTX-LARGE    2024-04-17 15:00:00
EU-DJ-TELECOM    2024-04-17 15:00:00
WHEAT_ICE        2024-04-17 15:00:00
CRUDE_ICE        2024-04-17 15:00:00
GILT             2024-04-17 15:00:00
SUGAR_WHITE      2024-04-17 15:00:00
AUDJPY           2024-04-17 15:00:00
GASOIL           2024-04-17 15:00:00
EU-MEDIA         2024-04-17 15:00:00
EPRA-EUROPE      2024-04-17 15:00:00
EU-MID           2024-04-17 15:00:00
FTSE250          2024-04-17 15:00:00
EU-CHEM          2024-04-17 15:00:00
GASOILINE_ICE    2024-04-17 15:00:00
EUROSTX-SMALL    2024-04-17 15:00:00
EU-HOUSE         2024-04-17 15:00:00
MSCIASIA         2024-04-17 15:00:00
BONO             2024-04-17 15:00:00
MILLWHEAT*       2024-04-17 15:00:00
EUROSTX200-LARGE 2024-04-17 15:00:00
ROBUSTA          2024-04-17 15:00:00
SARONA           2024-04-17 15:00:00
MIB*             2024-04-17 15:00:00
BRENT_W          2024-04-17 15:00:00
COAL             2024-04-17 15:00:00
EURIBOR-ICE      2024-04-17 15:00:00
COCOA_LDN        2024-04-17 15:00:00
FTSE100          2024-04-17 15:00:00
EUA              2024-04-17 15:00:00
SONIA3           2024-04-17 15:00:00
CH10             2024-04-17 15:00:00
ALUMINIUM_LME    2024-04-17 15:00:01
TIN_LME          2024-04-17 15:00:01
IBEX             2024-04-17 15:00:01
ZINC_LME         2024-04-17 15:00:01
AEX_mini         2024-04-17 15:00:01
LEAD_LME         2024-04-17 15:00:01
IBEX_mini        2024-04-17 15:00:01
COPPER_LME       2024-04-17 15:00:01
EU-TECH*         2024-04-17 16:00:00
EURCAD           2024-04-17 16:00:00
EU-TRAVEL        2024-04-17 16:00:00
EU-OIL           2024-04-17 16:00:00
EU-UTILS         2024-04-17 16:00:00
EURO600          2024-04-17 16:00:00
EU-INSURE        2024-04-17 16:00:00
EUROSTX          2024-04-17 16:00:00
BTP3             2024-04-17 16:00:00
EU-FOOD          2024-04-17 16:00:00
BUND*            2024-04-17 16:00:00
SHATZ            2024-04-17 16:00:00
BUXL*            2024-04-17 16:00:00
SMI              2024-04-17 16:00:00
SMI-MID          2024-04-17 16:00:00
OAT              2024-04-17 16:00:00
BOBL             2024-04-17 16:00:00
SUGAR16          2024-04-17 16:00:00
EU-HEALTH        2024-04-17 16:00:00
V2X              2024-04-17 16:00:00
DAX              2024-04-17 16:00:00
BTP              2024-04-17 16:00:00
EU-AUTO          2024-04-17 16:00:00
EU-BANKS         2024-04-17 16:00:00
EU-BASIC*        2024-04-17 16:00:00
EU-CONSTRUCTION  2024-04-17 16:00:00
EU-DIV30         2024-04-17 16:00:00
EU-DJ-TECH       2024-04-17 16:00:00
GICS             2024-04-17 16:00:00
DJSTX-SMALL      2024-04-17 16:00:00
AEX              2024-04-17 16:00:01
CAC              2024-04-17 16:00:01
SUGAR11          2024-04-17 17:00:00
IG               2024-04-17 17:00:00
STEEL            2024-04-17 17:00:00
MILKDRY          2024-04-17 17:00:00
COCOA*           2024-04-17 18:00:00
GBPCHF           2024-04-17 18:00:00
ALUMINIUM        2024-04-17 18:00:00
COFFEE           2024-04-17 18:00:00
OJ               2024-04-17 18:00:00
BUTTER           2024-04-17 18:00:01
CHEESE           2024-04-17 19:00:00
COTTON2*         2024-04-17 19:00:00
WHEAT            2024-04-17 19:00:00
KRWUSD           2024-04-17 19:00:00
CORN*            2024-04-17 19:00:00
HIGHYIELD        2024-04-17 19:00:00
LEANHOG          2024-04-17 19:00:00
CAD10            2024-04-17 19:00:00
OATIES           2024-04-17 19:00:00
RICE             2024-04-17 19:00:00
REDWHEAT         2024-04-17 19:00:00
R1000            2024-04-17 19:00:00
CORN_mini        2024-04-17 19:00:00
LIVECOW*         2024-04-17 19:00:00
SOYBEAN          2024-04-17 19:00:00
CAD5             2024-04-17 19:00:00
FANG             2024-04-17 19:00:00
FEEDCOW          2024-04-17 19:00:00
BBCOMM           2024-04-17 19:00:00
WHEY             2024-04-17 19:00:00
GAS-LAST         2024-04-17 19:00:00
CANOLA           2024-04-17 19:00:00
ETHER-micro      2024-04-17 19:00:00
SOYOIL*          2024-04-17 19:00:00
GAS_US_mini*     2024-04-17 19:00:00
SOYMEAL          2024-04-17 19:00:00
GBPEUR           2024-04-17 19:00:00
SOYBEAN_mini     2024-04-17 19:00:00
MILKWET          2024-04-17 19:00:01
WHEAT_mini       2024-04-17 19:00:01
US-INDUSTRY      2024-04-17 20:00:00
NZD              2024-04-17 20:00:00
US-HEALTH        2024-04-17 20:00:00
CAD_micro        2024-04-17 20:00:00
NASDAQ_micro     2024-04-17 20:00:00
NASDAQ           2024-04-17 20:00:00
MXP*             2024-04-17 20:00:00
NOK              2024-04-17 20:00:00
PALLAD           2024-04-17 20:00:00
EUR_micro        2024-04-17 20:00:00
PLN              2024-04-17 20:00:00
US-DISCRETE      2024-04-17 20:00:00
AUD              2024-04-17 20:00:00
AUD_micro        2024-04-17 20:00:00
US-ENERGY        2024-04-17 20:00:00
SP500_micro*     2024-04-17 20:00:00
SP500            2024-04-17 20:00:00
SP400            2024-04-17 20:00:00
BITCOIN*         2024-04-17 20:00:00
SOFR             2024-04-17 20:00:00
BRENT-LAST       2024-04-17 20:00:00
SILVER           2024-04-17 20:00:00
SEK              2024-04-17 20:00:00
CAD              2024-04-17 20:00:00
US-MATERIAL      2024-04-17 20:00:00
RUSSELL          2024-04-17 20:00:00
US-FINANCE       2024-04-17 20:00:00
CAD2             2024-04-17 20:00:00
PLAT*            2024-04-17 20:00:00
RUSSELL_mini     2024-04-17 20:00:00
ZAR              2024-04-17 20:00:00
US-REALESTATE    2024-04-17 20:00:00
COPPER-mini      2024-04-17 20:00:00
HEATOIL          2024-04-17 20:00:00
VIX*             2024-04-17 20:00:00
US-PROPERTY      2024-04-17 20:00:00
EUR_mini         2024-04-17 20:00:00
EUR              2024-04-17 20:00:00
GOLD_micro*      2024-04-17 20:00:00
GOLD-mini        2024-04-17 20:00:00
DX               2024-04-17 20:00:00
GOLD             2024-04-17 20:00:00
CRUDE_W_micro*   2024-04-17 20:00:00
GBP_micro        2024-04-17 20:00:00
CRUDE_W_mini     2024-04-17 20:00:00
GBP              2024-04-17 20:00:00
GAS_US           2024-04-17 20:00:00
DOW              2024-04-17 20:00:00
DOW_mini         2024-04-17 20:00:00
GASOILINE*       2024-04-17 20:00:00
CRUDE_W          2024-04-17 20:00:00
INR              2024-04-17 20:00:00
COPPER-micro     2024-04-17 20:00:00
US5              2024-04-17 20:00:00
MSCIEMASIA       2024-04-17 20:00:00
MSCIEAFA         2024-04-17 20:00:00
CHF*             2024-04-17 20:00:00
CHF_micro        2024-04-17 20:00:00
MILK             2024-04-17 20:00:00
EURCHF           2024-04-17 20:00:00
LUMBER-new       2024-04-17 20:00:00
US-STAPLES       2024-04-17 20:00:00
US-TECH          2024-04-17 20:00:00
COPPER           2024-04-17 20:00:00
YENEUR*          2024-04-17 20:00:00
US10             2024-04-17 20:00:00
US10U            2024-04-17 20:00:00
US2*             2024-04-17 20:00:00
JPY_mini         2024-04-17 20:00:00
JPY*             2024-04-17 20:00:00
US20             2024-04-17 20:00:00
US3*             2024-04-17 20:00:00
US30*            2024-04-17 20:00:00
US-UTILS         2024-04-17 20:00:00
FED              2024-04-17 20:00:01
ETHEREUM         2024-04-17 20:00:01
VIX_mini         2024-04-17 20:00:01
BRE              2024-04-17 20:00:01
FTSEVIET         2024-04-18 23:00:00
SGD_mini         2024-04-19 02:00:00
SGD              2024-04-19 02:00:00
TWD-mini         2024-04-19 02:00:00
FTSECHINAH*      2024-04-19 03:00:00
VNKI             2024-04-19 04:00:00
HANGTECH         2024-04-19 04:00:00
SPI200*          2024-04-19 04:00:00
CHINAA-CON*      2024-04-19 04:00:00
FTSEINDO         2024-04-19 04:00:00
MSCITAIWAN       2024-04-19 04:00:00
HANG             2024-04-19 04:00:00
HANGENT          2024-04-19 04:00:00
HANGENT_mini     2024-04-19 04:00:00
HANG_mini*       2024-04-19 04:00:00
JP-REALESTATE    2024-04-19 04:00:00
JGB-SGX-mini     2024-04-19 04:00:00
JGB-mini         2024-04-19 04:30:00
CNH              2024-04-19 05:00:00
FTSECHINAA*      2024-04-19 05:00:00
FTSETAIWAN       2024-04-19 05:00:00
TOPIX            2024-04-19 05:00:00
IRON*            2024-04-19 05:00:00
JGB              2024-04-19 05:00:00
KOSDAQ*          2024-04-19 05:00:00
KOSPI            2024-04-19 05:00:00
KOSPI_mini       2024-04-19 05:00:00
KR10             2024-04-19 05:00:00
KR3              2024-04-19 05:00:00
KRWUSD_mini      2024-04-19 05:00:00
MSCISING*        2024-04-19 05:00:00
MUMMY            2024-04-19 05:00:00
NIKKEI*          2024-04-19 05:00:00
NIKKEI400        2024-04-19 05:00:00
RUBBER           2024-04-19 05:00:00
JPYUSD           2024-04-19 23:00:00
CNHUSD           2024-04-19 23:00:00
AUDUSD           2024-04-19 23:00:00
KRWUSD           2024-04-19 23:00:00
CHFUSD           2024-04-19 23:00:00
CADUSD           2024-04-19 23:00:00
MXPUSD           2024-04-19 23:00:00
SGDUSD           2024-04-19 23:00:00
GBPUSD           2024-04-19 23:00:00
HKDUSD           2024-04-19 23:00:00
EURUSD           2024-04-19 23:00:00
SEKUSD           2024-04-19 23:00:00


============================================================
           Status of optimal position generation            
============================================================

                                                 last_update
dynamic_TF_carry/RUR              2024-04-19 22:31:25.086924
dynamic_TF_carry/FTSE250          2024-04-19 22:31:25.087154
dynamic_TF_carry/TIN_LME          2024-04-19 22:31:25.087369
dynamic_TF_carry/SUGAR_WHITE      2024-04-19 22:31:25.087581
dynamic_TF_carry/RUBBER           2024-04-19 22:31:25.087790
dynamic_TF_carry/US10U            2024-04-19 22:31:25.088000
dynamic_TF_carry/STEEL            2024-04-19 22:31:25.088210
dynamic_TF_carry/COTTON           2024-04-19 22:31:25.088418
dynamic_TF_carry/KOSDAQ           2024-04-19 22:31:25.088627
dynamic_TF_carry/US-UTILS         2024-04-19 22:31:25.088836
dynamic_TF_carry/GBPJPY           2024-04-19 22:31:25.089044
dynamic_TF_carry/MXP              2024-04-19 22:31:25.089251
dynamic_TF_carry/COAL             2024-04-19 22:31:25.089463
dynamic_TF_carry/AUD              2024-04-19 22:31:25.089669
dynamic_TF_carry/EURCHF           2024-04-19 22:31:25.089877
dynamic_TF_carry/GASOILINE        2024-04-19 22:31:25.090084
dynamic_TF_carry/FTSETAIWAN       2024-04-19 22:31:25.090291
dynamic_TF_carry/MSCISING         2024-04-19 22:31:25.090496
dynamic_TF_carry/SP400            2024-04-19 22:31:25.090702
dynamic_TF_carry/BRE              2024-04-19 22:31:25.090909
dynamic_TF_carry/COPPER_LME       2024-04-19 22:31:25.091116
dynamic_TF_carry/HANG_mini        2024-04-19 22:31:25.091322
dynamic_TF_carry/EU-MID           2024-04-19 22:31:25.091527
dynamic_TF_carry/ETHEREUM         2024-04-19 22:31:25.091733
dynamic_TF_carry/MSCIWORLD        2024-04-19 22:31:25.091938
dynamic_TF_carry/GBP              2024-04-19 22:31:25.092143
dynamic_TF_carry/WHEAT_ICE        2024-04-19 22:31:25.092349
dynamic_TF_carry/LEANHOG          2024-04-19 22:31:25.092555
dynamic_TF_carry/US-MATERIAL      2024-04-19 22:31:25.092762
dynamic_TF_carry/MSCITAIWAN       2024-04-19 22:31:25.092968
dynamic_TF_carry/EU-REALESTATE    2024-04-19 22:31:25.093174
dynamic_TF_carry/GOLD_micro       2024-04-19 22:31:25.093382
dynamic_TF_carry/R1000            2024-04-19 22:31:25.093588
dynamic_TF_carry/EU-CONSTRUCTION  2024-04-19 22:31:25.093795
dynamic_TF_carry/MSCIASIA         2024-04-19 22:31:25.094205
dynamic_TF_carry/VIX              2024-04-19 22:31:25.094411
dynamic_TF_carry/US-PROPERTY      2024-04-19 22:31:25.094616
dynamic_TF_carry/SOYMEAL          2024-04-19 22:31:25.094822
dynamic_TF_carry/MILKWET          2024-04-19 22:31:25.095028
dynamic_TF_carry/EU-INSURE        2024-04-19 22:31:25.095441
dynamic_TF_carry/EUROSTX200-LARGE 2024-04-19 22:31:25.095648
dynamic_TF_carry/GBPEUR           2024-04-19 22:31:25.095852
dynamic_TF_carry/CLP              2024-04-19 22:31:25.096058
dynamic_TF_carry/DAX              2024-04-19 22:31:25.096263
dynamic_TF_carry/DX               2024-04-19 22:31:25.096469
dynamic_TF_carry/BBCOMM           2024-04-19 22:31:25.096675
dynamic_TF_carry/BOBL             2024-04-19 22:31:25.096880
dynamic_TF_carry/US-REALESTATE    2024-04-19 22:31:25.097085
dynamic_TF_carry/EURO600          2024-04-19 22:31:25.097289
dynamic_TF_carry/US30             2024-04-19 22:31:25.097499
dynamic_TF_carry/ETHANOL          2024-04-19 22:31:25.097705
dynamic_TF_carry/OAT              2024-04-19 22:31:25.097909
dynamic_TF_carry/CORN             2024-04-19 22:31:25.098116
dynamic_TF_carry/US3              2024-04-19 22:31:25.098321
dynamic_TF_carry/MUMMY            2024-04-19 22:31:25.098526
dynamic_TF_carry/TOPIX            2024-04-19 22:31:25.098732
dynamic_TF_carry/SGD              2024-04-19 22:31:25.098938
dynamic_TF_carry/EU-AUTO          2024-04-19 22:31:25.099144
dynamic_TF_carry/EUA              2024-04-19 22:31:25.099350
dynamic_TF_carry/EU-UTILS         2024-04-19 22:31:25.099557
dynamic_TF_carry/US5              2024-04-19 22:31:25.099762
dynamic_TF_carry/GASOIL           2024-04-19 22:31:25.099967
dynamic_TF_carry/US2              2024-04-19 22:31:25.100378
dynamic_TF_carry/NASDAQ_micro     2024-04-19 22:31:25.100583
dynamic_TF_carry/LIVECOW          2024-04-19 22:31:25.100789
dynamic_TF_carry/US-TECH          2024-04-19 22:31:25.100995
dynamic_TF_carry/EUR_micro        2024-04-19 22:31:25.101201
dynamic_TF_carry/SMI-MID          2024-04-19 22:31:25.101410
dynamic_TF_carry/SILVER           2024-04-19 22:31:25.101615
dynamic_TF_carry/BUXL             2024-04-19 22:31:25.101821
dynamic_TF_carry/JGB-SGX-mini     2024-04-19 22:31:25.102026
dynamic_TF_carry/FTSEVIET         2024-04-19 22:31:25.102232
dynamic_TF_carry/FTSECHINAA       2024-04-19 22:31:25.102437
dynamic_TF_carry/EU-TRAVEL        2024-04-19 22:31:25.102643
dynamic_TF_carry/FANG             2024-04-19 22:31:25.102848
dynamic_TF_carry/CHEESE           2024-04-19 22:31:25.103054
dynamic_TF_carry/FEEDCOW          2024-04-19 22:31:25.103261
dynamic_TF_carry/LEAD_LME         2024-04-19 22:31:25.103468
dynamic_TF_carry/PLAT             2024-04-19 22:31:25.103675
dynamic_TF_carry/ALUMINIUM        2024-04-19 22:31:25.103881
dynamic_TF_carry/IRON             2024-04-19 22:31:25.104087
dynamic_TF_carry/HOUSE-US         2024-04-19 22:31:25.104293
dynamic_TF_carry/OJ               2024-04-19 22:31:25.104499
dynamic_TF_carry/CHINAA-CON       2024-04-19 22:31:25.104705
dynamic_TF_carry/EU-BANKS         2024-04-19 22:31:25.104910
dynamic_TF_carry/EUROSTX-LARGE    2024-04-19 22:31:25.105117
dynamic_TF_carry/SOYBEAN_mini     2024-04-19 22:31:25.105324
dynamic_TF_carry/BUTTER           2024-04-19 22:31:25.105529
dynamic_TF_carry/EU-RETAIL        2024-04-19 22:31:25.105735
dynamic_TF_carry/PLN              2024-04-19 22:31:25.106147
dynamic_TF_carry/US20             2024-04-19 22:31:25.106352
dynamic_TF_carry/KRWUSD           2024-04-19 22:31:25.106559
dynamic_TF_carry/FTSEINDO         2024-04-19 22:31:25.106764
dynamic_TF_carry/GILT             2024-04-19 22:31:25.106970
dynamic_TF_carry/SHATZ            2024-04-19 22:31:25.107177
dynamic_TF_carry/JPY              2024-04-19 22:31:25.107383
dynamic_TF_carry/JP-REALESTATE    2024-04-19 22:31:25.107589
dynamic_TF_carry/MILLWHEAT        2024-04-19 22:31:25.107796
dynamic_TF_carry/SMI              2024-04-19 22:31:25.108002
dynamic_TF_carry/MIB              2024-04-19 22:31:25.108209
dynamic_TF_carry/CH10             2024-04-19 22:31:25.108417
dynamic_TF_carry/BITCOIN          2024-04-19 22:31:25.108622
dynamic_TF_carry/US-STAPLES       2024-04-19 22:31:25.108829
dynamic_TF_carry/BRENT-LAST       2024-04-19 22:31:25.109034
dynamic_TF_carry/FED              2024-04-19 22:31:25.109240
dynamic_TF_carry/V2X              2024-04-19 22:31:25.109448
dynamic_TF_carry/IRS              2024-04-19 22:31:25.109655
dynamic_TF_carry/EU-HOUSE         2024-04-19 22:31:25.109860
dynamic_TF_carry/INR              2024-04-19 22:31:25.110066
dynamic_TF_carry/COCOA_LDN        2024-04-19 22:31:25.110271
dynamic_TF_carry/SEK              2024-04-19 22:31:25.110476
dynamic_TF_carry/EURAUD           2024-04-19 22:31:25.110682
dynamic_TF_carry/EU-DIV30         2024-04-19 22:31:25.110888
dynamic_TF_carry/EU-MEDIA         2024-04-19 22:31:25.111092
dynamic_TF_carry/US-DISCRETE      2024-04-19 22:31:25.111296
dynamic_TF_carry/BRENT_W          2024-04-19 22:31:25.111502
dynamic_TF_carry/US-HEALTH        2024-04-19 22:31:25.111707
dynamic_TF_carry/JGB              2024-04-19 22:31:25.111912
dynamic_TF_carry/COTTON2          2024-04-19 22:31:25.112117
dynamic_TF_carry/RICE             2024-04-19 22:31:25.112323
dynamic_TF_carry/SOYBEAN          2024-04-19 22:31:25.112528
dynamic_TF_carry/CAD10            2024-04-19 22:31:25.112733
dynamic_TF_carry/PALLAD           2024-04-19 22:31:25.113144
dynamic_TF_carry/NOK              2024-04-19 22:31:25.113352
dynamic_TF_carry/GBPCHF           2024-04-19 22:31:25.113557
dynamic_TF_carry/CRUDE_W_mini     2024-04-19 22:31:25.113763
dynamic_TF_carry/EURIBOR          2024-04-19 22:31:25.113969
dynamic_TF_carry/CRUDE_ICE        2024-04-19 22:31:25.114174
dynamic_TF_carry/CANOLA           2024-04-19 22:31:25.114380
dynamic_TF_carry/AUD_micro        2024-04-19 22:31:25.114584
dynamic_TF_carry/GAS-PEN          2024-04-19 22:31:25.114789
dynamic_TF_carry/NICKEL_LME       2024-04-19 22:31:25.114993
dynamic_TF_carry/VNKI             2024-04-19 22:31:25.115200
dynamic_TF_carry/SP500_micro      2024-04-19 22:31:25.115405
dynamic_TF_carry/GICS             2024-04-19 22:31:25.115611
dynamic_TF_carry/BUND             2024-04-19 22:31:25.115816
dynamic_TF_carry/SARONA           2024-04-19 22:31:25.116022
dynamic_TF_carry/EUROSTX          2024-04-19 22:31:25.116227
dynamic_TF_carry/HEATOIL          2024-04-19 22:31:25.116432
dynamic_TF_carry/NIKKEI           2024-04-19 22:31:25.116638
dynamic_TF_carry/CHF              2024-04-19 22:31:25.116843
dynamic_TF_carry/MILKDRY          2024-04-19 22:31:25.117049
dynamic_TF_carry/ROBUSTA          2024-04-19 22:31:25.117255
dynamic_TF_carry/SPI200           2024-04-19 22:31:25.117463
dynamic_TF_carry/TWD              2024-04-19 22:31:25.117669
dynamic_TF_carry/YENEUR           2024-04-19 22:31:25.117875
dynamic_TF_carry/BTP              2024-04-19 22:31:25.118082
dynamic_TF_carry/CRUDE_W_micro    2024-04-19 22:31:25.118287
dynamic_TF_carry/CNH              2024-04-19 22:31:25.118493
dynamic_TF_carry/COFFEE           2024-04-19 22:31:25.118700
dynamic_TF_carry/GAS_US_mini      2024-04-19 22:31:25.118907
dynamic_TF_carry/CHFJPY           2024-04-19 22:31:25.119113
dynamic_TF_carry/WHEAT            2024-04-19 22:31:25.119318
dynamic_TF_carry/ZINC_LME         2024-04-19 22:31:25.119523
dynamic_TF_carry/BTP3             2024-04-19 22:31:25.119730
dynamic_TF_carry/BB3M             2024-04-19 22:31:25.119934
dynamic_TF_carry/COPPER-micro     2024-04-19 22:31:25.120138
dynamic_TF_carry/IG               2024-04-19 22:31:25.120343
dynamic_TF_carry/FTSE100          2024-04-19 22:31:25.120548
dynamic_TF_carry/COCOA            2024-04-19 22:31:25.120755
dynamic_TF_carry/IBEX_mini        2024-04-19 22:31:25.120961
dynamic_TF_carry/AUDJPY           2024-04-19 22:31:25.121166
dynamic_TF_carry/EPRA-EUROPE      2024-04-19 22:31:25.121581
dynamic_TF_carry/US10             2024-04-19 22:31:25.121787
dynamic_TF_carry/SOFR             2024-04-19 22:31:25.121993
dynamic_TF_carry/CZK              2024-04-19 22:31:25.122200
dynamic_TF_carry/EU-OIL           2024-04-19 22:31:25.122406
dynamic_TF_carry/FTSECHINAH       2024-04-19 22:31:25.122614
dynamic_TF_carry/CAC              2024-04-19 22:31:25.122822
dynamic_TF_carry/SOYOIL           2024-04-19 22:31:25.123029
dynamic_TF_carry/KR10             2024-04-19 22:31:25.123236
dynamic_TF_carry/KOSPI            2024-04-19 22:31:25.123441
dynamic_TF_carry/EU-CHEM          2024-04-19 22:31:25.123647
dynamic_TF_carry/MILK             2024-04-19 22:31:25.123852
dynamic_TF_carry/EUR              2024-04-19 22:31:25.124057
dynamic_TF_carry/SONIA3           2024-04-19 22:31:25.124262
dynamic_TF_carry/EURIBOR-ICE      2024-04-19 22:31:25.124467
dynamic_TF_carry/CAD              2024-04-19 22:31:25.124672
dynamic_TF_carry/COAL-GEORDIE     2024-04-19 22:31:25.124878
dynamic_TF_carry/NIKKEI400        2024-04-19 22:31:25.125083
dynamic_TF_carry/GAS-LAST         2024-04-19 22:31:25.125289
dynamic_TF_carry/DJSTX-SMALL      2024-04-19 22:31:25.125497
dynamic_TF_carry/KRWUSD_mini      2024-04-19 22:31:25.125702
dynamic_TF_carry/LUMBER-new       2024-04-19 22:31:25.125908
dynamic_TF_carry/RUSSELL          2024-04-19 22:31:25.126113
dynamic_TF_carry/WHEY             2024-04-19 22:31:25.126317
dynamic_TF_carry/SUGAR16          2024-04-19 22:31:25.126522
dynamic_TF_carry/HANGTECH         2024-04-19 22:31:25.126726
dynamic_TF_carry/EUROSTX-SMALL    2024-04-19 22:31:25.126930
dynamic_TF_carry/OATIES           2024-04-19 22:31:25.127134
dynamic_TF_carry/HIGHYIELD        2024-04-19 22:31:25.127341
dynamic_TF_carry/US-INDUSTRY      2024-04-19 22:31:25.127545
dynamic_TF_carry/SWISSLEAD        2024-04-19 22:31:25.127750
dynamic_TF_carry/EU-BASIC         2024-04-19 22:31:25.127956
dynamic_TF_carry/EURCAD           2024-04-19 22:31:25.128161
dynamic_TF_carry/US-ENERGY        2024-04-19 22:31:25.128366
dynamic_TF_carry/EU-DJ-TELECOM    2024-04-19 22:31:25.128573
dynamic_TF_carry/EU-DJ-UTIL       2024-04-19 22:31:25.128780
dynamic_TF_carry/AEX              2024-04-19 22:31:25.128984
dynamic_TF_carry/HANGENT_mini     2024-04-19 22:31:25.129189
dynamic_TF_carry/MSCIEMASIA       2024-04-19 22:31:25.129398
dynamic_TF_carry/US-FINANCE       2024-04-19 22:31:25.129605
dynamic_TF_carry/SGX              2024-04-19 22:31:25.129810
dynamic_TF_carry/REDWHEAT         2024-04-19 22:31:25.130016
dynamic_TF_carry/EU-HEALTH        2024-04-19 22:31:25.130221
dynamic_TF_carry/KR3              2024-04-19 22:31:25.130427
dynamic_TF_carry/BOVESPA          2024-04-19 22:31:25.130632
dynamic_TF_carry/EU-TECH          2024-04-19 22:31:25.131041
dynamic_TF_carry/BONO             2024-04-19 22:31:25.131246
dynamic_TF_carry/COPPER           2024-04-19 22:31:25.131452
dynamic_TF_carry/CAD2             2024-04-19 22:31:25.131657
dynamic_TF_carry/SUGAR11          2024-04-19 22:31:25.131862
dynamic_TF_carry/OMX              2024-04-19 22:31:25.132067
dynamic_TF_carry/NZD              2024-04-19 22:31:25.132272
dynamic_TF_carry/EU-FOOD          2024-04-19 22:31:25.132477
dynamic_TF_carry/DOW              2024-04-19 22:31:25.132684
dynamic_TF_carry/MSCIEAFA         2024-04-19 22:31:25.132891
dynamic_TF_carry/CAD5             2024-04-19 22:31:25.133096
dynamic_TF_carry/ZAR              2024-04-19 22:31:25.133304
dynamic_TF_carry/KOSPI_mini       2024-04-19 22:31:25.133509


======================================================================================================================
                                                Status of trade limits                                                
======================================================================================================================

                   period_days  trade_limit  trades_since_last_reset  trade_capacity_remaining   time_since_last_reset
 PLAT                       30            4                      4.0                       0.0 11 days 08:58:03.823068
 PLAT                       14            4                      4.0                       0.0 11 days 08:58:03.822548
 JPY                        14            4                      3.0                       1.0 11 days 07:57:35.644494
 BUND                       14            4                      3.0                       1.0 11 days 13:06:18.180453
 JPY                        30            5                      3.0                       2.0 11 days 07:57:35.645921
 GAS_US_mini                30            6                      4.0                       2.0 22 days 08:57:58.066350
 FTSECHINAA                  1            4                      1.0                       3.0  0 days 20:56:09.827755
 GASOILINE                  14            4                      1.0                       3.0  1 days 08:58:00.259300
 HANG_mini                   1            4                      1.0                       3.0  0 days 20:42:57.709032
 IRON                       14            5                      2.0                       3.0 10 days 21:53:47.904055
 SMI                        30            4                      1.0                       3.0 25 days 14:57:58.556974
 EU-MEDIA                    1            4                      0.0                       4.0  0 days 00:00:00.000002
 EU-HOUSE                    1            4                      0.0                       4.0  0 days 00:00:00.000002
 EU-DJ-UTIL                  1            4                      0.0                       4.0  0 days 00:00:00.000001
 EU-DJ-TELECOM               1            4                      0.0                       4.0  0 days 00:00:00.000001
 EU-DJ-TECH                  1            4                      0.0                       4.0  0 days 00:00:00.000001
 EU-CONSTRUCTION             1            4                      0.0                       4.0  0 days 00:00:00.000002
 EU-MID                      1            4                      0.0                       4.0  0 days 00:00:00.000002
 ETHANOL                     1            4                      0.0                       4.0  0 days 00:00:00.000001
 CZK                         1            4                      0.0                       4.0  0 days 00:00:00.000001
 COTTON                      1            4                      0.0                       4.0  0 days 00:00:00.000001
 COPPER-mini                 1            4                      0.0                       4.0  0 days 00:00:00.000001
 CNH-onshore                 1            4                      0.0                       4.0  0 days 00:00:00.000001
 CLP                         1            4                      0.0                       4.0  0 days 00:00:00.000002
 CH10                        1            4                      0.0                       4.0  0 days 00:00:00.000002
 BUTTER                      1            4                      0.0                       4.0  0 days 00:00:00.000002
 EU-DJ-OIL                   1            4                      0.0                       4.0  0 days 00:00:00.000002
 EU-REALESTATE               1            4                      0.0                       4.0  0 days 00:00:00.000002
 CORN                        1            4                      0.0                       4.0  0 days 00:00:00.000003
 EURIBOR                     1            4                      0.0                       4.0  0 days 00:00:00.000002
 US-HEALTH                   1            4                      0.0                       4.0  0 days 00:00:00.000002
 US-FINANCE                  1            4                      0.0                       4.0  0 days 00:00:00.000002
 US-ENERGY                   1            4                      0.0                       4.0  0 days 00:00:00.000002
 US-DISCRETE                 1            4                      0.0                       4.0  0 days 00:00:00.000002
 SMI-MID                     1            4                      0.0                       4.0  0 days 00:00:00.000002
 SGX                         1            4                      0.0                       4.0  0 days 00:00:00.000002
 SGD                         1            4                      0.0                       4.0  0 days 00:00:00.000002
 OMX                         1            4                      0.0                       4.0  0 days 00:00:00.000002
 MSCIASIA                    1            4                      0.0                       4.0  0 days 00:00:00.000002
 EURCHF                      1            4                      0.0                       4.0  0 days 00:00:00.000002
 MILKWET                     1            4                      0.0                       4.0  0 days 00:00:00.000002
 MID-DAX                     1            4                      0.0                       4.0  0 days 00:00:00.000002
 JP-REALESTATE               1            4                      0.0                       4.0  0 days 00:00:00.000002
 JGB-SGX-mini                1            4                      0.0                       4.0  0 days 00:00:00.000002
 IRS                         1            4                      0.0                       4.0  0 days 00:00:00.000002
 FTSEINDO                    1            4                      0.0                       4.0  0 days 00:00:00.000002
 EUROSTX200-LARGE            1            4                      0.0                       4.0  0 days 00:00:00.000002
 EUROSTX-SMALL               1            4                      0.0                       4.0  0 days 00:00:00.000002
 BOVESPA                     1            4                      0.0                       4.0  0 days 00:00:00.000002
 EUROSTX-LARGE               1            4                      0.0                       4.0  0 days 00:00:00.000002
 MILKDRY                     1            4                      0.0                       4.0  0 days 00:00:00.000002
 BEL20                       1            4                      0.0                       4.0  0 days 00:00:00.000002
 US3                        30            4                      0.0                       4.0  0 days 00:00:00.000002
 YENEUR                     30            4                      0.0                       4.0  0 days 00:00:00.000002
 R1000                      14            4                      0.0                       4.0  0 days 00:00:00.000001
 NOK                        14            4                      0.0                       4.0  0 days 00:00:00.000002
 ZAR                         1            4                      0.0                       4.0  0 days 00:00:00.000002
 KRWUSD                     14            4                      0.0                       4.0  0 days 00:00:00.000002
 JGB                        14            4                      0.0                       4.0  0 days 00:00:00.000001
 HEATOIL                    14            4                      0.0                       4.0  0 days 00:00:00.000002
 GBPEUR                     14            4                      0.0                       4.0  0 days 00:00:00.000002
 GAS-LAST                   14            4                      0.0                       4.0  0 days 00:00:00.000002
 FTSETAIWAN                 14            4                      0.0                       4.0  0 days 00:00:00.000002
 EU-TECH                    14            4                      0.0                       4.0 11 days 13:02:26.680002
 EU-CHEM                    14            4                      0.0                       4.0  0 days 00:00:00.000001
 ETHEREUM                   14            4                      0.0                       4.0  0 days 00:00:00.000002
 CNH                        14            4                      0.0                       4.0  0 days 00:00:00.000002
 BUXL                       14            4                      0.0                       4.0  0 days 00:00:00.000001
 BTP3                       14            4                      0.0                       4.0  0 days 00:00:00.000001
 BRENT-LAST                 14            4                      0.0                       4.0  0 days 00:00:00.000002
 BONO                       14            4                      0.0                       4.0  0 days 00:00:00.000002
 YENEUR                      1            4                      0.0                       4.0  0 days 00:00:00.000001
 US3                         1            4                      0.0                       4.0  0 days 00:00:00.000002
 REDWHEAT                   14            4                      0.0                       4.0  0 days 00:00:00.000001
 SEK                        14            4                      0.0                       4.0  0 days 00:00:00.000001
