
********************************************************************************
                   Status report produced on 01/10/2025 22:58                   
********************************************************************************


Delayed methods: No delays

==============================
 Delayed adjusted / FX prices 
==============================

                   last_update
IG         2025-08-22 19:00:01
HIGHYIELD  2025-08-22 19:00:01
MSCITAIWAN 2025-09-26 23:00:00


===============================================
           Delayed optimal positions           
===============================================

                                    last_update
dynamic_TF_carry/SGX 2024-12-02 22:31:28.544775


=========================================================================================================
                                       Instruments at trade limit                                        
=========================================================================================================

      period_days  trade_limit  trades_since_last_reset  trade_capacity_remaining   time_since_last_reset
 BTP           30            4                      4.0                       0.0 28 days 14:58:33.994152
 DAX            1            4                      4.0                       0.0  0 days 14:58:28.582313


================================================
         Instruments at position limit          
================================================

                 keys  position pos_limit  spare
244       HEATOIL-ICE         0       0.0    0.0
79           HOUSE-US         0       0.0    0.0
75             AUDJPY         0       0.0    0.0
136           SMI-MID         0       0.0    0.0
70             PALLAD         0       0.0    0.0
68                IRS         0       0.0    0.0
65               GICS         0       0.0    0.0
144            BUTTER         0       0.0    0.0
220          TWD-mini         0       0.0    0.0
145               OMX         0       0.0    0.0
55             EURCAD         0       0.0    0.0
151           TIN_LME         0       0.0    0.0
225              WHEY         0       0.0    0.0
52             CHFJPY         0       0.0    0.0
49                AEX         1       1.0    0.0
47              SP400         0       0.0    0.0
45            EU-CHEM         0       0.0    0.0
111         EU-TRAVEL         0       0.0    0.0
132       EPRA-EUROPE         0       0.0    0.0
82    EU-CONSTRUCTION         0       0.0    0.0
219               JGB         0       0.0    0.0
204             STEEL         0       0.0    0.0
117            EURCHF         0       0.0    0.0
207               SGX         0       0.0    0.0
104           MILKWET         0       0.0    0.0
118       COPPER-mini         0       0.0    0.0
120          EU-MEDIA         0       0.0    0.0
101           GAS-PEN        -1       1.0    0.0
100            COTTON         0       0.0    0.0
243     EU-DJ-TELECOM         0       0.0    0.0
200               CLP         0       0.0    0.0
97             KRWUSD         0       0.0    0.0
124         CHF_micro         0       0.0    0.0
212          EU-HOUSE         0       0.0    0.0
214          JGB-mini         0       0.0    0.0
129          AEX_mini         0       0.0    0.0
217               PLN         0       0.0    0.0
130  EUROSTX200-LARGE         0       0.0    0.0
190       CNH-onshore         0       0.0    0.0
158        COPPER_LME         0       0.0    0.0
191        EU-DJ-TECH         0       0.0    0.0
202                IG         0       0.0    0.0
236            NASDAQ         0       0.0    0.0
232            EURAUD         0       0.0    0.0
24               CH10         0       0.0    0.0
18           SGD_mini         0       0.0    0.0
171         EU-RETAIL         0       0.0    0.0
14          HIGHYIELD         0       0.0    0.0
187              COAL         0       0.0    0.0
12           ETHEREUM         0       0.0    0.0
168         SWISSLEAD         0       0.0    0.0
20             GBPJPY         0       0.0    0.0
8                VNKI         0       0.0    0.0
183             R1000         0       0.0    0.0
31            MILKDRY         0       0.0    0.0
22       COAL-GEORDIE         0       0.0    0.0
165               MIB         1       1.0    0.0
34                CZK         0       0.0    0.0
161               NOK         0       0.0    0.0
163     EUROSTX-LARGE         0       0.0    0.0
164   GASOILINE_micro         0       0.0    0.0
242               TWD         0       0.0    0.0
230               SEK         0       0.0    0.0
32           JPY_mini         0       0.0    0.0
1             BOVESPA         0       0.0    0.0


=========================================================
         Overrides in database consider deleting         
=========================================================

                                                 override
NICKEL_LME             Override Close because in database
OATIES           Override Reduce only because in database
STEEL            Override Reduce only because in database
COAL             Override Reduce only because in database
HIGHYIELD        Override Reduce only because in database
IG               Override Reduce only because in database
CLP              Override Reduce only because in database
VIX_mini         Override Reduce only because in database
KOSPI_mini       Override Reduce only because in database
CRUDE_W_mini     Override Reduce only because in database
GASOILINE_micro  Override Reduce only because in database
IBEX_mini        Override Reduce only because in database
IBEX             Override Reduce only because in database
GICS             Override Reduce only because in database
SGD              Override Reduce only because in database
CNH-onshore      Override Reduce only because in database
GAS_US_mini      Override Reduce only because in database
TWD-mini         Override Reduce only because in database

Locked instruments (position mismatch): []

==============================================
Status of adjusted price / FX price collection
==============================================

                         last_update
IG               2025-08-22 19:00:01
HIGHYIELD        2025-08-22 19:00:01
MSCITAIWAN*      2025-09-26 23:00:00
SGX              2025-09-29 23:00:00
CNH-onshore      2025-09-29 23:00:00
CLP              2025-09-29 23:00:00
BRE*             2025-09-30 15:00:00
SGD_mini         2025-09-30 23:00:00
HANG             2025-09-30 23:00:00
HANGENT          2025-09-30 23:00:00
HANGENT_mini     2025-09-30 23:00:00
CHFJPY           2025-09-30 23:00:00
COAL-GEORDIE     2025-09-30 23:00:00
HANG_mini        2025-09-30 23:00:00
OMX              2025-09-30 23:00:00
COTTON           2025-09-30 23:00:00
EPRA-EUROPE      2025-09-30 23:00:00
MSCIEMASIA       2025-09-30 23:00:00
HANGTECH         2025-09-30 23:00:00
GASOILINE_micro  2025-09-30 23:00:00
CZK              2025-09-30 23:00:00
IRS              2025-09-30 23:00:00
SWISSLEAD        2025-09-30 23:00:00
HOUSE-US         2025-09-30 23:00:00
WHEY             2025-09-30 23:00:00
MILKWET          2025-09-30 23:00:00
BOVESPA          2025-09-30 23:00:00
TWD              2025-09-30 23:00:00
AUDJPY           2025-09-30 23:00:00
SUGAR16          2025-09-30 23:00:00
VNKI             2025-10-01 01:00:00
SGD              2025-10-01 03:00:00
TWD-mini         2025-10-01 03:00:00
FTSEVIET         2025-10-01 04:00:00
FTSEINDO         2025-10-01 04:00:00
SPI200           2025-10-01 04:00:00
FTSECHINAH       2025-10-01 04:00:00
JP-REALESTATE    2025-10-01 04:00:00
CHINAA-CON       2025-10-01 04:00:00
JGB-mini         2025-10-01 04:30:00
KR10             2025-10-01 05:00:00
KR3              2025-10-01 05:00:00
KOSPI_mini       2025-10-01 05:00:00
KOSPI            2025-10-01 05:00:00
MUMMY            2025-10-01 05:00:00
MSCISING         2025-10-01 05:00:00
RUBBER           2025-10-01 05:00:00
NIKKEI400        2025-10-01 05:00:00
KOSDAQ           2025-10-01 05:00:00
IRON             2025-10-01 05:00:00
CNH              2025-10-01 05:00:00
JGB-SGX-mini     2025-10-01 05:00:00
JGB              2025-10-01 05:00:00
FTSECHINAA*      2025-10-01 05:00:00
TOPIX*           2025-10-01 05:00:00
FTSETAIWAN       2025-10-01 05:00:00
NIKKEI*          2025-10-01 05:00:00
KRWUSD_mini*     2025-10-01 05:00:00
EU-DJ-TELECOM    2025-10-01 09:00:00
EU-MEDIA         2025-10-01 09:00:00
EU-RETAIL        2025-10-01 10:00:00
MSCIWORLD        2025-10-01 12:00:00
LEAD_LME         2025-10-01 12:00:00
AEX_mini         2025-10-01 13:00:00
EU-HOUSE         2025-10-01 13:00:00
SMI-MID          2025-10-01 13:00:00
TIN_LME          2025-10-01 14:00:00
IBEX_mini        2025-10-01 15:00:00
EU-TRAVEL        2025-10-01 15:00:00
FTSE250          2025-10-01 15:00:00
FTSE100          2025-10-01 15:00:00
GILT             2025-10-01 15:00:00
HEATOIL-ICE      2025-10-01 15:00:00
EURIBOR-ICE      2025-10-01 15:00:00
EURIBOR          2025-10-01 15:00:00
EUA              2025-10-01 15:00:00
IBEX             2025-10-01 15:00:00
EURAUD           2025-10-01 15:00:00
EUROSTX200-LARGE 2025-10-01 15:00:00
EUROSTX-LARGE    2025-10-01 15:00:00
GASOIL           2025-10-01 15:00:00
EU-MID           2025-10-01 15:00:00
ZINC_LME         2025-10-01 15:00:00
ALUMINIUM_LME    2025-10-01 15:00:00
WHEAT_ICE        2025-10-01 15:00:00
V2X              2025-10-01 15:00:00
BRENT_W          2025-10-01 15:00:00
SONIA3           2025-10-01 15:00:00
CH10             2025-10-01 15:00:00
SARONA           2025-10-01 15:00:00
ROBUSTA          2025-10-01 15:00:00
EU-TECH          2025-10-01 15:00:00
COAL             2025-10-01 15:00:00
COPPER_LME       2025-10-01 15:00:00
NICKEL_LME       2025-10-01 15:00:00
CRUDE_ICE        2025-10-01 15:00:00
MILLWHEAT        2025-10-01 15:00:00
MIB*             2025-10-01 15:00:00
KRWUSD           2025-10-01 15:00:00
EU-CHEM          2025-10-01 15:00:00
EU-DJ-OIL        2025-10-01 15:00:00
COCOA_LDN        2025-10-01 15:00:00
PLN              2025-10-01 16:00:00
OAT*             2025-10-01 16:00:00
SHATZ            2025-10-01 16:00:00
SMI              2025-10-01 16:00:00
GASOILINE_ICE    2025-10-01 16:00:00
SUGAR_WHITE      2025-10-01 16:00:00
MSCIASIA         2025-10-01 16:00:00
AEX*             2025-10-01 16:00:00
DAX*             2025-10-01 16:00:00
EUROSTX          2025-10-01 16:00:00
BUXL             2025-10-01 16:00:00
EUROSTX-SMALL    2025-10-01 16:00:00
EU-REALESTATE    2025-10-01 16:00:00
EU-OIL           2025-10-01 16:00:00
EU-INSURE        2025-10-01 16:00:00
EU-HEALTH        2025-10-01 16:00:00
EU-FOOD          2025-10-01 16:00:00
EU-DJ-UTIL       2025-10-01 16:00:00
EU-DJ-TECH       2025-10-01 16:00:00
EU-DIV30         2025-10-01 16:00:00
EU-CONSTRUCTION  2025-10-01 16:00:00
EU-BASIC         2025-10-01 16:00:00
EU-BANKS         2025-10-01 16:00:00
EU-AUTO          2025-10-01 16:00:00
BUND             2025-10-01 16:00:00
BTP3             2025-10-01 16:00:00
BTP              2025-10-01 16:00:00
CAC              2025-10-01 16:00:00
BONO             2025-10-01 16:00:00
BOBL             2025-10-01 16:00:00
EURO600          2025-10-01 16:00:00
EU-UTILS         2025-10-01 16:00:00
SUGAR11          2025-10-01 17:00:00
EURCAD           2025-10-01 17:00:00
GICS             2025-10-01 17:00:00
COCOA            2025-10-01 18:00:00
ALUMINIUM        2025-10-01 18:00:00
BUTTER           2025-10-01 18:00:00
OJ               2025-10-01 18:00:00
COFFEE           2025-10-01 18:00:00
CAD2             2025-10-01 19:00:00
COTTON2          2025-10-01 19:00:00
CORN_mini        2025-10-01 19:00:00
SOYBEAN          2025-10-01 19:00:00
CANOLA           2025-10-01 19:00:00
SEK              2025-10-01 19:00:00
CHEESE           2025-10-01 19:00:00
SOYBEAN_mini     2025-10-01 19:00:00
US-DISCRETE      2025-10-01 19:00:00
RICE*            2025-10-01 19:00:00
CORN             2025-10-01 19:00:00
COPPER-mini      2025-10-01 19:00:00
REDWHEAT         2025-10-01 19:00:00
R1000            2025-10-01 19:00:00
GAS-PEN*         2025-10-01 19:00:00
OATIES           2025-10-01 19:00:00
STEEL            2025-10-01 19:00:00
SOYMEAL          2025-10-01 19:00:00
SOYOIL           2025-10-01 19:00:00
LEANHOG*         2025-10-01 19:00:00
GBPCHF           2025-10-01 19:00:00
MILKDRY          2025-10-01 19:00:00
US-INDUSTRY      2025-10-01 19:00:00
DX*              2025-10-01 19:00:00
FEEDCOW*         2025-10-01 19:00:00
VIX_mini         2025-10-01 19:00:00
LIVECOW          2025-10-01 19:00:00
BBCOMM           2025-10-01 19:00:00
WHEAT*           2025-10-01 19:00:00
WHEAT_mini       2025-10-01 19:00:00
GBPJPY           2025-10-01 19:00:00
INR              2025-10-01 19:00:00
SP400            2025-10-01 20:00:00
US-HEALTH        2025-10-01 20:00:00
VIX              2025-10-01 20:00:00
AUD              2025-10-01 20:00:00
YENEUR*          2025-10-01 20:00:00
ZAR              2025-10-01 20:00:00
AUD_micro        2025-10-01 20:00:00
BITCOIN*         2025-10-01 20:00:00
US5              2025-10-01 20:00:00
SP500_micro      2025-10-01 20:00:00
US-ENERGY        2025-10-01 20:00:00
US30             2025-10-01 20:00:00
US3              2025-10-01 20:00:00
US20             2025-10-01 20:00:00
US2              2025-10-01 20:00:00
US10U            2025-10-01 20:00:00
US10             2025-10-01 20:00:00
US-UTILS         2025-10-01 20:00:00
US-STAPLES       2025-10-01 20:00:00
US-REALESTATE    2025-10-01 20:00:00
SOFR             2025-10-01 20:00:00
US-MATERIAL      2025-10-01 20:00:00
BRENT-LAST       2025-10-01 20:00:00
SP500            2025-10-01 20:00:00
CAD              2025-10-01 20:00:00
GASOILINE        2025-10-01 20:00:00
SILVER*          2025-10-01 20:00:00
ETHEREUM         2025-10-01 20:00:00
JPY_mini         2025-10-01 20:00:00
JPY*             2025-10-01 20:00:00
CAD10*           2025-10-01 20:00:00
EURCHF           2025-10-01 20:00:00
HEATOIL          2025-10-01 20:00:00
EUR_micro        2025-10-01 20:00:00
EUR_mini         2025-10-01 20:00:00
FANG             2025-10-01 20:00:00
GOLD_micro*      2025-10-01 20:00:00
GOLD-mini        2025-10-01 20:00:00
GOLD             2025-10-01 20:00:00
FED              2025-10-01 20:00:00
GBP_micro        2025-10-01 20:00:00
GBPEUR           2025-10-01 20:00:00
GBP*             2025-10-01 20:00:00
GAS_US_mini*     2025-10-01 20:00:00
GAS_US           2025-10-01 20:00:00
GAS-LAST         2025-10-01 20:00:00
ETHER-micro      2025-10-01 20:00:00
LUMBER-new       2025-10-01 20:00:00
EUR              2025-10-01 20:00:00
DOW_mini         2025-10-01 20:00:00
CAD5             2025-10-01 20:00:00
CAD_micro        2025-10-01 20:00:00
RUSSELL_mini     2025-10-01 20:00:00
RUSSELL*         2025-10-01 20:00:00
CHF              2025-10-01 20:00:00
MILK             2025-10-01 20:00:00
PLAT*            2025-10-01 20:00:00
PALLAD           2025-10-01 20:00:00
COPPER           2025-10-01 20:00:00
NZD              2025-10-01 20:00:00
CHF_micro        2025-10-01 20:00:00
COPPER-micro     2025-10-01 20:00:00
NASDAQ_micro     2025-10-01 20:00:00
NASDAQ           2025-10-01 20:00:00
MXP*             2025-10-01 20:00:00
CRUDE_W          2025-10-01 20:00:00
CRUDE_W_micro*   2025-10-01 20:00:00
CRUDE_W_mini     2025-10-01 20:00:00
MSCIEAFA*        2025-10-01 20:00:00
DOW              2025-10-01 20:00:00
NOK              2025-10-01 20:00:00
CHFUSD           2025-10-01 23:00:00
JPYUSD           2025-10-01 23:00:00
EURUSD           2025-10-01 23:00:00
CADUSD           2025-10-01 23:00:00
KRWUSD           2025-10-01 23:00:00
MXPUSD           2025-10-01 23:00:00
SEKUSD           2025-10-01 23:00:00
GBPUSD           2025-10-01 23:00:00
SGDUSD           2025-10-01 23:00:00
HKDUSD           2025-10-01 23:00:00
CNHUSD           2025-10-01 23:00:00
AUDUSD           2025-10-01 23:00:00


============================================================
           Status of optimal position generation            
============================================================

                                                 last_update
dynamic_TF_carry/SGX              2024-12-02 22:31:28.544775
dynamic_TF_carry/NIKKEI400        2025-10-01 22:31:36.298355
dynamic_TF_carry/US20             2025-10-01 22:31:36.298608
dynamic_TF_carry/SEK              2025-10-01 22:31:36.299077
dynamic_TF_carry/EUA              2025-10-01 22:31:36.299307
dynamic_TF_carry/WHEAT            2025-10-01 22:31:36.299536
dynamic_TF_carry/BITCOIN          2025-10-01 22:31:36.299765
dynamic_TF_carry/YENEUR           2025-10-01 22:31:36.299995
dynamic_TF_carry/SHATZ            2025-10-01 22:31:36.300222
dynamic_TF_carry/IRS              2025-10-01 22:31:36.300449
dynamic_TF_carry/IG               2025-10-01 22:31:36.300676
dynamic_TF_carry/INR              2025-10-01 22:31:36.301355
dynamic_TF_carry/NICKEL_LME       2025-10-01 22:31:36.301594
dynamic_TF_carry/STEEL            2025-10-01 22:31:36.301825
dynamic_TF_carry/VNKI             2025-10-01 22:31:36.302053
dynamic_TF_carry/EUROSTX          2025-10-01 22:31:36.302280
dynamic_TF_carry/MIB              2025-10-01 22:31:36.302508
dynamic_TF_carry/JPY              2025-10-01 22:31:36.302736
dynamic_TF_carry/CZK              2025-10-01 22:31:36.302963
dynamic_TF_carry/EU-DIV30         2025-10-01 22:31:36.303189
dynamic_TF_carry/BRENT_W          2025-10-01 22:31:36.303417
dynamic_TF_carry/BUXL             2025-10-01 22:31:36.303645
dynamic_TF_carry/SOYBEAN          2025-10-01 22:31:36.303872
dynamic_TF_carry/EU-CHEM          2025-10-01 22:31:36.304324
dynamic_TF_carry/FANG             2025-10-01 22:31:36.304551
dynamic_TF_carry/CAD              2025-10-01 22:31:36.304778
dynamic_TF_carry/DOW              2025-10-01 22:31:36.305005
dynamic_TF_carry/FEEDCOW          2025-10-01 22:31:36.305231
dynamic_TF_carry/EU-BASIC         2025-10-01 22:31:36.305458
dynamic_TF_carry/KR10             2025-10-01 22:31:36.305689
dynamic_TF_carry/US10U            2025-10-01 22:31:36.306146
dynamic_TF_carry/EU-DJ-TELECOM    2025-10-01 22:31:36.306374
dynamic_TF_carry/AEX              2025-10-01 22:31:36.306600
dynamic_TF_carry/BRE              2025-10-01 22:31:36.306828
dynamic_TF_carry/FED              2025-10-01 22:31:36.307054
dynamic_TF_carry/GAS_US_mini      2025-10-01 22:31:36.307280
dynamic_TF_carry/CLP              2025-10-01 22:31:36.307508
dynamic_TF_carry/ETHEREUM         2025-10-01 22:31:36.307963
dynamic_TF_carry/US-DISCRETE      2025-10-01 22:31:36.308190
dynamic_TF_carry/GASOIL           2025-10-01 22:31:36.308418
dynamic_TF_carry/LEAD_LME         2025-10-01 22:31:36.308645
dynamic_TF_carry/US-MATERIAL      2025-10-01 22:31:36.308873
dynamic_TF_carry/FTSE250          2025-10-01 22:31:36.309099
dynamic_TF_carry/FTSEVIET         2025-10-01 22:31:36.309326
dynamic_TF_carry/EUROSTX-SMALL    2025-10-01 22:31:36.309553
dynamic_TF_carry/KRWUSD           2025-10-01 22:31:36.309785
dynamic_TF_carry/MSCIWORLD        2025-10-01 22:31:36.310013
dynamic_TF_carry/MILLWHEAT        2025-10-01 22:31:36.310240
dynamic_TF_carry/RUBBER           2025-10-01 22:31:36.310468
dynamic_TF_carry/BONO             2025-10-01 22:31:36.310695
dynamic_TF_carry/HIGHYIELD        2025-10-01 22:31:36.310921
dynamic_TF_carry/HANGENT_mini     2025-10-01 22:31:36.311149
dynamic_TF_carry/JGB              2025-10-01 22:31:36.311376
dynamic_TF_carry/SOYMEAL          2025-10-01 22:31:36.311604
dynamic_TF_carry/CAD5             2025-10-01 22:31:36.311830
dynamic_TF_carry/CRUDE_W_mini     2025-10-01 22:31:36.312056
dynamic_TF_carry/GAS-LAST         2025-10-01 22:31:36.312283
dynamic_TF_carry/SOYOIL           2025-10-01 22:31:36.312510
dynamic_TF_carry/COFFEE           2025-10-01 22:31:36.312737
dynamic_TF_carry/GBP              2025-10-01 22:31:36.312964
dynamic_TF_carry/MILKWET          2025-10-01 22:31:36.313192
dynamic_TF_carry/US-ENERGY        2025-10-01 22:31:36.313419
dynamic_TF_carry/FTSETAIWAN       2025-10-01 22:31:36.313650
dynamic_TF_carry/CHFJPY           2025-10-01 22:31:36.313877
dynamic_TF_carry/COTTON           2025-10-01 22:31:36.314331
dynamic_TF_carry/EURCHF           2025-10-01 22:31:36.314558
dynamic_TF_carry/BOVESPA          2025-10-01 22:31:36.314785
dynamic_TF_carry/CHINAA-CON       2025-10-01 22:31:36.315010
dynamic_TF_carry/DX               2025-10-01 22:31:36.315236
dynamic_TF_carry/NASDAQ_micro     2025-10-01 22:31:36.315462
dynamic_TF_carry/GBPJPY           2025-10-01 22:31:36.315689
dynamic_TF_carry/CORN             2025-10-01 22:31:36.315915
dynamic_TF_carry/EURIBOR-ICE      2025-10-01 22:31:36.316143
dynamic_TF_carry/EU-BANKS         2025-10-01 22:31:36.316369
dynamic_TF_carry/MSCIEMASIA       2025-10-01 22:31:36.316595
dynamic_TF_carry/ZAR              2025-10-01 22:31:36.316824
dynamic_TF_carry/GBPEUR           2025-10-01 22:31:36.317054
dynamic_TF_carry/ZINC_LME         2025-10-01 22:31:36.317280
dynamic_TF_carry/OAT              2025-10-01 22:31:36.317508
dynamic_TF_carry/COPPER           2025-10-01 22:31:36.317740
dynamic_TF_carry/CHEESE           2025-10-01 22:31:36.317966
dynamic_TF_carry/EUROSTX-LARGE    2025-10-01 22:31:36.318194
dynamic_TF_carry/SUGAR_WHITE      2025-10-01 22:31:36.318650
dynamic_TF_carry/V2X              2025-10-01 22:31:36.318876
dynamic_TF_carry/BRENT-LAST       2025-10-01 22:31:36.319105
dynamic_TF_carry/SUGAR11          2025-10-01 22:31:36.319331
dynamic_TF_carry/BUTTER           2025-10-01 22:31:36.319559
dynamic_TF_carry/EU-RETAIL        2025-10-01 22:31:36.320012
dynamic_TF_carry/US30             2025-10-01 22:31:36.320239
dynamic_TF_carry/SOFR             2025-10-01 22:31:36.320467
dynamic_TF_carry/EU-TRAVEL        2025-10-01 22:31:36.320693
dynamic_TF_carry/EU-CONSTRUCTION  2025-10-01 22:31:36.320920
dynamic_TF_carry/ALUMINIUM        2025-10-01 22:31:36.321147
dynamic_TF_carry/DAX              2025-10-01 22:31:36.321375
dynamic_TF_carry/TWD              2025-10-01 22:31:36.321605
dynamic_TF_carry/EU-DJ-UTIL       2025-10-01 22:31:36.321833
dynamic_TF_carry/GILT             2025-10-01 22:31:36.322061
dynamic_TF_carry/FTSECHINAA       2025-10-01 22:31:36.322290
dynamic_TF_carry/HOUSE-US         2025-10-01 22:31:36.322517
dynamic_TF_carry/CANOLA           2025-10-01 22:31:36.322744
dynamic_TF_carry/EU-HEALTH        2025-10-01 22:31:36.322972
dynamic_TF_carry/COPPER-micro     2025-10-01 22:31:36.323201
dynamic_TF_carry/KRWUSD_mini      2025-10-01 22:31:36.323430
dynamic_TF_carry/EU-MEDIA         2025-10-01 22:31:36.323657
dynamic_TF_carry/MSCIEAFA         2025-10-01 22:31:36.323883
dynamic_TF_carry/HANGTECH         2025-10-01 22:31:36.324109
dynamic_TF_carry/IRON             2025-10-01 22:31:36.324337
dynamic_TF_carry/CHF              2025-10-01 22:31:36.324565
dynamic_TF_carry/MILK             2025-10-01 22:31:36.324795
dynamic_TF_carry/SWISSLEAD        2025-10-01 22:31:36.325023
dynamic_TF_carry/EU-HOUSE         2025-10-01 22:31:36.325251
dynamic_TF_carry/EU-FOOD          2025-10-01 22:31:36.325478
dynamic_TF_carry/EU-MID           2025-10-01 22:31:36.325711
dynamic_TF_carry/LEANHOG          2025-10-01 22:31:36.326164
dynamic_TF_carry/COPPER_LME       2025-10-01 22:31:36.326391
dynamic_TF_carry/CAD10            2025-10-01 22:31:36.326617
dynamic_TF_carry/NOK              2025-10-01 22:31:36.326843
dynamic_TF_carry/US-REALESTATE    2025-10-01 22:31:36.327071
dynamic_TF_carry/EUR_micro        2025-10-01 22:31:36.327299
dynamic_TF_carry/EU-OIL           2025-10-01 22:31:36.327525
dynamic_TF_carry/KOSDAQ           2025-10-01 22:31:36.327752
dynamic_TF_carry/KOSPI            2025-10-01 22:31:36.327979
dynamic_TF_carry/FTSE100          2025-10-01 22:31:36.328431
dynamic_TF_carry/LUMBER-new       2025-10-01 22:31:36.328656
dynamic_TF_carry/JGB-SGX-mini     2025-10-01 22:31:36.328882
dynamic_TF_carry/COTTON2          2025-10-01 22:31:36.329107
dynamic_TF_carry/COAL             2025-10-01 22:31:36.329335
dynamic_TF_carry/GAS-PEN          2025-10-01 22:31:36.329565
dynamic_TF_carry/GICS             2025-10-01 22:31:36.329793
dynamic_TF_carry/EU-REALESTATE    2025-10-01 22:31:36.330020
dynamic_TF_carry/KR3              2025-10-01 22:31:36.330246
dynamic_TF_carry/GOLD_micro       2025-10-01 22:31:36.330697
dynamic_TF_carry/PLAT             2025-10-01 22:31:36.330924
dynamic_TF_carry/R1000            2025-10-01 22:31:36.331150
dynamic_TF_carry/BTP3             2025-10-01 22:31:36.331376
dynamic_TF_carry/SARONA           2025-10-01 22:31:36.331603
dynamic_TF_carry/CRUDE_W_micro    2025-10-01 22:31:36.331830
dynamic_TF_carry/SPI200           2025-10-01 22:31:36.332058
dynamic_TF_carry/GASOILINE        2025-10-01 22:31:36.332287
dynamic_TF_carry/FTSEINDO         2025-10-01 22:31:36.332516
dynamic_TF_carry/AUD_micro        2025-10-01 22:31:36.332745
dynamic_TF_carry/SONIA3           2025-10-01 22:31:36.332974
dynamic_TF_carry/SP400            2025-10-01 22:31:36.333203
dynamic_TF_carry/EURCAD           2025-10-01 22:31:36.333433
dynamic_TF_carry/SMI-MID          2025-10-01 22:31:36.333699
dynamic_TF_carry/VIX              2025-10-01 22:31:36.333931
dynamic_TF_carry/BBCOMM           2025-10-01 22:31:36.334161
dynamic_TF_carry/EURO600          2025-10-01 22:31:36.334391
dynamic_TF_carry/MSCIASIA         2025-10-01 22:31:36.334619
dynamic_TF_carry/HANG_mini        2025-10-01 22:31:36.334847
dynamic_TF_carry/COAL-GEORDIE     2025-10-01 22:31:36.335074
dynamic_TF_carry/SP500_micro      2025-10-01 22:31:36.335301
dynamic_TF_carry/SMI              2025-10-01 22:31:36.335529
dynamic_TF_carry/IBEX_mini        2025-10-01 22:31:36.335756
dynamic_TF_carry/MILKDRY          2025-10-01 22:31:36.335983
dynamic_TF_carry/US-STAPLES       2025-10-01 22:31:36.336210
dynamic_TF_carry/AUD              2025-10-01 22:31:36.336438
dynamic_TF_carry/BTP              2025-10-01 22:31:36.336667
dynamic_TF_carry/WHEY             2025-10-01 22:31:36.336895
dynamic_TF_carry/US10             2025-10-01 22:31:36.337122
dynamic_TF_carry/OJ               2025-10-01 22:31:36.337350
dynamic_TF_carry/KOSPI_mini       2025-10-01 22:31:36.337580
dynamic_TF_carry/MUMMY            2025-10-01 22:31:36.337809
dynamic_TF_carry/SGD              2025-10-01 22:31:36.338038
dynamic_TF_carry/PALLAD           2025-10-01 22:31:36.338497
dynamic_TF_carry/JP-REALESTATE    2025-10-01 22:31:36.338724
dynamic_TF_carry/TOPIX            2025-10-01 22:31:36.338952
dynamic_TF_carry/US-HEALTH        2025-10-01 22:31:36.339180
dynamic_TF_carry/LIVECOW          2025-10-01 22:31:36.339408
dynamic_TF_carry/NIKKEI           2025-10-01 22:31:36.339636
dynamic_TF_carry/US-UTILS         2025-10-01 22:31:36.339865
dynamic_TF_carry/CAD2             2025-10-01 22:31:36.340093
dynamic_TF_carry/US-INDUSTRY      2025-10-01 22:31:36.340322
dynamic_TF_carry/EU-AUTO          2025-10-01 22:31:36.340551
dynamic_TF_carry/EU-UTILS         2025-10-01 22:31:36.340780
dynamic_TF_carry/TIN_LME          2025-10-01 22:31:36.341008
dynamic_TF_carry/MSCITAIWAN       2025-10-01 22:31:36.341236
dynamic_TF_carry/EU-INSURE        2025-10-01 22:31:36.341464
dynamic_TF_carry/SOYBEAN_mini     2025-10-01 22:31:36.341698
dynamic_TF_carry/EUROSTX200-LARGE 2025-10-01 22:31:36.341926
dynamic_TF_carry/RICE             2025-10-01 22:31:36.342155
dynamic_TF_carry/MXP              2025-10-01 22:31:36.342384
dynamic_TF_carry/EURIBOR          2025-10-01 22:31:36.342613
dynamic_TF_carry/COCOA_LDN        2025-10-01 22:31:36.342843
dynamic_TF_carry/REDWHEAT         2025-10-01 22:31:36.343070
dynamic_TF_carry/WHEAT_ICE        2025-10-01 22:31:36.343300
dynamic_TF_carry/EUR              2025-10-01 22:31:36.343529
dynamic_TF_carry/GBPCHF           2025-10-01 22:31:36.343756
dynamic_TF_carry/CRUDE_ICE        2025-10-01 22:31:36.343986
dynamic_TF_carry/US3              2025-10-01 22:31:36.344214
dynamic_TF_carry/CAC              2025-10-01 22:31:36.344446
dynamic_TF_carry/ROBUSTA          2025-10-01 22:31:36.344677
dynamic_TF_carry/CNH              2025-10-01 22:31:36.344906
dynamic_TF_carry/RUSSELL          2025-10-01 22:31:36.345136
dynamic_TF_carry/US2              2025-10-01 22:31:36.345600
dynamic_TF_carry/MSCISING         2025-10-01 22:31:36.345828
dynamic_TF_carry/US5              2025-10-01 22:31:36.346059
dynamic_TF_carry/NZD              2025-10-01 22:31:36.346287
dynamic_TF_carry/AUDJPY           2025-10-01 22:31:36.346516
dynamic_TF_carry/EU-TECH          2025-10-01 22:31:36.346742
dynamic_TF_carry/EURAUD           2025-10-01 22:31:36.346972
dynamic_TF_carry/HEATOIL          2025-10-01 22:31:36.347199
dynamic_TF_carry/OATIES           2025-10-01 22:31:36.347428
dynamic_TF_carry/BOBL             2025-10-01 22:31:36.347656
dynamic_TF_carry/FTSECHINAH       2025-10-01 22:31:36.347883
dynamic_TF_carry/PLN              2025-10-01 22:31:36.348111
dynamic_TF_carry/SILVER           2025-10-01 22:31:36.348341
dynamic_TF_carry/CH10             2025-10-01 22:31:36.348569
dynamic_TF_carry/EPRA-EUROPE      2025-10-01 22:31:36.348799
dynamic_TF_carry/OMX              2025-10-01 22:31:36.349027
dynamic_TF_carry/COCOA            2025-10-01 22:31:36.349254
dynamic_TF_carry/SUGAR16          2025-10-01 22:31:36.349481
dynamic_TF_carry/BUND             2025-10-01 22:31:36.349712


======================================================================================================================
                                                Status of trade limits                                                
======================================================================================================================

                   period_days  trade_limit  trades_since_last_reset  trade_capacity_remaining   time_since_last_reset
 BTP                        30            4                      4.0                       0.0 28 days 14:59:36.091838
 DAX                         1            4                      4.0                       0.0  0 days 14:59:30.679999
 GAS_US_mini                30            6                      4.0                       2.0 15 days 08:54:18.152888
 DAX                        14           15                     13.0                       2.0 12 days 14:59:34.824111
 RUSSELL                     1            4                      1.0                       3.0  0 days 07:59:36.475485
 BUND                       30            4                      1.0                       3.0 23 days 14:22:55.666847
 JPY                        14            4                      1.0                       3.0  8 days 07:59:32.131176
 US30                       30            4                      1.0                       3.0 15 days 07:59:15.945022
 BTP                        14            4                      1.0                       3.0 12 days 14:59:33.093071
 TOPIX                       1            4                      1.0                       3.0  0 days 20:57:10.250497
 SGD                         1            4                      0.0                       4.0  0 days 00:00:00.000001
 EU-DJ-TELECOM               1            4                      0.0                       4.0  0 days 00:00:00.000001
 EU-DJ-TECH                  1            4                      0.0                       4.0  0 days 00:00:00.000002
 EU-DJ-OIL                   1            4                      0.0                       4.0  0 days 00:00:00.000002
 EU-CONSTRUCTION             1            4                      0.0                       4.0  0 days 00:00:00.000001
 CZK                         1            4                      0.0                       4.0  0 days 00:00:00.000001
 COTTON                      1            4                      0.0                       4.0  0 days 00:00:00.000002
 COPPER-mini                 1            4                      0.0                       4.0  0 days 00:00:00.000002
 CLP                         1            4                      0.0                       4.0  0 days 00:00:00.000001
 EU-DJ-UTIL                  1            4                      0.0                       4.0  0 days 00:00:00.000001
 US-ENERGY                   1            4                      0.0                       4.0  0 days 00:00:00.000001
 CH10                        1            4                      0.0                       4.0  0 days 00:00:00.000002
 BUTTER                      1            4                      0.0                       4.0  0 days 00:00:00.000001
 BOVESPA                     1            4                      0.0                       4.0  0 days 00:00:00.000001
 BEL20                       1            4                      0.0                       4.0  0 days 00:00:00.000002
 ALUMINIUM                   1            4                      0.0                       4.0  0 days 00:00:00.000001
 CNH-onshore                 1            4                      0.0                       4.0  0 days 00:00:00.000001
 SGX                         1            4                      0.0                       4.0  0 days 00:00:00.000001
 EU-HOUSE                    1            4                      0.0                       4.0  0 days 00:00:00.000002
 EU-MID                      1            4                      0.0                       4.0  0 days 00:00:00.000001
 OMX                         1            4                      0.0                       4.0  0 days 00:00:00.000001
 MSCIASIA                    1            4                      0.0                       4.0  0 days 00:00:00.000002
 MILKWET                     1            4                      0.0                       4.0  0 days 00:00:00.000002
 MILKDRY                     1            4                      0.0                       4.0  0 days 00:00:00.000001
 MID-DAX                     1            4                      0.0                       4.0  0 days 00:00:00.000001
 JP-REALESTATE               1            4                      0.0                       4.0  0 days 00:00:00.000002
 JGB-SGX-mini                1            4                      0.0                       4.0  0 days 00:00:00.000002
 IRS                         1            4                      0.0                       4.0  0 days 00:00:00.000001
 FTSEINDO                    1            4                      0.0                       4.0  0 days 00:00:00.000001
 EUROSTX200-LARGE            1            4                      0.0                       4.0  0 days 00:00:00.000002
 SMI-MID                     1            4                      0.0                       4.0  0 days 00:00:00.000001
 EUROSTX-SMALL               1            4                      0.0                       4.0  0 days 00:00:00.000002
 EUROSTX-LARGE               1            4                      0.0                       4.0  0 days 00:00:00.000001
 US-DISCRETE                 1            4                      0.0                       4.0  0 days 00:00:00.000002
 EURIBOR                     1            4                      0.0                       4.0  0 days 00:00:00.000001
 YENEUR                     30            4                      0.0                       4.0 12 days 07:59:32.089026
 EU-REALESTATE               1            4                      0.0                       4.0  0 days 00:00:00.000002
 EU-MEDIA                    1            4                      0.0                       4.0  0 days 00:00:00.000001
 EURCHF                      1            4                      0.0                       4.0  0 days 00:00:00.000002
 SP400                      30            4                      0.0                       4.0  0 days 00:00:00.000001
 US10U                      30            4                      0.0                       4.0  0 days 00:00:00.000001
 ZAR                         1            4                      0.0                       4.0  0 days 00:00:00.000001
 JGB                        14            4                      0.0                       4.0  0 days 00:00:00.000002
 HEATOIL                    14            4                      0.0                       4.0  0 days 00:00:00.000002
 GBPEUR                     14            4                      0.0                       4.0  0 days 00:00:00.000002
 GAS-LAST                   14            4                      0.0                       4.0  0 days 00:00:00.000001
 FTSETAIWAN                 14            4                      0.0                       4.0  0 days 00:00:00.000001
 EU-TECH                    14            4                      0.0                       4.0  0 days 00:00:00.000002
 EU-CHEM                    14            4                      0.0                       4.0  0 days 00:00:00.000002
 ETHEREUM                   14            4                      0.0                       4.0  0 days 00:00:00.000002
 CNH                        14            4                      0.0                       4.0  0 days 00:00:00.000001
 BUXL                       14            4                      0.0                       4.0  0 days 00:00:00.000002
 BTP3                       14            4                      0.0                       4.0  0 days 00:00:00.000001
 BRENT-LAST                 14            4                      0.0                       4.0  0 days 00:00:00.000002
 BONO                       14            4                      0.0                       4.0  0 days 00:00:00.000001
 YENEUR                      1            4                      0.0                       4.0  0 days 00:00:00.000002
 US3                         1            4                      0.0                       4.0  0 days 00:00:00.000001
 US10U                       1            4                      0.0                       4.0  0 days 00:00:00.000001
 US-REALESTATE               1            4                      0.0                       4.0  0 days 00:00:00.000002
 SP400                       1            4                      0.0                       4.0  0 days 00:00:00.000001
 NOK                        14            4                      0.0                       4.0  0 days 00:00:00.000001
 R1000                      14            4                      0.0                       4.0  0 days 00:00:00.000002
 REDWHEAT                   14            4                      0.0                       4.0  0 days 00:00:00.000001
 SEK                        14            4                      0.0                       4.0  0 days 00:00:00.000002
 US-HEALTH                   1            4                      0.0                       4.0  0 days 00:00:00.000001
 SEK                        30            4                      0.0                       4.0  0 days 00:00:00.000002
 NOK                        30            4                      0.0                       4.0  0 days 00:00:00.000001
 JGB                        30            4                      0.0                       4.0  0 days 00:00:00.000002
 HEATOIL                    30            4                      0.0                       4.0  0 days 00:00:00.000001
 GBPEUR                     30            4                      0.0                       4.0  0 days 00:00:00.000001
 GASOILINE                  30            4                      0.0                       4.0  0 days 00:00:00.000001
 GAS-LAST                   30            4                      0.0                       4.0  0 days 00:00:00.000002
 FEEDCOW                    30            5                      1.0                       4.0 29 days 07:29:23.487863
 US3                        30            4                      0.0                       4.0  0 days 00:00:00.000002
 ETHEREUM                   30            4                      0.0                       4.0  0 days 00:00:00.000002
 BUXL                       30            4                      0.0                       4.0  0 days 00:00:00.000001
 BTP3                       30            4                      0.0                       4.0  0 days 00:00:00.000001
 BRENT-LAST                 30            4                      0.0                       4.0  0 days 00:00:00.000002
