
********************************************************************************
                   Status report produced on 10/06/2025 22:56                   
********************************************************************************


Delayed methods: No delays

=============================
Delayed adjusted / FX prices 
=============================

                  last_update
HIGHYIELD 2025-05-29 23:00:01
IG        2025-05-30 15:00:01
RUR       2025-06-06 23:00:00
SMI-MID   2025-06-06 23:00:00
SWISSLEAD 2025-06-06 23:00:00


===============================================
           Delayed optimal positions           
===============================================

                                    last_update
dynamic_TF_carry/SGX 2024-12-02 22:31:28.544775

Instruments at trade limit: No constraints

================================================
         Instruments at position limit          
================================================

                 keys  position pos_limit  spare
0           EU-TRAVEL         0       0.0    0.0
179           SMI-MID         0       0.0    0.0
81           JPY_mini         0       0.0    0.0
80             CHFJPY         0       0.0    0.0
183               RUR         0       0.0    0.0
75             COTTON         0       0.0    0.0
72   EUROSTX200-LARGE         0       0.0    0.0
70        HEATOIL-ICE         0       0.0    0.0
141           GAS-PEN        -1       1.0    0.0
177           EU-CHEM         0       0.0    0.0
65           EU-MEDIA         0       0.0    0.0
189       EPRA-EUROPE         0       0.0    0.0
191        COPPER_LME         0       0.0    0.0
194           MILKWET         0       0.0    0.0
56              R1000         0       0.0    0.0
198               TWD         0       0.0    0.0
204       COPPER-mini         0       0.0    0.0
49      EU-DJ-TELECOM         0       0.0    0.0
47            MILKDRY         0       0.0    0.0
64               GICS         0       0.0    0.0
86             AUDJPY         0       0.0    0.0
87              SP400         0       0.0    0.0
89             EURAUD         0       0.0    0.0
135         CHF_micro         0       0.0    0.0
144          SGD_mini         0       0.0    0.0
147            KRWUSD         0       0.0    0.0
131          EU-HOUSE         0       0.0    0.0
126             STEEL         0       0.0    0.0
123        EU-DJ-TECH         0       0.0    0.0
151               MIB         1       1.0    0.0
120               JGB         0       0.0    0.0
118       CNH-onshore         0       0.0    0.0
153                IG         0       0.0    0.0
116           TIN_LME         0       0.0    0.0
111          ETHEREUM         0       0.0    0.0
110          HOUSE-US         0       0.0    0.0
160         HIGHYIELD         0       0.0    0.0
108            GBPJPY         0       0.0    0.0
101   GASOILINE_micro         0       0.0    0.0
165               SEK         0       0.0    0.0
168              CH10         0       0.0    0.0
92                CLP         0       0.0    0.0
205            NASDAQ         0       0.0    0.0
45                OMX         0       0.0    0.0
139               PLN         0       0.0    0.0
32            BOVESPA         0       0.0    0.0
218              VNKI         0       0.0    0.0
237          JGB-mini         0       0.0    0.0
10    EU-CONSTRUCTION         0       0.0    0.0
35               WHEY         0       0.0    0.0
240            BUTTER         0       0.0    0.0
225            EURCAD         0       0.0    0.0
17                SGX         0       0.0    0.0
220      COAL-GEORDIE         0       0.0    0.0
26             EURCHF         0       0.0    0.0
25          EU-RETAIL         0       0.0    0.0
14                CZK         0       0.0    0.0
212               NOK         0       0.0    0.0
208     EUROSTX-LARGE         0       0.0    0.0
3                COAL         0       0.0    0.0
16                IRS         0       0.0    0.0
41           AEX_mini         0       0.0    0.0
42             PALLAD         0       0.0    0.0
38          SWISSLEAD         0       0.0    0.0
20           TWD-mini         0       0.0    0.0


==========================================================
         Overrides in database consider deleting          
==========================================================

                                                  override
NICKEL_LME              Override Close because in database
OATIES            Override Reduce only because in database
FTSE100           Override Reduce only because in database
JGB-mini          Override Reduce only because in database
LUMBER-new        Override Reduce only because in database
COPPER-mini       Override Reduce only because in database
SPI200            Override Reduce only because in database
GICS              Override Reduce only because in database
KRWUSD            Override Reduce only because in database
PLN               Override Reduce only because in database
SOYBEAN_mini      Override Reduce only because in database
TWD               Override Reduce only because in database
CHF_micro         Override Reduce only because in database
NOK               Override Reduce only because in database
R1000             Override Reduce only because in database
IBEX_mini         Override Reduce only because in database
VIX_mini          Override Reduce only because in database
EU-CHEM           Override Reduce only because in database
EU-INSURE         Override Reduce only because in database
IBEX              Override Reduce only because in database
COAL              Override Reduce only because in database
AUDJPY            Override Reduce only because in database
CAD_micro         Override Reduce only because in database
EUR_mini          Override Reduce only because in database
GBPCHF            Override Reduce only because in database
CNH-onshore       Override Reduce only because in database
SEK               Override Reduce only because in database
OMX               Override Reduce only because in database
GBPJPY            Override Reduce only because in database
NIKKEI400         Override Reduce only because in database
RUR               Override Reduce only because in database
JPY_mini          Override Reduce only because in database
EURCHF            Override Reduce only because in database
EU-BANKS          Override Reduce only because in database
EU-CONSTRUCTION   Override Reduce only because in database
GASOILINE_micro   Override Reduce only because in database
ZAR               Override Reduce only because in database
BOVESPA           Override Reduce only because in database
BBCOMM            Override Reduce only because in database
CRUDE_W_mini      Override Reduce only because in database
SP500_micro       Override Reduce only because in database
EU-TECH           Override Reduce only because in database
US-DISCRETE       Override Reduce only because in database
SMI-MID           Override Reduce only because in database
INR               Override Reduce only because in database
MIB               Override Reduce only because in database
EU-RETAIL         Override Reduce only because in database
SP500             Override Reduce only because in database
EU-OIL            Override Reduce only because in database
FTSECHINAA        Override Reduce only because in database
US-ENERGY         Override Reduce only because in database
EUROSTX-SMALL     Override Reduce only because in database
US-INDUSTRY       Override Reduce only because in database
WHEAT_mini        Override Reduce only because in database
NASDAQ_micro      Override Reduce only because in database
US-HEALTH         Override Reduce only because in database
EU-DJ-OIL         Override Reduce only because in database
MSCIWORLD         Override Reduce only because in database
MSCIEMASIA        Override Reduce only because in database
CHINAA-CON        Override Reduce only because in database
SMI               Override Reduce only because in database
EU-UTILS          Override Reduce only because in database
EU-MID            Override Reduce only because in database
EPRA-EUROPE       Override Reduce only because in database
EU-HEALTH         Override Reduce only because in database
EU-HOUSE          Override Reduce only because in database
DOW_mini          Override Reduce only because in database
KR10              Override Reduce only because in database
STEEL             Override Reduce only because in database
EU-DJ-TECH        Override Reduce only because in database
US-MATERIAL       Override Reduce only because in database
US-STAPLES        Override Reduce only because in database
EU-DJ-TELECOM     Override Reduce only because in database
CORN_mini         Override Reduce only because in database
NASDAQ            Override Reduce only because in database
EU-BASIC          Override Reduce only because in database
EU-DIV30          Override Reduce only because in database
EU-AUTO           Override Reduce only because in database
AEX               Override Reduce only because in database
FTSEINDO          Override Reduce only because in database
FTSETAIWAN        Override Reduce only because in database
EUROSTX-LARGE     Override Reduce only because in database
FTSE250           Override Reduce only because in database
EU-DJ-UTIL        Override Reduce only because in database
MSCIEAFA          Override Reduce only because in database
EU-MEDIA          Override Reduce only because in database
HANGENT_mini      Override Reduce only because in database
EUROSTX           Override Reduce only because in database
EU-TRAVEL         Override Reduce only because in database
EURO600           Override Reduce only because in database
EU-REALESTATE     Override Reduce only because in database
SWISSLEAD         Override Reduce only because in database
AEX_mini          Override Reduce only because in database
CAC               Override Reduce only because in database
US-REALESTATE     Override Reduce only because in database
MSCIASIA          Override Reduce only because in database
EU-FOOD           Override Reduce only because in database
US-UTILS          Override Reduce only because in database
EUROSTX200-LARGE  Override Reduce only because in database
COTTON            Override Reduce only because in database
SP400             Override Reduce only because in database
RUSSELL_mini      Override Reduce only because in database
FANG              Override Reduce only because in database
SGX               Override Reduce only because in database
YENEUR            Override Reduce only because in database

Locked instruments (position mismatch): []

==============================================
Status of adjusted price / FX price collection
==============================================

                         last_update
HIGHYIELD        2025-05-29 23:00:01
IG               2025-05-30 15:00:01
RUR              2025-06-06 23:00:00
SMI-MID          2025-06-06 23:00:00
SWISSLEAD        2025-06-06 23:00:00
COAL-GEORDIE     2025-06-09 23:00:00
CLP              2025-06-09 23:00:00
OMX              2025-06-09 23:00:00
COTTON           2025-06-09 23:00:00
SGD_mini         2025-06-09 23:00:00
SGX              2025-06-09 23:00:00
GBPJPY           2025-06-09 23:00:00
MILKWET          2025-06-09 23:00:00
CNH-onshore      2025-06-09 23:00:00
CZK              2025-06-09 23:00:00
GASOILINE_micro  2025-06-09 23:00:00
TIN_LME          2025-06-09 23:00:00
FTSEVIET         2025-06-09 23:00:00
HOUSE-US         2025-06-09 23:00:00
WHEY             2025-06-09 23:00:00
GAS-PEN*         2025-06-09 23:00:00
AUDJPY           2025-06-09 23:00:00
BOVESPA          2025-06-09 23:00:00
TWD-mini         2025-06-09 23:00:00
EUROSTX-LARGE    2025-06-09 23:00:00
VNKI             2025-06-10 02:00:00
SGD              2025-06-10 03:00:00
JP-REALESTATE    2025-06-10 04:00:00
HANGENT_mini     2025-06-10 04:00:00
KR3              2025-06-10 04:00:00
MSCITAIWAN       2025-06-10 04:00:00
MUMMY*           2025-06-10 04:00:00
KRWUSD_mini      2025-06-10 04:00:00
HANGENT          2025-06-10 04:00:00
HANG             2025-06-10 04:00:00
IRON*            2025-06-10 04:00:00
HANG_mini        2025-06-10 04:00:00
HANGTECH         2025-06-10 04:00:00
TWD              2025-06-10 04:00:00
FTSEINDO         2025-06-10 04:00:00
FTSECHINAH       2025-06-10 04:00:00
CNH              2025-06-10 04:00:00
SPI200           2025-06-10 04:00:00
NIKKEI400        2025-06-10 04:00:00
CHINAA-CON       2025-06-10 04:00:00
JGB-mini         2025-06-10 04:30:00
KOSPI_mini       2025-06-10 05:00:00
KOSPI            2025-06-10 05:00:00
KR10             2025-06-10 05:00:00
NIKKEI*          2025-06-10 05:00:00
TOPIX*           2025-06-10 05:00:00
JGB-SGX-mini     2025-06-10 05:00:00
KOSDAQ           2025-06-10 05:00:00
FTSECHINAA       2025-06-10 05:00:00
JGB              2025-06-10 05:00:00
FTSETAIWAN       2025-06-10 05:00:00
MSCISING*        2025-06-10 05:00:00
RUBBER           2025-06-10 05:00:00
MSCIWORLD        2025-06-10 08:00:00
EPRA-EUROPE      2025-06-10 10:00:00
EURIBOR          2025-06-10 11:00:00
EU-DJ-TECH       2025-06-10 11:00:00
EUROSTX200-LARGE 2025-06-10 13:00:00
EU-HOUSE         2025-06-10 14:00:00
COPPER_LME       2025-06-10 14:00:00
GBPCHF           2025-06-10 14:30:00
IRS              2025-06-10 14:30:00
HEATOIL-ICE      2025-06-10 15:00:00
EUA              2025-06-10 15:00:00
FTSE250          2025-06-10 15:00:00
FTSE100          2025-06-10 15:00:00
GICS             2025-06-10 15:00:00
EURIBOR-ICE      2025-06-10 15:00:00
GILT             2025-06-10 15:00:00
IBEX             2025-06-10 15:00:00
EU-TECH          2025-06-10 15:00:00
EUROSTX-SMALL    2025-06-10 15:00:00
EU-RETAIL        2025-06-10 15:00:00
LEAD_LME         2025-06-10 15:00:00
EU-MID           2025-06-10 15:00:00
AEX_mini         2025-06-10 15:00:00
ZINC_LME         2025-06-10 15:00:00
ALUMINIUM_LME    2025-06-10 15:00:00
WHEAT_ICE        2025-06-10 15:00:00
BRENT_W          2025-06-10 15:00:00
SONIA3           2025-06-10 15:00:00
SARONA           2025-06-10 15:00:00
CH10             2025-06-10 15:00:00
IBEX_mini*       2025-06-10 15:00:00
COAL             2025-06-10 15:00:00
COCOA_LDN        2025-06-10 15:00:00
ROBUSTA          2025-06-10 15:00:00
GASOIL           2025-06-10 15:00:00
CRUDE_ICE        2025-06-10 15:00:00
MILLWHEAT        2025-06-10 15:00:00
MIB*             2025-06-10 15:00:00
EU-MEDIA         2025-06-10 15:00:00
EU-INSURE        2025-06-10 15:00:00
KRWUSD           2025-06-10 15:00:00
NICKEL_LME       2025-06-10 15:00:00
EU-CHEM          2025-06-10 15:00:00
EU-DJ-TELECOM    2025-06-10 15:00:00
EU-DIV30         2025-06-10 15:00:00
GASOILINE_ICE    2025-06-10 16:00:00
MSCIASIA         2025-06-10 16:00:00
SMI              2025-06-10 16:00:00
SHATZ            2025-06-10 16:00:00
OAT              2025-06-10 16:00:00
V2X*             2025-06-10 16:00:00
SUGAR_WHITE      2025-06-10 16:00:00
AEX              2025-06-10 16:00:00
CAC              2025-06-10 16:00:00
EU-TRAVEL        2025-06-10 16:00:00
EU-REALESTATE    2025-06-10 16:00:00
EU-HEALTH        2025-06-10 16:00:00
EU-FOOD          2025-06-10 16:00:00
EU-DJ-UTIL       2025-06-10 16:00:00
EU-DJ-OIL        2025-06-10 16:00:00
EU-CONSTRUCTION  2025-06-10 16:00:00
EU-UTILS         2025-06-10 16:00:00
EU-BASIC         2025-06-10 16:00:00
EU-AUTO          2025-06-10 16:00:00
BTP3             2025-06-10 16:00:00
BTP*             2025-06-10 16:00:00
DAX              2025-06-10 16:00:00
BONO             2025-06-10 16:00:00
BUXL             2025-06-10 16:00:00
BOBL             2025-06-10 16:00:00
EU-BANKS         2025-06-10 16:00:00
EURAUD           2025-06-10 16:00:00
EU-OIL           2025-06-10 16:00:00
EURO600          2025-06-10 16:00:00
EUROSTX          2025-06-10 16:00:00
BUND             2025-06-10 16:00:00
EURCAD           2025-06-10 17:00:00
MILKDRY          2025-06-10 17:00:00
SUGAR16          2025-06-10 17:00:00
SUGAR11          2025-06-10 17:00:00
OJ               2025-06-10 18:00:00
BRENT-LAST       2025-06-10 18:00:00
ALUMINIUM        2025-06-10 18:00:00
COCOA            2025-06-10 18:00:00
COFFEE           2025-06-10 18:00:00
CAD2             2025-06-10 19:00:00
SOYBEAN          2025-06-10 19:00:00
BUTTER           2025-06-10 19:00:00
CORN             2025-06-10 19:00:00
SOYBEAN_mini     2025-06-10 19:00:00
CORN_mini        2025-06-10 19:00:00
SOYMEAL          2025-06-10 19:00:00
CANOLA*          2025-06-10 19:00:00
NOK              2025-06-10 19:00:00
CHEESE           2025-06-10 19:00:00
RICE             2025-06-10 19:00:00
REDWHEAT         2025-06-10 19:00:00
GASOILINE        2025-06-10 19:00:00
MSCIEMASIA       2025-06-10 19:00:00
STEEL            2025-06-10 19:00:00
CHFJPY           2025-06-10 19:00:00
OATIES           2025-06-10 19:00:00
SOYOIL           2025-06-10 19:00:00
US-DISCRETE      2025-06-10 19:00:00
R1000            2025-06-10 19:00:00
EURCHF           2025-06-10 19:00:00
FEEDCOW*         2025-06-10 19:00:00
WHEAT_mini       2025-06-10 19:00:00
AUD_micro        2025-06-10 19:00:00
GBP_micro        2025-06-10 19:00:00
WHEAT*           2025-06-10 19:00:00
BBCOMM           2025-06-10 19:00:00
COTTON2          2025-06-10 19:00:00
DX*              2025-06-10 19:00:00
LIVECOW          2025-06-10 19:00:00
CRUDE_W_micro    2025-06-10 19:00:00
LEANHOG          2025-06-10 19:00:00
US-UTILS         2025-06-10 20:00:00
SOFR             2025-06-10 20:00:00
ZAR              2025-06-10 20:00:00
YENEUR*          2025-06-10 20:00:00
AUD              2025-06-10 20:00:00
US-HEALTH        2025-06-10 20:00:00
US-INDUSTRY      2025-06-10 20:00:00
SP400            2025-06-10 20:00:00
US-MATERIAL      2025-06-10 20:00:00
SP500            2025-06-10 20:00:00
US-STAPLES       2025-06-10 20:00:00
BRE              2025-06-10 20:00:00
VIX              2025-06-10 20:00:00
SP500_micro      2025-06-10 20:00:00
BITCOIN          2025-06-10 20:00:00
US-REALESTATE    2025-06-10 20:00:00
US5              2025-06-10 20:00:00
US30             2025-06-10 20:00:00
US3              2025-06-10 20:00:00
US20             2025-06-10 20:00:00
US2              2025-06-10 20:00:00
US10U*           2025-06-10 20:00:00
US10             2025-06-10 20:00:00
VIX_mini         2025-06-10 20:00:00
US-ENERGY        2025-06-10 20:00:00
GAS-LAST         2025-06-10 20:00:00
CAD*             2025-06-10 20:00:00
DOW_mini         2025-06-10 20:00:00
ETHER-micro      2025-06-10 20:00:00
ETHEREUM         2025-06-10 20:00:00
SILVER           2025-06-10 20:00:00
JPY              2025-06-10 20:00:00
INR              2025-06-10 20:00:00
EUR              2025-06-10 20:00:00
HEATOIL          2025-06-10 20:00:00
GOLD_micro       2025-06-10 20:00:00
GOLD-mini        2025-06-10 20:00:00
GOLD             2025-06-10 20:00:00
EUR_micro        2025-06-10 20:00:00
EUR_mini         2025-06-10 20:00:00
FANG             2025-06-10 20:00:00
GBPEUR           2025-06-10 20:00:00
FED              2025-06-10 20:00:00
GBP              2025-06-10 20:00:00
GAS_US_mini*     2025-06-10 20:00:00
GAS_US           2025-06-10 20:00:00
DOW*             2025-06-10 20:00:00
LUMBER-new       2025-06-10 20:00:00
JPY_mini         2025-06-10 20:00:00
MILK             2025-06-10 20:00:00
CAD10            2025-06-10 20:00:00
CAD5             2025-06-10 20:00:00
SEK              2025-06-10 20:00:00
CAD_micro        2025-06-10 20:00:00
RUSSELL_mini     2025-06-10 20:00:00
CRUDE_W_mini     2025-06-10 20:00:00
CHF              2025-06-10 20:00:00
PLN              2025-06-10 20:00:00
PLAT*            2025-06-10 20:00:00
PALLAD           2025-06-10 20:00:00
RUSSELL          2025-06-10 20:00:00
NZD              2025-06-10 20:00:00
COPPER           2025-06-10 20:00:00
NASDAQ_micro     2025-06-10 20:00:00
NASDAQ           2025-06-10 20:00:00
MXP*             2025-06-10 20:00:00
COPPER-micro     2025-06-10 20:00:00
COPPER-mini      2025-06-10 20:00:00
MSCIEAFA         2025-06-10 20:00:00
CRUDE_W          2025-06-10 20:00:00
CHF_micro        2025-06-10 20:00:00
HKDUSD           2025-06-10 23:00:00
CHFUSD           2025-06-10 23:00:00
JPYUSD           2025-06-10 23:00:00
EURUSD           2025-06-10 23:00:00
CADUSD           2025-06-10 23:00:00
MXPUSD           2025-06-10 23:00:00
CNHUSD           2025-06-10 23:00:00
SEKUSD           2025-06-10 23:00:00
GBPUSD           2025-06-10 23:00:00
SGDUSD           2025-06-10 23:00:00
KRWUSD           2025-06-10 23:00:00
AUDUSD           2025-06-10 23:00:00


============================================================
           Status of optimal position generation            
============================================================

                                                 last_update
dynamic_TF_carry/SGX              2024-12-02 22:31:28.544775
dynamic_TF_carry/ETHEREUM         2025-06-10 22:31:35.945975
dynamic_TF_carry/KR3              2025-06-10 22:31:35.946236
dynamic_TF_carry/FTSETAIWAN       2025-06-10 22:31:35.946477
dynamic_TF_carry/EU-AUTO          2025-06-10 22:31:35.946712
dynamic_TF_carry/KR10             2025-06-10 22:31:35.946948
dynamic_TF_carry/US-STAPLES       2025-06-10 22:31:35.947182
dynamic_TF_carry/ALUMINIUM        2025-06-10 22:31:35.947416
dynamic_TF_carry/HANGTECH         2025-06-10 22:31:35.947653
dynamic_TF_carry/BBCOMM           2025-06-10 22:31:35.947888
dynamic_TF_carry/CHFJPY           2025-06-10 22:31:35.948120
dynamic_TF_carry/LEANHOG          2025-06-10 22:31:35.948355
dynamic_TF_carry/EU-UTILS         2025-06-10 22:31:35.948588
dynamic_TF_carry/OAT              2025-06-10 22:31:35.948819
dynamic_TF_carry/BRE              2025-06-10 22:31:35.949286
dynamic_TF_carry/COPPER           2025-06-10 22:31:35.949518
dynamic_TF_carry/BTP              2025-06-10 22:31:35.949753
dynamic_TF_carry/FANG             2025-06-10 22:31:35.949986
dynamic_TF_carry/BUXL             2025-06-10 22:31:35.950215
dynamic_TF_carry/R1000            2025-06-10 22:31:35.950448
dynamic_TF_carry/MSCIWORLD        2025-06-10 22:31:35.950970
dynamic_TF_carry/COTTON2          2025-06-10 22:31:35.951207
dynamic_TF_carry/CHINAA-CON       2025-06-10 22:31:35.951441
dynamic_TF_carry/US3              2025-06-10 22:31:35.951675
dynamic_TF_carry/TIN_LME          2025-06-10 22:31:35.951906
dynamic_TF_carry/SOYBEAN_mini     2025-06-10 22:31:35.952139
dynamic_TF_carry/EPRA-EUROPE      2025-06-10 22:31:35.952371
dynamic_TF_carry/IRS              2025-06-10 22:31:35.952605
dynamic_TF_carry/SILVER           2025-06-10 22:31:35.952837
dynamic_TF_carry/US-DISCRETE      2025-06-10 22:31:35.953069
dynamic_TF_carry/PLN              2025-06-10 22:31:35.953533
dynamic_TF_carry/ZAR              2025-06-10 22:31:35.953771
dynamic_TF_carry/GOLD_micro       2025-06-10 22:31:35.954003
dynamic_TF_carry/MIB              2025-06-10 22:31:35.954234
dynamic_TF_carry/JGB              2025-06-10 22:31:35.954467
dynamic_TF_carry/RUBBER           2025-06-10 22:31:35.954700
dynamic_TF_carry/WHEAT            2025-06-10 22:31:35.954932
dynamic_TF_carry/GASOIL           2025-06-10 22:31:35.955164
dynamic_TF_carry/EUR_micro        2025-06-10 22:31:35.955395
dynamic_TF_carry/COCOA            2025-06-10 22:31:35.955628
dynamic_TF_carry/COFFEE           2025-06-10 22:31:35.955860
dynamic_TF_carry/MSCITAIWAN       2025-06-10 22:31:35.956093
dynamic_TF_carry/EUROSTX200-LARGE 2025-06-10 22:31:35.956327
dynamic_TF_carry/TWD              2025-06-10 22:31:35.956556
dynamic_TF_carry/US-HEALTH        2025-06-10 22:31:35.957023
dynamic_TF_carry/SGD              2025-06-10 22:31:35.957255
dynamic_TF_carry/EU-DIV30         2025-06-10 22:31:35.957722
dynamic_TF_carry/US-INDUSTRY      2025-06-10 22:31:35.957955
dynamic_TF_carry/DOW              2025-06-10 22:31:35.958188
dynamic_TF_carry/CNH              2025-06-10 22:31:35.958420
dynamic_TF_carry/EU-INSURE        2025-06-10 22:31:35.958650
dynamic_TF_carry/EU-CHEM          2025-06-10 22:31:35.958883
dynamic_TF_carry/SWISSLEAD        2025-06-10 22:31:35.959345
dynamic_TF_carry/CHEESE           2025-06-10 22:31:35.959576
dynamic_TF_carry/RUR              2025-06-10 22:31:35.959807
dynamic_TF_carry/COPPER-micro     2025-06-10 22:31:35.960039
dynamic_TF_carry/HANGENT_mini     2025-06-10 22:31:35.960271
dynamic_TF_carry/COTTON           2025-06-10 22:31:35.960502
dynamic_TF_carry/EURIBOR          2025-06-10 22:31:35.960733
dynamic_TF_carry/SMI              2025-06-10 22:31:35.961196
dynamic_TF_carry/V2X              2025-06-10 22:31:35.961428
dynamic_TF_carry/MILKDRY          2025-06-10 22:31:35.961664
dynamic_TF_carry/MSCIEMASIA       2025-06-10 22:31:35.961896
dynamic_TF_carry/EUROSTX          2025-06-10 22:31:35.962128
dynamic_TF_carry/GAS-LAST         2025-06-10 22:31:35.962360
dynamic_TF_carry/MSCISING         2025-06-10 22:31:35.962593
dynamic_TF_carry/BONO             2025-06-10 22:31:35.962824
dynamic_TF_carry/SMI-MID          2025-06-10 22:31:35.963054
dynamic_TF_carry/HEATOIL          2025-06-10 22:31:35.963286
dynamic_TF_carry/EURAUD           2025-06-10 22:31:35.963517
dynamic_TF_carry/FEEDCOW          2025-06-10 22:31:35.963747
dynamic_TF_carry/ZINC_LME         2025-06-10 22:31:35.963978
dynamic_TF_carry/CORN             2025-06-10 22:31:35.964210
dynamic_TF_carry/BRENT-LAST       2025-06-10 22:31:35.964442
dynamic_TF_carry/DX               2025-06-10 22:31:35.964675
dynamic_TF_carry/GILT             2025-06-10 22:31:35.964908
dynamic_TF_carry/NOK              2025-06-10 22:31:35.965141
dynamic_TF_carry/LIVECOW          2025-06-10 22:31:35.965373
dynamic_TF_carry/COPPER_LME       2025-06-10 22:31:35.965609
dynamic_TF_carry/BITCOIN          2025-06-10 22:31:35.965841
dynamic_TF_carry/EURCAD           2025-06-10 22:31:35.966074
dynamic_TF_carry/US10             2025-06-10 22:31:35.966305
dynamic_TF_carry/EU-REALESTATE    2025-06-10 22:31:35.966539
dynamic_TF_carry/LUMBER-new       2025-06-10 22:31:35.966771
dynamic_TF_carry/DAX              2025-06-10 22:31:35.967002
dynamic_TF_carry/GBPCHF           2025-06-10 22:31:35.967234
dynamic_TF_carry/EU-MID           2025-06-10 22:31:35.967466
dynamic_TF_carry/COAL-GEORDIE     2025-06-10 22:31:35.967695
dynamic_TF_carry/IBEX_mini        2025-06-10 22:31:35.967927
dynamic_TF_carry/JGB-SGX-mini     2025-06-10 22:31:35.968159
dynamic_TF_carry/EU-DJ-UTIL       2025-06-10 22:31:35.968394
dynamic_TF_carry/KRWUSD           2025-06-10 22:31:35.968626
dynamic_TF_carry/GBPJPY           2025-06-10 22:31:35.968860
dynamic_TF_carry/SPI200           2025-06-10 22:31:35.969093
dynamic_TF_carry/AUD              2025-06-10 22:31:35.969326
dynamic_TF_carry/BOBL             2025-06-10 22:31:35.969559
dynamic_TF_carry/EU-FOOD          2025-06-10 22:31:35.969792
dynamic_TF_carry/ROBUSTA          2025-06-10 22:31:35.970022
dynamic_TF_carry/US-ENERGY        2025-06-10 22:31:35.970254
dynamic_TF_carry/CZK              2025-06-10 22:31:35.970486
dynamic_TF_carry/GASOILINE        2025-06-10 22:31:35.970717
dynamic_TF_carry/BTP3             2025-06-10 22:31:35.970948
dynamic_TF_carry/STEEL            2025-06-10 22:31:35.971177
dynamic_TF_carry/SUGAR11          2025-06-10 22:31:35.971407
dynamic_TF_carry/MILKWET          2025-06-10 22:31:35.971638
dynamic_TF_carry/TOPIX            2025-06-10 22:31:35.971870
dynamic_TF_carry/US2              2025-06-10 22:31:35.972101
dynamic_TF_carry/US20             2025-06-10 22:31:35.972333
dynamic_TF_carry/EU-TRAVEL        2025-06-10 22:31:35.972564
dynamic_TF_carry/SOYOIL           2025-06-10 22:31:35.972793
dynamic_TF_carry/GAS_US_mini      2025-06-10 22:31:35.973027
dynamic_TF_carry/US30             2025-06-10 22:31:35.973259
dynamic_TF_carry/MXP              2025-06-10 22:31:35.973491
dynamic_TF_carry/EURCHF           2025-06-10 22:31:35.973727
dynamic_TF_carry/RICE             2025-06-10 22:31:35.973959
dynamic_TF_carry/NIKKEI400        2025-06-10 22:31:35.974192
dynamic_TF_carry/CRUDE_W_mini     2025-06-10 22:31:35.974425
dynamic_TF_carry/SEK              2025-06-10 22:31:35.974655
dynamic_TF_carry/CRUDE_W_micro    2025-06-10 22:31:35.974885
dynamic_TF_carry/KRWUSD_mini      2025-06-10 22:31:35.975117
dynamic_TF_carry/NICKEL_LME       2025-06-10 22:31:35.975349
dynamic_TF_carry/SHATZ            2025-06-10 22:31:35.975581
dynamic_TF_carry/OJ               2025-06-10 22:31:35.975812
dynamic_TF_carry/FTSEINDO         2025-06-10 22:31:35.976045
dynamic_TF_carry/MUMMY            2025-06-10 22:31:35.976510
dynamic_TF_carry/CANOLA           2025-06-10 22:31:35.976742
dynamic_TF_carry/AUDJPY           2025-06-10 22:31:35.976974
dynamic_TF_carry/NASDAQ_micro     2025-06-10 22:31:35.977203
dynamic_TF_carry/WHEAT_ICE        2025-06-10 22:31:35.977434
dynamic_TF_carry/FTSE100          2025-06-10 22:31:35.977674
dynamic_TF_carry/VNKI             2025-06-10 22:31:35.977907
dynamic_TF_carry/US-MATERIAL      2025-06-10 22:31:35.978139
dynamic_TF_carry/GBPEUR           2025-06-10 22:31:35.978369
dynamic_TF_carry/CAC              2025-06-10 22:31:35.978600
dynamic_TF_carry/GAS-PEN          2025-06-10 22:31:35.978832
dynamic_TF_carry/SONIA3           2025-06-10 22:31:35.979064
dynamic_TF_carry/EU-CONSTRUCTION  2025-06-10 22:31:35.979295
dynamic_TF_carry/YENEUR           2025-06-10 22:31:35.979526
dynamic_TF_carry/SOFR             2025-06-10 22:31:35.979759
dynamic_TF_carry/SUGAR_WHITE      2025-06-10 22:31:35.979992
dynamic_TF_carry/IG               2025-06-10 22:31:35.980223
dynamic_TF_carry/CHF              2025-06-10 22:31:35.980454
dynamic_TF_carry/SARONA           2025-06-10 22:31:35.981152
dynamic_TF_carry/CH10             2025-06-10 22:31:35.981385
dynamic_TF_carry/CRUDE_ICE        2025-06-10 22:31:35.981620
dynamic_TF_carry/FTSECHINAA       2025-06-10 22:31:35.981852
dynamic_TF_carry/SUGAR16          2025-06-10 22:31:35.982083
dynamic_TF_carry/BRENT_W          2025-06-10 22:31:35.982318
dynamic_TF_carry/EU-OIL           2025-06-10 22:31:35.982552
dynamic_TF_carry/US5              2025-06-10 22:31:35.982786
dynamic_TF_carry/CAD              2025-06-10 22:31:35.983252
dynamic_TF_carry/AEX              2025-06-10 22:31:35.983486
dynamic_TF_carry/SOYBEAN          2025-06-10 22:31:35.983718
dynamic_TF_carry/US10U            2025-06-10 22:31:35.983949
dynamic_TF_carry/EUROSTX-LARGE    2025-06-10 22:31:35.984182
dynamic_TF_carry/MSCIASIA         2025-06-10 22:31:35.984414
dynamic_TF_carry/CAD5             2025-06-10 22:31:35.984646
dynamic_TF_carry/CAD10            2025-06-10 22:31:35.984878
dynamic_TF_carry/VIX              2025-06-10 22:31:35.985346
dynamic_TF_carry/EU-DJ-TELECOM    2025-06-10 22:31:35.985583
dynamic_TF_carry/KOSDAQ           2025-06-10 22:31:35.985815
dynamic_TF_carry/MILLWHEAT        2025-06-10 22:31:35.986048
dynamic_TF_carry/EU-BANKS         2025-06-10 22:31:35.986282
dynamic_TF_carry/GICS             2025-06-10 22:31:35.986514
dynamic_TF_carry/COAL             2025-06-10 22:31:35.986747
dynamic_TF_carry/HOUSE-US         2025-06-10 22:31:35.986981
dynamic_TF_carry/OATIES           2025-06-10 22:31:35.987213
dynamic_TF_carry/MILK             2025-06-10 22:31:35.987448
dynamic_TF_carry/OMX              2025-06-10 22:31:35.987681
dynamic_TF_carry/FED              2025-06-10 22:31:35.987913
dynamic_TF_carry/GBP              2025-06-10 22:31:35.988144
dynamic_TF_carry/EU-RETAIL        2025-06-10 22:31:35.988380
dynamic_TF_carry/US-REALESTATE    2025-06-10 22:31:35.988844
dynamic_TF_carry/EUA              2025-06-10 22:31:35.989078
dynamic_TF_carry/MSCIEAFA         2025-06-10 22:31:35.989310
dynamic_TF_carry/BUTTER           2025-06-10 22:31:35.989542
dynamic_TF_carry/PALLAD           2025-06-10 22:31:35.989779
dynamic_TF_carry/HIGHYIELD        2025-06-10 22:31:35.990012
dynamic_TF_carry/PLAT             2025-06-10 22:31:35.990244
dynamic_TF_carry/SP500_micro      2025-06-10 22:31:35.990477
dynamic_TF_carry/INR              2025-06-10 22:31:35.990707
dynamic_TF_carry/BUND             2025-06-10 22:31:35.991168
dynamic_TF_carry/KOSPI            2025-06-10 22:31:35.991401
dynamic_TF_carry/RUSSELL          2025-06-10 22:31:35.991632
dynamic_TF_carry/SOYMEAL          2025-06-10 22:31:35.991864
dynamic_TF_carry/SP400            2025-06-10 22:31:35.992095
dynamic_TF_carry/NIKKEI           2025-06-10 22:31:35.992327
dynamic_TF_carry/BOVESPA          2025-06-10 22:31:35.992560
dynamic_TF_carry/EURO600          2025-06-10 22:31:35.992792
dynamic_TF_carry/US-UTILS         2025-06-10 22:31:35.993024
dynamic_TF_carry/HANG_mini        2025-06-10 22:31:35.993259
dynamic_TF_carry/EUR              2025-06-10 22:31:35.993495
dynamic_TF_carry/FTSECHINAH       2025-06-10 22:31:35.993733
dynamic_TF_carry/EU-BASIC         2025-06-10 22:31:35.993966
dynamic_TF_carry/WHEY             2025-06-10 22:31:35.994200
dynamic_TF_carry/COCOA_LDN        2025-06-10 22:31:35.994433
dynamic_TF_carry/CAD2             2025-06-10 22:31:35.994667
dynamic_TF_carry/EU-HOUSE         2025-06-10 22:31:35.994899
dynamic_TF_carry/EU-MEDIA         2025-06-10 22:31:35.995134
dynamic_TF_carry/EUROSTX-SMALL    2025-06-10 22:31:35.995368
dynamic_TF_carry/AUD_micro        2025-06-10 22:31:35.995601
dynamic_TF_carry/EURIBOR-ICE      2025-06-10 22:31:35.995834
dynamic_TF_carry/IRON             2025-06-10 22:31:35.996069
dynamic_TF_carry/JP-REALESTATE    2025-06-10 22:31:35.996303
dynamic_TF_carry/NZD              2025-06-10 22:31:35.996536
dynamic_TF_carry/REDWHEAT         2025-06-10 22:31:35.996774
dynamic_TF_carry/FTSE250          2025-06-10 22:31:35.997010
dynamic_TF_carry/LEAD_LME         2025-06-10 22:31:35.997244
dynamic_TF_carry/FTSEVIET         2025-06-10 22:31:35.997479
dynamic_TF_carry/JPY              2025-06-10 22:31:35.997719
dynamic_TF_carry/KOSPI_mini       2025-06-10 22:31:35.997952
dynamic_TF_carry/EU-TECH          2025-06-10 22:31:35.998185
dynamic_TF_carry/EU-HEALTH        2025-06-10 22:31:35.998417
dynamic_TF_carry/CLP              2025-06-10 22:31:35.998650


======================================================================================================================
                                                Status of trade limits                                                
======================================================================================================================

                   period_days  trade_limit  trades_since_last_reset  trade_capacity_remaining   time_since_last_reset
 BTP                        14            4                      1.0                       3.0  7 days 14:57:20.365209
 OAT                        30            4                      1.0                       3.0  6 days 14:57:32.216891
 GAS_US_mini                14            4                      1.0                       3.0  1 days 08:57:36.468244
 BTP                        30            4                      1.0                       3.0  7 days 14:57:20.366969
 OAT                        14            4                      1.0                       3.0  6 days 14:57:32.215265
 EU-HOUSE                    1            4                      0.0                       4.0  0 days 00:00:00.000001
 EU-DJ-UTIL                  1            4                      0.0                       4.0  0 days 00:00:00.000002
 EU-DJ-TELECOM               1            4                      0.0                       4.0  0 days 00:00:00.000001
 EU-DJ-TECH                  1            4                      0.0                       4.0  0 days 00:00:00.000001
 EU-DJ-OIL                   1            4                      0.0                       4.0  0 days 00:00:00.000002
 EU-CONSTRUCTION             1            4                      0.0                       4.0  0 days 00:00:00.000001
 CZK                         1            4                      0.0                       4.0  0 days 00:00:00.000002
 COTTON                      1            4                      0.0                       4.0  0 days 00:00:00.000001
 CNH-onshore                 1            4                      0.0                       4.0  0 days 00:00:00.000002
 EU-MEDIA                    1            4                      0.0                       4.0  0 days 00:00:00.000002
 CLP                         1            4                      0.0                       4.0  0 days 00:00:00.000001
 CH10                        1            4                      0.0                       4.0  0 days 00:00:00.000002
 BUTTER                      1            4                      0.0                       4.0  0 days 00:00:00.000001
 BOVESPA                     1            4                      0.0                       4.0  0 days 00:00:00.000001
 BEL20                       1            4                      0.0                       4.0  0 days 00:00:00.000002
 ALUMINIUM                   1            4                      0.0                       4.0  0 days 00:00:00.000001
 YENEUR                     30            4                      0.0                       4.0  0 days 00:00:00.000002
 COPPER-mini                 1            4                      0.0                       4.0  0 days 00:00:00.000002
 EU-MID                      1            4                      0.0                       4.0  0 days 00:00:00.000002
 EURCHF                      1            4                      0.0                       4.0  0 days 00:00:00.000002
 US30                       30            4                      0.0                       4.0  0 days 00:00:00.000001
 US-HEALTH                   1            4                      0.0                       4.0  0 days 00:00:00.000001
 US-ENERGY                   1            4                      0.0                       4.0  0 days 00:00:00.000002
 US-DISCRETE                 1            4                      0.0                       4.0  0 days 00:00:00.000001
 SMI-MID                     1            4                      0.0                       4.0  0 days 00:00:00.000001
 SGX                         1            4                      0.0                       4.0  0 days 00:00:00.000002
 SGD                         1            4                      0.0                       4.0  0 days 00:00:00.000001
 OMX                         1            4                      0.0                       4.0  0 days 00:00:00.000002
 MSCIASIA                    1            4                      0.0                       4.0  0 days 00:00:00.000001
 MILKWET                     1            4                      0.0                       4.0  0 days 00:00:00.000002
 MILKDRY                     1            4                      0.0                       4.0  0 days 00:00:00.000001
 MID-DAX                     1            4                      0.0                       4.0  0 days 00:00:00.000002
 JP-REALESTATE               1            4                      0.0                       4.0  0 days 00:00:00.000001
 JGB-SGX-mini                1            4                      0.0                       4.0  0 days 00:00:00.000001
 IRS                         1            4                      0.0                       4.0  0 days 00:00:00.000002
 FTSEINDO                    1            4                      0.0                       4.0  0 days 00:00:00.000001
 EUROSTX200-LARGE            1            4                      0.0                       4.0  0 days 00:00:00.000001
 EUROSTX-SMALL               1            4                      0.0                       4.0  0 days 00:00:00.000002
 EUROSTX-LARGE               1            4                      0.0                       4.0  0 days 00:00:00.000001
 EURIBOR                     1            4                      0.0                       4.0  0 days 00:00:00.000001
 EU-REALESTATE               1            4                      0.0                       4.0  0 days 00:00:00.000001
 US3                        30            4                      0.0                       4.0  0 days 00:00:00.000002
 SP400                      30            4                      0.0                       4.0  0 days 00:00:00.000002
