
********************************************************************************
                   Status report produced on 20/03/2024 22:55                   
********************************************************************************



==========================================================================================================
                                             Delayed methods                                              
==========================================================================================================

                            process_name              last_start                last_end currently_running
strategy_allocation   run_capital_update 2024-03-15 01:00:09.894 2024-03-15 01:00:09.932             False
update_total_capital  run_capital_update 2024-03-15 19:00:05.138 2024-03-15 19:00:05.288             False


============================
Delayed adjusted / FX prices
============================

            last_update
CHF 2024-03-15 23:00:00

Delayed optimal positions: No delays
Instruments at trade limit: No constraints

================================================
         Instruments at position limit          
================================================

                 keys  position pos_limit  spare
202          ETHEREUM         0       0.0    0.0
184          EU-MEDIA         0       0.0    0.0
188               OMX         0       0.0    0.0
194   GASOILINE_micro         0       0.0    0.0
84            MILKWET         0       0.0    0.0
82           JPY_mini         0       0.0    0.0
197  EUROSTX200-LARGE         0       0.0    0.0
76       COAL-GEORDIE         0       0.0    0.0
75              R1000         0       0.0    0.0
144           ETHANOL         0       0.0    0.0
71                IRS         0       0.0    0.0
70        COPPER-mini         0       0.0    0.0
204       EPRA-EUROPE         0       0.0    0.0
67               GICS         0       0.0    0.0
66             COTTON         0       0.0    0.0
207            PALLAD         0       0.0    0.0
212            BUTTER         0       0.0    0.0
60           HOUSE-US         0       0.0    0.0
214               SGX         0       0.0    0.0
49          EU-TRAVEL         0       0.0    0.0
183               NOK         0       0.0    0.0
48                RUR         0       0.0    0.0
178        EU-DJ-TECH         0       0.0    0.0
98           AEX_mini         0       0.0    0.0
142               PLN         0       0.0    0.0
151           US-TECH         0       0.0    0.0
139           TIN_LME         0       0.0    0.0
137          SGD_mini         0       0.0    0.0
134            CHFJPY         0       0.0    0.0
130            AUDJPY         0       0.0    0.0
128         CHF_micro         0       0.0    0.0
126             COCOA         1       1.0    0.0
158               TWD         0       0.0    0.0
159           BOVESPA         0       0.0    0.0
121               CZK         0       0.0    0.0
163               MIB         1       1.0    0.0
167         EU-RETAIL         0       0.0    0.0
115               CLP         0       0.0    0.0
114              WHEY         0       0.0    0.0
106         SWISSLEAD         0       0.0    0.0
173              VNKI         0       0.0    0.0
104            EURAUD         0       0.0    0.0
99                SEK         0       0.0    0.0
97              STEEL         0       0.0    0.0
47             KRWUSD         0       0.0    0.0
148              CH10         0       0.0    0.0
223            EURCHF         0       0.0    0.0
229        COPPER_LME         0       0.0    0.0
34              SP400         0       0.0    0.0
35               COAL         0       0.0    0.0
26           TWD-mini         0       0.0    0.0
37    EU-CONSTRUCTION         0       0.0    0.0
222       CNH-onshore         0       0.0    0.0
12             GBPJPY         0       0.0    0.0
21                AEX         1       1.0    0.0
39           JGB-mini         0       0.0    0.0
221         HIGHYIELD         0       0.0    0.0
29      EUROSTX-LARGE         0       0.0    0.0
240           SMI-MID         0       0.0    0.0
247               JGB         0       0.0    0.0
28            EU-CHEM         0       0.0    0.0
218                IG         0       0.0    0.0
232            EURCAD         0       0.0    0.0
248           MILKDRY         0       0.0    0.0
249     EU-DJ-TELECOM         0       0.0    0.0
1              NASDAQ         0       0.0    0.0
44          GASOILINE         1       1.0    0.0
22        HEATOIL-ICE         0       0.0    0.0
236          EU-HOUSE         0       0.0    0.0


======================================================
       Overrides in database consider deleting        
======================================================

                                              override
SPI200        Override Reduce only because in database
VIX_mini      Override Reduce only because in database
VNKI          Override Reduce only because in database
OATIES        Override Reduce only because in database
MILKWET       Override Reduce only because in database
RICE          Override Reduce only because in database
CRUDE_W_mini  Override Reduce only because in database
INR           Override Reduce only because in database
FTSEINDO      Override Reduce only because in database
GAS_US_mini   Override Reduce only because in database
FTSECHINAH    Override Reduce only because in database
BRE           Override Reduce only because in database
HIGHYIELD     Override Reduce only because in database
LUMBER-new    Override Reduce only because in database
BUTTER        Override Reduce only because in database
COPPER-micro  Override Reduce only because in database
STEEL         Override Reduce only because in database
MSCISING      Override Reduce only because in database
COAL          Override Reduce only because in database
CHEESE        Override Reduce only because in database
HANG          Override Reduce only because in database
GAS-LAST      Override Reduce only because in database
WHEY          Override Reduce only because in database
CLP           Override Reduce only because in database
MSCITAIWAN    Override Reduce only because in database
SGX           Override Reduce only because in database
HANGENT       Override Reduce only because in database
IG            Override Reduce only because in database
FTSEVIET      Override Reduce only because in database
COPPER-mini   Override Reduce only because in database
NICKEL_LME          Override Close because in database

Locked instruments (position mismatch): []

==============================================
Status of adjusted price / FX price collection
==============================================

                         last_update
CHF*             2024-03-15 23:00:00
TWD              2024-03-18 23:00:00
SGX              2024-03-18 23:00:00
GAS-PEN          2024-03-19 23:00:00
COTTON           2024-03-19 23:00:00
CNH-onshore      2024-03-19 23:00:00
MSCIWORLD        2024-03-19 23:00:00
CLP              2024-03-19 23:00:00
CZK              2024-03-19 23:00:00
RUR              2024-03-19 23:00:00
ETHANOL          2024-03-19 23:00:00
SGD              2024-03-19 23:00:00
JGB-mini         2024-03-19 23:00:00
COAL-GEORDIE     2024-03-19 23:00:00
IRS              2024-03-19 23:00:00
HOUSE-US         2024-03-19 23:00:00
JGB              2024-03-19 23:00:00
OMX              2024-03-19 23:00:00
TIN_LME          2024-03-19 23:00:00
GASOILINE_micro  2024-03-19 23:00:00
BOVESPA          2024-03-19 23:00:00
VNKI             2024-03-19 23:00:00
GBPCHF           2024-03-19 23:00:00
BB3M             2024-03-19 23:00:00
SWISSLEAD        2024-03-19 23:00:00
TWD-mini         2024-03-19 23:00:00
JP-REALESTATE    2024-03-20 03:00:00
MSCITAIWAN       2024-03-20 05:00:00
KR3              2024-03-20 06:00:00
KOSPI_mini       2024-03-20 06:00:00
KOSPI            2024-03-20 06:00:00
KOSDAQ           2024-03-20 06:00:00
KR10             2024-03-20 06:00:00
FTSEVIET         2024-03-20 07:00:00
HANG             2024-03-20 08:00:00
HANGENT          2024-03-20 08:00:00
HANGENT_mini     2024-03-20 08:00:00
FTSECHINAH       2024-03-20 08:00:00
FTSEINDO         2024-03-20 08:00:00
HANG_mini        2024-03-20 08:00:00
HANGTECH         2024-03-20 08:00:00
SGD_mini         2024-03-20 08:00:00
CHINAA-CON       2024-03-20 08:00:00
SPI200           2024-03-20 09:00:00
RUBBER           2024-03-20 09:00:00
KRWUSD_mini      2024-03-20 10:00:00
TOPIX            2024-03-20 10:00:00
FTSECHINAA       2024-03-20 10:00:00
MUMMY            2024-03-20 10:00:00
IRON             2024-03-20 10:00:00
MSCISING         2024-03-20 10:00:00
NIKKEI*          2024-03-20 10:00:00
JGB-SGX-mini     2024-03-20 10:00:00
NIKKEI400        2024-03-20 10:00:00
FTSETAIWAN       2024-03-20 10:00:00
CNH              2024-03-20 10:15:00
NICKEL_LME       2024-03-20 11:00:00
AEX_mini         2024-03-20 11:00:00
EUROSTX-LARGE    2024-03-20 11:00:00
EUROSTX200-LARGE 2024-03-20 12:00:00
EURIBOR          2024-03-20 12:00:00
SMI-MID          2024-03-20 12:00:00
EU-CONSTRUCTION  2024-03-20 13:00:00
MILKWET          2024-03-20 13:30:00
SUGAR16          2024-03-20 14:00:00
HIGHYIELD        2024-03-20 14:00:00
EU-MID           2024-03-20 14:00:00
PLN              2024-03-20 14:00:00
LEAD_LME         2024-03-20 14:00:00
COPPER_LME       2024-03-20 14:00:00
ZINC_LME         2024-03-20 14:00:00
CH10             2024-03-20 14:00:00
IBEX_mini        2024-03-20 15:00:00
IBEX             2024-03-20 15:00:00
ALUMINIUM_LME    2024-03-20 15:00:00
SUGAR_WHITE      2024-03-20 15:00:00
FTSE250          2024-03-20 15:00:00
EUA              2024-03-20 15:00:00
HEATOIL-ICE      2024-03-20 15:00:00
WHEAT_ICE        2024-03-20 15:00:00
BRENT_W          2024-03-20 15:00:00
GILT             2024-03-20 15:00:00
BBCOMM           2024-03-20 15:00:00
BONO             2024-03-20 15:00:00
GASOILINE_ICE    2024-03-20 15:00:00
FTSE100          2024-03-20 15:00:00
EU-HOUSE         2024-03-20 15:00:00
EU-RETAIL        2024-03-20 15:00:00
ROBUSTA          2024-03-20 15:00:00
COAL             2024-03-20 15:00:00
CRUDE_ICE        2024-03-20 15:00:00
GASOIL           2024-03-20 15:00:00
DJSTX-SMALL      2024-03-20 15:00:00
MILLWHEAT*       2024-03-20 15:00:00
EPRA-EUROPE      2024-03-20 15:00:00
EU-TRAVEL        2024-03-20 15:00:00
MIB*             2024-03-20 15:00:00
SARONA           2024-03-20 15:00:00
EU-DJ-OIL        2024-03-20 15:00:00
EU-DJ-TELECOM    2024-03-20 15:00:00
SONIA3           2024-03-20 15:00:00
COCOA_LDN        2024-03-20 15:00:00
EU-INSURE        2024-03-20 15:00:00
EU-MEDIA         2024-03-20 15:00:00
EU-CHEM          2024-03-20 15:00:00
MSCIASIA         2024-03-20 15:00:00
SHATZ            2024-03-20 16:00:00
V2X              2024-03-20 16:00:00
SMI              2024-03-20 16:00:00
MILKDRY          2024-03-20 16:00:00
OAT              2024-03-20 16:00:00
SUGAR11          2024-03-20 16:00:00
AEX*             2024-03-20 16:00:00
EU-BANKS         2024-03-20 16:00:00
EU-TECH          2024-03-20 16:00:00
BOBL*            2024-03-20 16:00:00
EU-REALESTATE    2024-03-20 16:00:00
EURIBOR-ICE      2024-03-20 16:00:00
EU-BASIC         2024-03-20 16:00:00
EURO600          2024-03-20 16:00:00
BTP              2024-03-20 16:00:00
EUROSTX          2024-03-20 16:00:00
EUROSTX-SMALL    2024-03-20 16:00:00
BTP3             2024-03-20 16:00:00
BUND*            2024-03-20 16:00:00
EU-UTILS         2024-03-20 16:00:00
EU-OIL           2024-03-20 16:00:00
BUXL             2024-03-20 16:00:00
EU-HEALTH        2024-03-20 16:00:00
EU-FOOD          2024-03-20 16:00:00
EU-AUTO          2024-03-20 16:00:00
EU-DJ-UTIL       2024-03-20 16:00:00
EU-DJ-TECH       2024-03-20 16:00:00
EU-DIV30         2024-03-20 16:00:00
CAC              2024-03-20 16:00:00
DAX              2024-03-20 16:00:00
COFFEE           2024-03-20 17:00:00
COCOA*           2024-03-20 17:00:00
OJ               2024-03-20 17:00:00
KRWUSD           2024-03-20 18:00:00
REDWHEAT         2024-03-20 18:00:00
MSCIEMASIA       2024-03-20 18:00:00
COTTON2          2024-03-20 18:00:00
CORN_mini        2024-03-20 18:00:00
OATIES           2024-03-20 18:00:00
RICE             2024-03-20 18:00:00
CHFJPY           2024-03-20 18:00:00
SOYOIL           2024-03-20 18:00:00
SOYMEAL          2024-03-20 18:00:00
SOYBEAN_mini     2024-03-20 18:00:00
CANOLA           2024-03-20 18:00:00
SOYBEAN          2024-03-20 18:00:00
LIVECOW*         2024-03-20 18:00:00
CORN*            2024-03-20 18:00:00
LEANHOG          2024-03-20 18:00:00
FEEDCOW          2024-03-20 18:00:00
WHEAT            2024-03-20 18:00:00
ALUMINIUM        2024-03-20 18:00:00
WHEAT_mini       2024-03-20 18:00:00
IG               2024-03-20 18:00:00
CAD10            2024-03-20 19:00:00
STEEL            2024-03-20 19:00:00
BUTTER           2024-03-20 19:00:00
AUDJPY           2024-03-20 19:00:00
US-UTILS         2024-03-20 19:00:00
BRENT-LAST       2024-03-20 19:00:00
WHEY             2024-03-20 19:00:00
FANG             2024-03-20 19:00:00
EURCAD           2024-03-20 19:00:00
GICS             2024-03-20 19:00:00
GAS_US_mini*     2024-03-20 19:00:00
US-ENERGY        2024-03-20 19:00:00
CAD5             2024-03-20 19:00:00
US-STAPLES       2024-03-20 19:00:00
ETHER-micro      2024-03-20 19:00:00
US-REALESTATE    2024-03-20 19:00:00
US-PROPERTY      2024-03-20 19:00:00
US-DISCRETE      2024-03-20 19:00:00
R1000            2024-03-20 19:00:00
US-INDUSTRY      2024-03-20 19:00:00
US-HEALTH        2024-03-20 19:00:00
US-FINANCE       2024-03-20 19:00:00
US-MATERIAL      2024-03-20 19:00:00
AUD              2024-03-20 20:00:00
SP400            2024-03-20 20:00:00
ZAR              2024-03-20 20:00:00
YENEUR*          2024-03-20 20:00:00
SP500            2024-03-20 20:00:00
US10             2024-03-20 20:00:00
VIX_mini         2024-03-20 20:00:00
VIX*             2024-03-20 20:00:00
AUD_micro        2024-03-20 20:00:00
US30             2024-03-20 20:00:00
US3*             2024-03-20 20:00:00
BRE              2024-03-20 20:00:00
BITCOIN          2024-03-20 20:00:00
US20             2024-03-20 20:00:00
US2*             2024-03-20 20:00:00
US10U            2024-03-20 20:00:00
SOFR             2024-03-20 20:00:00
US-TECH          2024-03-20 20:00:00
SP500_micro*     2024-03-20 20:00:00
US5              2024-03-20 20:00:00
GASOILINE*       2024-03-20 20:00:00
SILVER           2024-03-20 20:00:00
MILK             2024-03-20 20:00:00
LUMBER-new       2024-03-20 20:00:00
ETHEREUM         2024-03-20 20:00:00
CAD              2024-03-20 20:00:00
JPY*             2024-03-20 20:00:00
INR              2024-03-20 20:00:00
EUR              2024-03-20 20:00:00
EURAUD           2024-03-20 20:00:00
EURCHF           2024-03-20 20:00:00
HEATOIL          2024-03-20 20:00:00
EUR_micro        2024-03-20 20:00:00
GOLD_micro*      2024-03-20 20:00:00
GOLD-mini        2024-03-20 20:00:00
GOLD             2024-03-20 20:00:00
EUR_mini         2024-03-20 20:00:00
GBP_micro        2024-03-20 20:00:00
GBPJPY           2024-03-20 20:00:00
GBPEUR           2024-03-20 20:00:00
GBP              2024-03-20 20:00:00
GAS_US           2024-03-20 20:00:00
FED              2024-03-20 20:00:00
DX*              2024-03-20 20:00:00
DOW_mini         2024-03-20 20:00:00
JPY_mini         2024-03-20 20:00:00
MSCIEAFA         2024-03-20 20:00:00
CAD2             2024-03-20 20:00:00
CAD_micro        2024-03-20 20:00:00
SEK              2024-03-20 20:00:00
CHEESE           2024-03-20 20:00:00
RUSSELL_mini     2024-03-20 20:00:00
DOW              2024-03-20 20:00:00
CHF_micro        2024-03-20 20:00:00
GAS-LAST         2024-03-20 20:00:00
PLAT             2024-03-20 20:00:00
PALLAD           2024-03-20 20:00:00
COPPER           2024-03-20 20:00:00
RUSSELL          2024-03-20 20:00:00
COPPER-micro     2024-03-20 20:00:00
NZD              2024-03-20 20:00:00
NOK              2024-03-20 20:00:00
COPPER-mini      2024-03-20 20:00:00
NASDAQ_micro*    2024-03-20 20:00:00
NASDAQ           2024-03-20 20:00:00
MXP*             2024-03-20 20:00:00
CRUDE_W          2024-03-20 20:00:00
CRUDE_W_micro    2024-03-20 20:00:00
CRUDE_W_mini     2024-03-20 20:00:00
JPYUSD           2024-03-20 23:00:00
CNHUSD           2024-03-20 23:00:00
AUDUSD           2024-03-20 23:00:00
KRWUSD           2024-03-20 23:00:00
CHFUSD           2024-03-20 23:00:00
HKDUSD           2024-03-20 23:00:00
MXPUSD           2024-03-20 23:00:00
SGDUSD           2024-03-20 23:00:00
GBPUSD           2024-03-20 23:00:00
CADUSD           2024-03-20 23:00:00
EURUSD           2024-03-20 23:00:00
SEKUSD           2024-03-20 23:00:00


============================================================
           Status of optimal position generation            
============================================================

                                                 last_update
dynamic_TF_carry/WHEAT            2024-03-20 22:31:23.248949
dynamic_TF_carry/LEANHOG          2024-03-20 22:31:23.249192
dynamic_TF_carry/HANG_mini        2024-03-20 22:31:23.249412
dynamic_TF_carry/CAD10            2024-03-20 22:31:23.249625
dynamic_TF_carry/EU-INSURE        2024-03-20 22:31:23.249834
dynamic_TF_carry/SOYMEAL          2024-03-20 22:31:23.250043
dynamic_TF_carry/NICKEL_LME       2024-03-20 22:31:23.250252
dynamic_TF_carry/US-REALESTATE    2024-03-20 22:31:23.250460
dynamic_TF_carry/KRWUSD_mini      2024-03-20 22:31:23.250670
dynamic_TF_carry/EU-BANKS         2024-03-20 22:31:23.250878
dynamic_TF_carry/PALLAD           2024-03-20 22:31:23.251294
dynamic_TF_carry/EU-MEDIA         2024-03-20 22:31:23.251502
dynamic_TF_carry/US10U            2024-03-20 22:31:23.251710
dynamic_TF_carry/R1000            2024-03-20 22:31:23.251916
dynamic_TF_carry/COCOA            2024-03-20 22:31:23.252124
dynamic_TF_carry/US-MATERIAL      2024-03-20 22:31:23.252330
dynamic_TF_carry/SOYBEAN          2024-03-20 22:31:23.252537
dynamic_TF_carry/RICE             2024-03-20 22:31:23.252742
dynamic_TF_carry/SHATZ            2024-03-20 22:31:23.252948
dynamic_TF_carry/COAL             2024-03-20 22:31:23.253157
dynamic_TF_carry/TWD              2024-03-20 22:31:23.253366
dynamic_TF_carry/GBPCHF           2024-03-20 22:31:23.253572
dynamic_TF_carry/SMI              2024-03-20 22:31:23.253777
dynamic_TF_carry/COAL-GEORDIE     2024-03-20 22:31:23.253984
dynamic_TF_carry/HEATOIL          2024-03-20 22:31:23.254190
dynamic_TF_carry/BUND             2024-03-20 22:31:23.254398
dynamic_TF_carry/CHF              2024-03-20 22:31:23.254605
dynamic_TF_carry/KR3              2024-03-20 22:31:23.254812
dynamic_TF_carry/BOVESPA          2024-03-20 22:31:23.255017
dynamic_TF_carry/SUGAR16          2024-03-20 22:31:23.255224
dynamic_TF_carry/CANOLA           2024-03-20 22:31:23.255429
dynamic_TF_carry/CAC              2024-03-20 22:31:23.255635
dynamic_TF_carry/US10             2024-03-20 22:31:23.255842
dynamic_TF_carry/COPPER-micro     2024-03-20 22:31:23.256048
dynamic_TF_carry/US-ENERGY        2024-03-20 22:31:23.256253
dynamic_TF_carry/EU-DJ-UTIL       2024-03-20 22:31:23.256459
dynamic_TF_carry/GAS_US_mini      2024-03-20 22:31:23.256663
dynamic_TF_carry/CHFJPY           2024-03-20 22:31:23.256869
dynamic_TF_carry/BUTTER           2024-03-20 22:31:23.257074
dynamic_TF_carry/FTSE100          2024-03-20 22:31:23.257283
dynamic_TF_carry/BOBL             2024-03-20 22:31:23.257695
dynamic_TF_carry/WHEAT_ICE        2024-03-20 22:31:23.257901
dynamic_TF_carry/EU-TECH          2024-03-20 22:31:23.258106
dynamic_TF_carry/CAD5             2024-03-20 22:31:23.258312
dynamic_TF_carry/YENEUR           2024-03-20 22:31:23.258518
dynamic_TF_carry/CRUDE_ICE        2024-03-20 22:31:23.258724
dynamic_TF_carry/FTSEVIET         2024-03-20 22:31:23.258930
dynamic_TF_carry/EU-DJ-TELECOM    2024-03-20 22:31:23.259135
dynamic_TF_carry/OMX              2024-03-20 22:31:23.259341
dynamic_TF_carry/US3              2024-03-20 22:31:23.259546
dynamic_TF_carry/BONO             2024-03-20 22:31:23.259751
dynamic_TF_carry/EU-BASIC         2024-03-20 22:31:23.259957
dynamic_TF_carry/EU-MID           2024-03-20 22:31:23.260163
dynamic_TF_carry/MSCIASIA         2024-03-20 22:31:23.260369
dynamic_TF_carry/NOK              2024-03-20 22:31:23.260780
dynamic_TF_carry/GBP              2024-03-20 22:31:23.261192
dynamic_TF_carry/EU-CONSTRUCTION  2024-03-20 22:31:23.261399
dynamic_TF_carry/CAD              2024-03-20 22:31:23.261604
dynamic_TF_carry/COFFEE           2024-03-20 22:31:23.261810
dynamic_TF_carry/SOYBEAN_mini     2024-03-20 22:31:23.262015
dynamic_TF_carry/EUROSTX          2024-03-20 22:31:23.262221
dynamic_TF_carry/MSCITAIWAN       2024-03-20 22:31:23.262427
dynamic_TF_carry/COCOA_LDN        2024-03-20 22:31:23.262632
dynamic_TF_carry/FANG             2024-03-20 22:31:23.262838
dynamic_TF_carry/FTSEINDO         2024-03-20 22:31:23.263044
dynamic_TF_carry/CAD2             2024-03-20 22:31:23.263248
dynamic_TF_carry/US2              2024-03-20 22:31:23.263453
dynamic_TF_carry/GASOIL           2024-03-20 22:31:23.263659
dynamic_TF_carry/ETHANOL          2024-03-20 22:31:23.263865
dynamic_TF_carry/KOSDAQ           2024-03-20 22:31:23.264069
dynamic_TF_carry/CH10             2024-03-20 22:31:23.264275
dynamic_TF_carry/ROBUSTA          2024-03-20 22:31:23.264480
dynamic_TF_carry/EU-DIV30         2024-03-20 22:31:23.264686
dynamic_TF_carry/GBPEUR           2024-03-20 22:31:23.264893
dynamic_TF_carry/EUROSTX-LARGE    2024-03-20 22:31:23.265098
dynamic_TF_carry/COPPER           2024-03-20 22:31:23.265306
dynamic_TF_carry/US5              2024-03-20 22:31:23.265512
dynamic_TF_carry/V2X              2024-03-20 22:31:23.265720
dynamic_TF_carry/GILT             2024-03-20 22:31:23.265925
dynamic_TF_carry/HIGHYIELD        2024-03-20 22:31:23.266131
dynamic_TF_carry/BRENT_W          2024-03-20 22:31:23.266337
dynamic_TF_carry/US-TECH          2024-03-20 22:31:23.266542
dynamic_TF_carry/IBEX_mini        2024-03-20 22:31:23.266747
dynamic_TF_carry/TIN_LME          2024-03-20 22:31:23.266953
dynamic_TF_carry/PLN              2024-03-20 22:31:23.267364
dynamic_TF_carry/US-DISCRETE      2024-03-20 22:31:23.267571
dynamic_TF_carry/MSCIWORLD        2024-03-20 22:31:23.267776
dynamic_TF_carry/EU-HEALTH        2024-03-20 22:31:23.267982
dynamic_TF_carry/KR10             2024-03-20 22:31:23.268188
dynamic_TF_carry/HANGENT_mini     2024-03-20 22:31:23.268395
dynamic_TF_carry/KOSPI_mini       2024-03-20 22:31:23.268601
dynamic_TF_carry/FTSECHINAA       2024-03-20 22:31:23.268807
dynamic_TF_carry/LUMBER-new       2024-03-20 22:31:23.269014
dynamic_TF_carry/EURO600          2024-03-20 22:31:23.269222
dynamic_TF_carry/SEK              2024-03-20 22:31:23.269429
dynamic_TF_carry/IG               2024-03-20 22:31:23.269634
dynamic_TF_carry/US-STAPLES       2024-03-20 22:31:23.269841
dynamic_TF_carry/SP500_micro      2024-03-20 22:31:23.270048
dynamic_TF_carry/FTSE250          2024-03-20 22:31:23.270254
dynamic_TF_carry/JP-REALESTATE    2024-03-20 22:31:23.270460
dynamic_TF_carry/EU-TRAVEL        2024-03-20 22:31:23.270666
dynamic_TF_carry/EURAUD           2024-03-20 22:31:23.270870
dynamic_TF_carry/SONIA3           2024-03-20 22:31:23.271076
dynamic_TF_carry/AUD              2024-03-20 22:31:23.271282
dynamic_TF_carry/GAS-PEN          2024-03-20 22:31:23.271490
dynamic_TF_carry/EURCHF           2024-03-20 22:31:23.271698
dynamic_TF_carry/MILK             2024-03-20 22:31:23.271907
dynamic_TF_carry/MILKWET          2024-03-20 22:31:23.272114
dynamic_TF_carry/SARONA           2024-03-20 22:31:23.272321
dynamic_TF_carry/EU-FOOD          2024-03-20 22:31:23.272529
dynamic_TF_carry/EU-CHEM          2024-03-20 22:31:23.272736
dynamic_TF_carry/EUA              2024-03-20 22:31:23.272942
dynamic_TF_carry/CHINAA-CON       2024-03-20 22:31:23.273151
dynamic_TF_carry/CLP              2024-03-20 22:31:23.273359
dynamic_TF_carry/FTSETAIWAN       2024-03-20 22:31:23.273566
dynamic_TF_carry/US-HEALTH        2024-03-20 22:31:23.273773
dynamic_TF_carry/SGD              2024-03-20 22:31:23.273979
dynamic_TF_carry/VNKI             2024-03-20 22:31:23.274186
dynamic_TF_carry/LIVECOW          2024-03-20 22:31:23.274392
dynamic_TF_carry/ETHEREUM         2024-03-20 22:31:23.274597
dynamic_TF_carry/FED              2024-03-20 22:31:23.274804
dynamic_TF_carry/SP400            2024-03-20 22:31:23.275011
dynamic_TF_carry/US-UTILS         2024-03-20 22:31:23.275218
dynamic_TF_carry/CHEESE           2024-03-20 22:31:23.275425
dynamic_TF_carry/MUMMY            2024-03-20 22:31:23.275631
dynamic_TF_carry/US-PROPERTY      2024-03-20 22:31:23.275839
dynamic_TF_carry/SUGAR_WHITE      2024-03-20 22:31:23.276045
dynamic_TF_carry/COTTON2          2024-03-20 22:31:23.276251
dynamic_TF_carry/NIKKEI           2024-03-20 22:31:23.276458
dynamic_TF_carry/COTTON           2024-03-20 22:31:23.276665
dynamic_TF_carry/OATIES           2024-03-20 22:31:23.276870
dynamic_TF_carry/CORN             2024-03-20 22:31:23.277076
dynamic_TF_carry/US20             2024-03-20 22:31:23.277285
dynamic_TF_carry/BRENT-LAST       2024-03-20 22:31:23.277492
dynamic_TF_carry/EPRA-EUROPE      2024-03-20 22:31:23.277698
dynamic_TF_carry/EU-REALESTATE    2024-03-20 22:31:23.277903
dynamic_TF_carry/TOPIX            2024-03-20 22:31:23.278108
dynamic_TF_carry/GOLD_micro       2024-03-20 22:31:23.278313
dynamic_TF_carry/STEEL            2024-03-20 22:31:23.278559
dynamic_TF_carry/EUR              2024-03-20 22:31:23.278766
dynamic_TF_carry/MSCIEMASIA       2024-03-20 22:31:23.278973
dynamic_TF_carry/EURIBOR          2024-03-20 22:31:23.279180
dynamic_TF_carry/IRS              2024-03-20 22:31:23.279385
dynamic_TF_carry/AEX              2024-03-20 22:31:23.279591
dynamic_TF_carry/IRON             2024-03-20 22:31:23.279797
dynamic_TF_carry/ALUMINIUM        2024-03-20 22:31:23.280005
dynamic_TF_carry/SPI200           2024-03-20 22:31:23.280211
dynamic_TF_carry/EU-AUTO          2024-03-20 22:31:23.280417
dynamic_TF_carry/RUBBER           2024-03-20 22:31:23.280624
dynamic_TF_carry/EU-RETAIL        2024-03-20 22:31:23.280832
dynamic_TF_carry/BB3M             2024-03-20 22:31:23.281038
dynamic_TF_carry/BTP3             2024-03-20 22:31:23.281247
dynamic_TF_carry/HOUSE-US         2024-03-20 22:31:23.281452
dynamic_TF_carry/EU-UTILS         2024-03-20 22:31:23.281657
dynamic_TF_carry/OAT              2024-03-20 22:31:23.281862
dynamic_TF_carry/OJ               2024-03-20 22:31:23.282071
dynamic_TF_carry/SILVER           2024-03-20 22:31:23.282279
dynamic_TF_carry/MILLWHEAT        2024-03-20 22:31:23.282485
dynamic_TF_carry/AUD_micro        2024-03-20 22:31:23.282693
dynamic_TF_carry/BBCOMM           2024-03-20 22:31:23.282899
dynamic_TF_carry/MIB              2024-03-20 22:31:23.283104
dynamic_TF_carry/BUXL             2024-03-20 22:31:23.283310
dynamic_TF_carry/SMI-MID          2024-03-20 22:31:23.283516
dynamic_TF_carry/AUDJPY           2024-03-20 22:31:23.283723
dynamic_TF_carry/US-FINANCE       2024-03-20 22:31:23.283930
dynamic_TF_carry/DJSTX-SMALL      2024-03-20 22:31:23.284136
dynamic_TF_carry/SOFR             2024-03-20 22:31:23.284342
dynamic_TF_carry/US30             2024-03-20 22:31:23.284549
dynamic_TF_carry/SUGAR11          2024-03-20 22:31:23.284756
dynamic_TF_carry/MXP              2024-03-20 22:31:23.284963
dynamic_TF_carry/FTSECHINAH       2024-03-20 22:31:23.285172
dynamic_TF_carry/MSCIEAFA         2024-03-20 22:31:23.285380
dynamic_TF_carry/REDWHEAT         2024-03-20 22:31:23.285586
dynamic_TF_carry/JGB-SGX-mini     2024-03-20 22:31:23.285999
dynamic_TF_carry/NIKKEI400        2024-03-20 22:31:23.286206
dynamic_TF_carry/INR              2024-03-20 22:31:23.286412
dynamic_TF_carry/BTP              2024-03-20 22:31:23.286616
dynamic_TF_carry/GASOILINE        2024-03-20 22:31:23.286823
dynamic_TF_carry/FEEDCOW          2024-03-20 22:31:23.287030
dynamic_TF_carry/EUROSTX-SMALL    2024-03-20 22:31:23.287236
dynamic_TF_carry/LEAD_LME         2024-03-20 22:31:23.287441
dynamic_TF_carry/GBPJPY           2024-03-20 22:31:23.287646
dynamic_TF_carry/BRE              2024-03-20 22:31:23.287852
dynamic_TF_carry/JGB              2024-03-20 22:31:23.288059
dynamic_TF_carry/MSCISING         2024-03-20 22:31:23.288265
dynamic_TF_carry/BITCOIN          2024-03-20 22:31:23.288471
dynamic_TF_carry/EUROSTX200-LARGE 2024-03-20 22:31:23.288678
dynamic_TF_carry/GAS-LAST         2024-03-20 22:31:23.288883
dynamic_TF_carry/US-INDUSTRY      2024-03-20 22:31:23.289090
dynamic_TF_carry/ZAR              2024-03-20 22:31:23.289300
dynamic_TF_carry/SWISSLEAD        2024-03-20 22:31:23.289506
dynamic_TF_carry/KRWUSD           2024-03-20 22:31:23.289712
dynamic_TF_carry/EURIBOR-ICE      2024-03-20 22:31:23.289917
dynamic_TF_carry/COPPER_LME       2024-03-20 22:31:23.290124
dynamic_TF_carry/MILKDRY          2024-03-20 22:31:23.290330
dynamic_TF_carry/CNH              2024-03-20 22:31:23.290745
dynamic_TF_carry/HANGTECH         2024-03-20 22:31:23.290954
dynamic_TF_carry/KOSPI            2024-03-20 22:31:23.291161
dynamic_TF_carry/EU-HOUSE         2024-03-20 22:31:23.291369
dynamic_TF_carry/JPY              2024-03-20 22:31:23.291575
dynamic_TF_carry/CRUDE_W_mini     2024-03-20 22:31:23.291783
dynamic_TF_carry/GICS             2024-03-20 22:31:23.291989
dynamic_TF_carry/NASDAQ_micro     2024-03-20 22:31:23.292196
dynamic_TF_carry/SOYOIL           2024-03-20 22:31:23.292404
dynamic_TF_carry/DX               2024-03-20 22:31:23.292611
dynamic_TF_carry/VIX              2024-03-20 22:31:23.292818
dynamic_TF_carry/EUR_micro        2024-03-20 22:31:23.293024
dynamic_TF_carry/EURCAD           2024-03-20 22:31:23.293234
dynamic_TF_carry/RUSSELL          2024-03-20 22:31:23.293441
dynamic_TF_carry/DAX              2024-03-20 22:31:23.293648
dynamic_TF_carry/NZD              2024-03-20 22:31:23.293857
dynamic_TF_carry/PLAT             2024-03-20 22:31:23.294064
dynamic_TF_carry/SGX              2024-03-20 22:31:23.294271
dynamic_TF_carry/RUR              2024-03-20 22:31:23.294478
dynamic_TF_carry/DOW              2024-03-20 22:31:23.294686
dynamic_TF_carry/CRUDE_W_micro    2024-03-20 22:31:23.294894
dynamic_TF_carry/WHEY             2024-03-20 22:31:23.295102
dynamic_TF_carry/EU-OIL           2024-03-20 22:31:23.295309
dynamic_TF_carry/ZINC_LME         2024-03-20 22:31:23.295516
dynamic_TF_carry/CZK              2024-03-20 22:31:23.295724


======================================================================================================================
                                                Status of trade limits                                                
======================================================================================================================

                   period_days  trade_limit  trades_since_last_reset  trade_capacity_remaining   time_since_last_reset
 DX                          1            4                      2.0                       2.0  0 days 08:46:17.701578
 YENEUR                     30            4                      1.0                       3.0 15 days 07:56:16.487242
 CAC                         1            4                      1.0                       3.0  0 days 12:32:23.255907
 US5                        30            4                      1.0                       3.0  1 days 05:06:03.492115
 US5                        14            4                      1.0                       3.0  1 days 05:06:03.491257
 BUND                        1            4                      1.0                       3.0  0 days 12:30:32.202981
 BUND                       14            4                      1.0                       3.0  0 days 12:30:32.201297
 BUND                       30            4                      1.0                       3.0  0 days 12:30:32.201986
 CAC                        14            4                      1.0                       3.0  0 days 12:32:23.253367
 MXP                         1            4                      1.0                       3.0  0 days 07:50:34.881825
 COTTON                      1            4                      0.0                       4.0  0 days 00:00:00.000001
 BUTTER                      1            4                      0.0                       4.0  0 days 00:00:00.000001
 EU-REALESTATE               1            4                      0.0                       4.0  0 days 00:00:00.000002
 CH10                        1            4                      0.0                       4.0  0 days 00:00:00.000002
 CLP                         1            4                      0.0                       4.0  0 days 00:00:00.000001
 EU-MID                      1            4                      0.0                       4.0  0 days 00:00:00.000001
 EU-MEDIA                    1            4                      0.0                       4.0  0 days 00:00:00.000002
 EU-HOUSE                    1            4                      0.0                       4.0  0 days 00:00:00.000001
 EU-DJ-UTIL                  1            4                      0.0                       4.0  0 days 00:00:00.000002
 EU-DJ-TELECOM               1            4                      0.0                       4.0  0 days 00:00:00.000002
 EU-DJ-TECH                  1            4                      0.0                       4.0  0 days 00:00:00.000002
 EU-DJ-OIL                   1            4                      0.0                       4.0  0 days 00:00:00.000002
 CNH-onshore                 1            4                      0.0                       4.0  0 days 00:00:00.000002
 ETHANOL                     1            4                      0.0                       4.0  0 days 00:00:00.000001
 COPPER-mini                 1            4                      0.0                       4.0  0 days 00:00:00.000002
 CZK                         1            4                      0.0                       4.0  0 days 00:00:00.000002
 EU-CONSTRUCTION             1            4                      0.0                       4.0  0 days 00:00:00.000001
 EURIBOR                     1            4                      0.0                       4.0  0 days 00:00:00.000002
 EUROSTX-LARGE               1            4                      0.0                       4.0  0 days 00:00:00.000001
 US-MATERIAL                 1            4                      0.0                       4.0  0 days 00:00:00.000002
 US-INDUSTRY                 1            4                      0.0                       4.0  0 days 00:00:00.000002
 US-HEALTH                   1            4                      0.0                       4.0  0 days 00:00:00.000001
 US-FINANCE                  1            4                      0.0                       4.0  0 days 00:00:00.000002
 US-ENERGY                   1            4                      0.0                       4.0  0 days 00:00:00.000001
 US-DISCRETE                 1            4                      0.0                       4.0  0 days 00:00:00.000002
 SMI-MID                     1            4                      0.0                       4.0  0 days 00:00:00.000002
 SGX                         1            4                      0.0                       4.0  0 days 00:00:00.000001
 SGD                         1            4                      0.0                       4.0  0 days 00:00:00.000002
 EURCHF                      1            4                      0.0                       4.0  0 days 00:00:00.000001
 OMX                         1            4                      0.0                       4.0  0 days 00:00:00.000001
 MILKWET                     1            4                      0.0                       4.0  0 days 00:00:00.000002
 MILKDRY                     1            4                      0.0                       4.0  0 days 00:00:00.000001
 MID-DAX                     1            4                      0.0                       4.0  0 days 00:00:00.000002
 JP-REALESTATE               1            4                      0.0                       4.0  0 days 00:00:00.000001
 JGB-SGX-mini                1            4                      0.0                       4.0  0 days 00:00:00.000002
 IRS                         1            4                      0.0                       4.0  0 days 00:00:00.000001
 FTSEINDO                    1            4                      0.0                       4.0  0 days 00:00:00.000002
 EUROSTX200-LARGE            1            4                      0.0                       4.0  0 days 00:00:00.000001
 EUROSTX-SMALL               1            4                      0.0                       4.0  0 days 00:00:00.000002
 MSCIASIA                    1            4                      0.0                       4.0  0 days 00:00:00.000001
 BOVESPA                     1            4                      0.0                       4.0  0 days 00:00:00.000002
 CORN                        1            4                      0.0                       4.0  0 days 00:00:00.000003
 ALUMINIUM                   1            4                      0.0                       4.0  0 days 00:00:00.000002
 R1000                      14            4                      0.0                       4.0  0 days 00:00:00.000001
 NOK                        14            4                      0.0                       4.0  0 days 00:00:00.000001
 ZAR                         1            4                      0.0                       4.0  0 days 00:00:00.000001
 KRWUSD                     14            4                      0.0                       4.0  0 days 00:00:00.000001
 JGB                        14            4                      0.0                       4.0  0 days 00:00:00.000002
 HEATOIL                    14            4                      0.0                       4.0  0 days 00:00:00.000001
 GBPEUR                     14            4                      0.0                       4.0  0 days 00:00:00.000002
 GAS-LAST                   14            4                      0.0                       4.0  0 days 00:00:00.000001
 FTSETAIWAN                 14            4                      0.0                       4.0  2 days 21:11:19.499806
 REDWHEAT                   14            4                      0.0                       4.0  0 days 00:00:00.000002
 EU-TECH                    14            4                      0.0                       4.0  0 days 00:00:00.000002
 ETHEREUM                   14            4                      0.0                       4.0  0 days 00:00:00.000002
 CNH                        14            4                      0.0                       4.0  0 days 00:00:00.000001
 BUXL                       14            4                      0.0                       4.0  0 days 00:00:00.000001
 BTP3                       14            4                      0.0                       4.0  0 days 00:00:00.000002
 BRENT-LAST                 14            4                      0.0                       4.0  0 days 00:00:00.000001
 BONO                       14            4                      0.0                       4.0  0 days 00:00:00.000002
 YENEUR                      1            4                      0.0                       4.0  0 days 00:00:00.000002
 US3                         1            4                      0.0                       4.0  0 days 00:00:00.000001
 US10U                       1            4                      0.0                       4.0  0 days 00:00:00.000002
 EU-CHEM                    14            4                      0.0                       4.0  0 days 00:00:00.000001
 BEL20                       1            4                      0.0                       4.0  0 days 00:00:00.000001
 SEK                        14            4                      0.0                       4.0  0 days 00:00:00.000002
 US10U                      14            4                      0.0                       4.0  0 days 00:00:00.000001
