
********************************************************************************
                   Status report produced on 07/05/2026 22:57                   
********************************************************************************


Delayed methods: No delays

============================
Delayed adjusted / FX prices
============================

               last_update
SGX    2026-03-02 23:00:02
KRWUSD 2026-04-27 23:00:00


===============================================
           Delayed optimal positions           
===============================================

                                    last_update
dynamic_TF_carry/SGX 2024-12-02 22:31:28.544775

Instruments at trade limit: No constraints

================================================
         Instruments at position limit          
================================================

                 keys  position pos_limit  spare
145         SWISSLEAD         0       0.0    0.0
102            EURCHF         0       0.0    0.0
104               SEK         0       0.0    0.0
54        COPPER-mini         0       0.0    0.0
53             NASDAQ         0       0.0    0.0
211            COTTON         0       0.0    0.0
51          HIGHYIELD         0       0.0    0.0
50            BOVESPA         0       0.0    0.0
105             R1000         0       0.0    0.0
48             EURCAD         0       0.0    0.0
110               PLN         0       0.0    0.0
173               SGX         0       0.0    0.0
84            GAS-PEN        -1       1.0    0.0
41                 IG         0       0.0    0.0
114           TIN_LME         0       0.0    0.0
39                OMX         0       0.0    0.0
207         AUD_micro         5       5.0    0.0
38           AEX_mini         0       0.0    0.0
204        EU-DJ-TECH         0       0.0    0.0
99                NOK         0       0.0    0.0
83                TWD         0       0.0    0.0
82       COAL-GEORDIE         0       0.0    0.0
87            SMI-MID         0       0.0    0.0
80           TWD-mini         0       0.0    0.0
79    EU-CONSTRUCTION         0       0.0    0.0
190          JGB-mini         0       0.0    0.0
76          GASOILINE         1       1.0    0.0
75           HOUSE-US         0       0.0    0.0
191          EU-MEDIA         0       0.0    0.0
90         COPPER_LME         0       0.0    0.0
92             KRWUSD         0       0.0    0.0
70             PALLAD         0       0.0    0.0
69            EU-CHEM         0       0.0    0.0
67            MILKDRY         0       0.0    0.0
97             CHFJPY         0       0.0    0.0
61         MSCIEMASIA         1       1.0    0.0
37                IRS         0       0.0    0.0
216          ETHEREUM         0       0.0    0.0
35      EUROSTX-LARGE         0       0.0    0.0
1           EU-TRAVEL         0       0.0    0.0
3              EURAUD         0       0.0    0.0
4           CHF_micro         0       0.0    0.0
5               SP400         0       0.0    0.0
238            GBPJPY         0       0.0    0.0
7         CNH-onshore         0       0.0    0.0
235               JGB         0       0.0    0.0
11        EPRA-EUROPE         0       0.0    0.0
233              VNKI         0       0.0    0.0
132         EU-RETAIL         0       0.0    0.0
129              CH10         0       0.0    0.0
18           SGD_mini         0       0.0    0.0
127               CLP         0       0.0    0.0
21             BUTTER         0       0.0    0.0
22                CZK         0       0.0    0.0
17           JPY_mini         0       0.0    0.0
223              WHEY         0       0.0    0.0
116   GASOILINE_micro         0       0.0    0.0
33            MILKWET         0       0.0    0.0
117            AUDJPY         0       0.0    0.0
169             STEEL         0       0.0    0.0
30                MIB         1       1.0    0.0
29           EU-HOUSE         0       0.0    0.0
23   EUROSTX200-LARGE         0       0.0    0.0
219       HEATOIL-ICE         0       0.0    0.0
85               GICS         0       0.0    0.0
168     EU-DJ-TELECOM         0       0.0    0.0
165              COAL         0       0.0    0.0


=========================================================
         Overrides in database consider deleting         
=========================================================

                                                 override
NICKEL_LME             Override Close because in database
MILKDRY          Override Reduce only because in database
VNKI             Override Reduce only because in database
GOLD-mini        Override Reduce only because in database
VIX_mini         Override Reduce only because in database
GAS_US_mini      Override Reduce only because in database
OATIES           Override Reduce only because in database
RICE             Override Reduce only because in database
IBEX             Override Reduce only because in database
GICS             Override Reduce only because in database
STEEL            Override Reduce only because in database
IBEX_mini        Override Reduce only because in database
SGD              Override Reduce only because in database
CNH-onshore      Override Reduce only because in database
TWD-mini         Override Reduce only because in database
CHINAA-CON       Override Reduce only because in database
CRUDE_W_mini     Override Reduce only because in database
CAC              Override Reduce only because in database
COAL             Override Reduce only because in database
GASOILINE_micro  Override Reduce only because in database
KRWUSD           Override Reduce only because in database
AEX              Override Reduce only because in database
AEX_mini         Override Reduce only because in database
KOSPI_mini       Override Reduce only because in database

Locked instruments (position mismatch): []

==============================================
Status of adjusted price / FX price collection
==============================================

                         last_update
SGX              2026-03-02 23:00:02
KRWUSD           2026-04-27 23:00:00
CNH-onshore      2026-05-04 23:00:00
CZK              2026-05-06 23:00:00
IRS              2026-05-06 23:00:00
SMI-MID          2026-05-06 23:00:00
EU-DJ-TELECOM    2026-05-06 23:00:00
SGD_mini         2026-05-06 23:00:00
SGD              2026-05-06 23:00:00
CHFJPY           2026-05-06 23:00:00
MILKWET          2026-05-06 23:00:00
EPRA-EUROPE      2026-05-06 23:00:00
CLP              2026-05-06 23:00:00
MSCIWORLD        2026-05-06 23:00:00
COTTON           2026-05-06 23:00:00
COAL-GEORDIE     2026-05-06 23:00:00
COCOA            2026-05-06 23:00:00
SP500_micro      2026-05-06 23:00:00
OMX              2026-05-06 23:00:00
COPPER-micro     2026-05-06 23:00:00
BUTTER           2026-05-06 23:00:00
HOUSE-US         2026-05-06 23:00:00
TIN_LME          2026-05-06 23:00:00
GAS-PEN*         2026-05-06 23:00:00
GASOILINE_micro  2026-05-06 23:00:00
AUDJPY           2026-05-06 23:00:00
BOVESPA          2026-05-06 23:00:00
SUGAR16          2026-05-06 23:00:00
TWD-mini         2026-05-06 23:00:00
GICS             2026-05-06 23:00:00
VNKI             2026-05-06 23:00:00
GBPCHF           2026-05-06 23:00:00
JGB-mini         2026-05-07 02:00:00
TWD              2026-05-07 02:00:00
FTSEINDO         2026-05-07 03:00:00
HANG             2026-05-07 04:00:00
HANGENT          2026-05-07 04:00:00
HANGENT_mini     2026-05-07 04:00:00
HANG_mini        2026-05-07 04:00:00
JP-REALESTATE    2026-05-07 04:00:00
IRON             2026-05-07 04:00:00
HANGTECH         2026-05-07 04:00:00
RUBBER*          2026-05-07 04:00:00
SPI200           2026-05-07 04:00:00
FTSECHINAH       2026-05-07 05:00:00
FTSECHINAA       2026-05-07 05:00:00
TOPIX            2026-05-07 05:00:00
JGB              2026-05-07 05:00:00
JGB-SGX-mini     2026-05-07 05:00:00
KOSDAQ           2026-05-07 05:00:00
KOSPI            2026-05-07 05:00:00
KOSPI_mini       2026-05-07 05:00:00
KR10*            2026-05-07 05:00:00
KR3              2026-05-07 05:00:00
KRWUSD_mini      2026-05-07 05:00:00
CHINAA-CON       2026-05-07 05:00:00
FTSEVIET         2026-05-07 05:00:00
MSCISING         2026-05-07 05:00:00
MSCITAIWAN       2026-05-07 05:00:00
FTSETAIWAN       2026-05-07 05:00:00
CNH              2026-05-07 05:00:00
MUMMY*           2026-05-07 05:00:00
NIKKEI400        2026-05-07 05:00:00
NIKKEI           2026-05-07 05:00:00
SWISSLEAD        2026-05-07 08:00:00
EUROSTX200-LARGE 2026-05-07 10:00:00
EUROSTX-LARGE    2026-05-07 13:00:00
GBPJPY           2026-05-07 14:30:00
MILLWHEAT        2026-05-07 15:00:00
GILT             2026-05-07 15:00:00
EURIBOR          2026-05-07 15:00:00
EURIBOR-ICE      2026-05-07 15:00:00
EUROSTX-SMALL    2026-05-07 15:00:00
GASOILINE_ICE    2026-05-07 15:00:00
ZINC_LME         2026-05-07 15:00:00
GASOIL           2026-05-07 15:00:00
ALUMINIUM_LME    2026-05-07 15:00:00
FTSE100          2026-05-07 15:00:00
FTSE250          2026-05-07 15:00:00
COPPER_LME       2026-05-07 15:00:00
COCOA_LDN        2026-05-07 15:00:00
AEX_mini         2026-05-07 15:00:00
WHEAT_ICE        2026-05-07 15:00:00
BONO             2026-05-07 15:00:00
HEATOIL-ICE      2026-05-07 15:00:00
COAL             2026-05-07 15:00:00
SARONA           2026-05-07 15:00:00
MIB*             2026-05-07 15:00:00
LEAD_LME         2026-05-07 15:00:00
NICKEL_LME       2026-05-07 15:00:00
CRUDE_ICE        2026-05-07 15:00:00
CH10             2026-05-07 15:00:00
EU-DJ-UTIL       2026-05-07 15:00:00
BRENT_W          2026-05-07 15:00:00
SONIA3           2026-05-07 15:00:00
EU-MID           2026-05-07 15:00:00
IBEX_mini        2026-05-07 15:00:00
IBEX             2026-05-07 15:00:00
SUGAR_WHITE      2026-05-07 15:00:00
EU-TECH          2026-05-07 15:00:00
MSCIASIA         2026-05-07 15:00:00
EUA              2026-05-07 15:00:00
ROBUSTA          2026-05-07 15:00:00
SMI              2026-05-07 16:00:00
SHATZ            2026-05-07 16:00:00
V2X*             2026-05-07 16:00:00
OAT              2026-05-07 16:00:00
AEX              2026-05-07 16:00:00
EU-AUTO          2026-05-07 16:00:00
EU-REALESTATE    2026-05-07 16:00:00
EU-RETAIL        2026-05-07 16:00:00
BUND             2026-05-07 16:00:00
EU-TRAVEL        2026-05-07 16:00:00
EU-MEDIA         2026-05-07 16:00:00
EU-UTILS         2026-05-07 16:00:00
EU-INSURE        2026-05-07 16:00:00
EU-HOUSE         2026-05-07 16:00:00
EU-HEALTH        2026-05-07 16:00:00
EU-FOOD          2026-05-07 16:00:00
EU-DJ-TECH       2026-05-07 16:00:00
EU-OIL*          2026-05-07 16:00:00
CAC              2026-05-07 16:00:00
EURO600          2026-05-07 16:00:00
BTP*             2026-05-07 16:00:00
EUROSTX          2026-05-07 16:00:00
EU-DJ-OIL        2026-05-07 16:00:00
EU-DIV30         2026-05-07 16:00:00
EU-CONSTRUCTION  2026-05-07 16:00:00
EU-CHEM          2026-05-07 16:00:00
EU-BASIC*        2026-05-07 16:00:00
EU-BANKS         2026-05-07 16:00:00
DAX*             2026-05-07 16:00:00
BOBL             2026-05-07 16:00:00
BTP3             2026-05-07 16:00:00
BUXL             2026-05-07 16:00:00
SUGAR11          2026-05-07 17:00:00
KRWUSD           2026-05-07 17:00:00
HIGHYIELD        2026-05-07 18:00:00
OJ               2026-05-07 18:00:00
PLN              2026-05-07 18:00:00
COFFEE           2026-05-07 18:00:00
COTTON2          2026-05-07 19:00:00
US-HEALTH        2026-05-07 19:00:00
CANOLA*          2026-05-07 19:00:00
CAD10            2026-05-07 19:00:00
SOYBEAN          2026-05-07 19:00:00
SOYBEAN_mini     2026-05-07 19:00:00
SOYMEAL          2026-05-07 19:00:00
SOYOIL           2026-05-07 19:00:00
RICE             2026-05-07 19:00:00
REDWHEAT         2026-05-07 19:00:00
GAS-LAST         2026-05-07 19:00:00
COPPER-mini      2026-05-07 19:00:00
OATIES           2026-05-07 19:00:00
CORN*            2026-05-07 19:00:00
CORN_mini        2026-05-07 19:00:00
ETHER-micro      2026-05-07 19:00:00
MILKDRY          2026-05-07 19:00:00
FEEDCOW          2026-05-07 19:00:00
CAD5             2026-05-07 19:00:00
EURAUD           2026-05-07 19:00:00
BBCOMM           2026-05-07 19:00:00
WHEAT            2026-05-07 19:00:00
WHEAT_mini       2026-05-07 19:00:00
VIX_mini         2026-05-07 19:00:00
FANG             2026-05-07 19:00:00
WHEY             2026-05-07 19:00:00
ALUMINIUM        2026-05-07 19:00:00
LIVECOW*         2026-05-07 19:00:00
LUMBER-new       2026-05-07 19:00:00
LEANHOG*         2026-05-07 19:00:00
ZAR              2026-05-07 20:00:00
YENEUR*          2026-05-07 20:00:00
AUD              2026-05-07 20:00:00
SP400            2026-05-07 20:00:00
SP500            2026-05-07 20:00:00
AUD_micro*       2026-05-07 20:00:00
CAD*             2026-05-07 20:00:00
SOFR             2026-05-07 20:00:00
VIX              2026-05-07 20:00:00
US-REALESTATE    2026-05-07 20:00:00
US5              2026-05-07 20:00:00
US-INDUSTRY      2026-05-07 20:00:00
US-ENERGY        2026-05-07 20:00:00
US-DISCRETE      2026-05-07 20:00:00
CAD2             2026-05-07 20:00:00
BRE              2026-05-07 20:00:00
BRENT-LAST       2026-05-07 20:00:00
US-STAPLES       2026-05-07 20:00:00
US-UTILS         2026-05-07 20:00:00
US10             2026-05-07 20:00:00
US10U            2026-05-07 20:00:00
US2              2026-05-07 20:00:00
US20             2026-05-07 20:00:00
US3              2026-05-07 20:00:00
STEEL            2026-05-07 20:00:00
US-MATERIAL      2026-05-07 20:00:00
BITCOIN*         2026-05-07 20:00:00
US30             2026-05-07 20:00:00
PLAT             2026-05-07 20:00:00
CAD_micro        2026-05-07 20:00:00
JPY_mini         2026-05-07 20:00:00
JPY*             2026-05-07 20:00:00
INR              2026-05-07 20:00:00
SILVER           2026-05-07 20:00:00
HEATOIL          2026-05-07 20:00:00
EUR              2026-05-07 20:00:00
EURCAD           2026-05-07 20:00:00
GOLD_micro       2026-05-07 20:00:00
GOLD-mini        2026-05-07 20:00:00
ETHEREUM         2026-05-07 20:00:00
GOLD             2026-05-07 20:00:00
GBP_micro        2026-05-07 20:00:00
GBPEUR           2026-05-07 20:00:00
EUR_micro*       2026-05-07 20:00:00
GBP*             2026-05-07 20:00:00
GAS_US_mini      2026-05-07 20:00:00
GAS_US           2026-05-07 20:00:00
EUR_mini         2026-05-07 20:00:00
GASOILINE*       2026-05-07 20:00:00
FED              2026-05-07 20:00:00
EURCHF           2026-05-07 20:00:00
MILK             2026-05-07 20:00:00
IG               2026-05-07 20:00:00
DOW_mini         2026-05-07 20:00:00
CHEESE           2026-05-07 20:00:00
CHF*             2026-05-07 20:00:00
SEK              2026-05-07 20:00:00
CHF_micro        2026-05-07 20:00:00
RUSSELL_mini     2026-05-07 20:00:00
DX               2026-05-07 20:00:00
COPPER           2026-05-07 20:00:00
R1000            2026-05-07 20:00:00
PALLAD           2026-05-07 20:00:00
NZD*             2026-05-07 20:00:00
RUSSELL*         2026-05-07 20:00:00
CRUDE_W          2026-05-07 20:00:00
NASDAQ_micro     2026-05-07 20:00:00
NASDAQ           2026-05-07 20:00:00
MXP*             2026-05-07 20:00:00
CRUDE_W_micro*   2026-05-07 20:00:00
CRUDE_W_mini     2026-05-07 20:00:00
DOW*             2026-05-07 20:00:00
MSCIEMASIA*      2026-05-07 20:00:00
NOK              2026-05-07 20:00:00
MSCIEAFA         2026-05-07 20:00:00
JPYUSD           2026-05-07 23:00:00
CNHUSD           2026-05-07 23:00:00
AUDUSD           2026-05-07 23:00:00
CHFUSD           2026-05-07 23:00:00
GBPUSD           2026-05-07 23:00:00
MXPUSD           2026-05-07 23:00:00
SGDUSD           2026-05-07 23:00:00
HKDUSD           2026-05-07 23:00:00
CADUSD           2026-05-07 23:00:00
EURUSD           2026-05-07 23:00:00
SEKUSD           2026-05-07 23:00:00


============================================================
           Status of optimal position generation            
============================================================

                                                 last_update
dynamic_TF_carry/SGX              2024-12-02 22:31:28.544775
dynamic_TF_carry/FTSE250          2026-05-07 22:31:33.983798
dynamic_TF_carry/HANG_mini        2026-05-07 22:31:33.984032
dynamic_TF_carry/MXP              2026-05-07 22:31:33.984245
dynamic_TF_carry/US20             2026-05-07 22:31:33.984664
dynamic_TF_carry/EU-DJ-UTIL       2026-05-07 22:31:33.984872
dynamic_TF_carry/COFFEE           2026-05-07 22:31:33.985079
dynamic_TF_carry/IG               2026-05-07 22:31:33.985285
dynamic_TF_carry/ETHEREUM         2026-05-07 22:31:33.985491
dynamic_TF_carry/GICS             2026-05-07 22:31:33.985698
dynamic_TF_carry/SGD              2026-05-07 22:31:33.985905
dynamic_TF_carry/SUGAR11          2026-05-07 22:31:33.986111
dynamic_TF_carry/SEK              2026-05-07 22:31:33.986318
dynamic_TF_carry/EU-CHEM          2026-05-07 22:31:33.986523
dynamic_TF_carry/COPPER           2026-05-07 22:31:33.986728
dynamic_TF_carry/NZD              2026-05-07 22:31:33.987138
dynamic_TF_carry/JPY              2026-05-07 22:31:33.987344
dynamic_TF_carry/CANOLA           2026-05-07 22:31:33.987755
dynamic_TF_carry/CRUDE_W_micro    2026-05-07 22:31:33.987961
dynamic_TF_carry/CHF              2026-05-07 22:31:33.988170
dynamic_TF_carry/MSCISING         2026-05-07 22:31:33.988376
dynamic_TF_carry/INR              2026-05-07 22:31:33.988581
dynamic_TF_carry/WHEAT_ICE        2026-05-07 22:31:33.988785
dynamic_TF_carry/TOPIX            2026-05-07 22:31:33.988989
dynamic_TF_carry/EU-MID           2026-05-07 22:31:33.989193
dynamic_TF_carry/KRWUSD_mini      2026-05-07 22:31:33.989398
dynamic_TF_carry/R1000            2026-05-07 22:31:33.989602
dynamic_TF_carry/SP400            2026-05-07 22:31:33.989806
dynamic_TF_carry/RICE             2026-05-07 22:31:33.990010
dynamic_TF_carry/LEANHOG          2026-05-07 22:31:33.990214
dynamic_TF_carry/EUR_micro        2026-05-07 22:31:33.990418
dynamic_TF_carry/US3              2026-05-07 22:31:33.990622
dynamic_TF_carry/EU-HEALTH        2026-05-07 22:31:33.990826
dynamic_TF_carry/BONO             2026-05-07 22:31:33.991030
dynamic_TF_carry/SONIA3           2026-05-07 22:31:33.991235
dynamic_TF_carry/MSCIASIA         2026-05-07 22:31:33.991439
dynamic_TF_carry/NOK              2026-05-07 22:31:33.991646
dynamic_TF_carry/BOVESPA          2026-05-07 22:31:33.991852
dynamic_TF_carry/EURCAD           2026-05-07 22:31:33.992060
dynamic_TF_carry/MILKWET          2026-05-07 22:31:33.992265
dynamic_TF_carry/FEEDCOW          2026-05-07 22:31:33.992469
dynamic_TF_carry/CAD10            2026-05-07 22:31:33.992675
dynamic_TF_carry/KOSPI            2026-05-07 22:31:33.992880
dynamic_TF_carry/OATIES           2026-05-07 22:31:33.993085
dynamic_TF_carry/RUSSELL          2026-05-07 22:31:33.993289
dynamic_TF_carry/SUGAR_WHITE      2026-05-07 22:31:33.993494
dynamic_TF_carry/ZINC_LME         2026-05-07 22:31:33.993699
dynamic_TF_carry/BUTTER           2026-05-07 22:31:33.993904
dynamic_TF_carry/EU-CONSTRUCTION  2026-05-07 22:31:33.994107
dynamic_TF_carry/REDWHEAT         2026-05-07 22:31:33.994311
dynamic_TF_carry/LEAD_LME         2026-05-07 22:31:33.994516
dynamic_TF_carry/COAL             2026-05-07 22:31:33.994719
dynamic_TF_carry/COPPER-micro     2026-05-07 22:31:33.994925
dynamic_TF_carry/US-INDUSTRY      2026-05-07 22:31:33.995129
dynamic_TF_carry/BOBL             2026-05-07 22:31:33.995334
dynamic_TF_carry/CRUDE_W_mini     2026-05-07 22:31:33.995538
dynamic_TF_carry/EU-REALESTATE    2026-05-07 22:31:33.995742
dynamic_TF_carry/CORN             2026-05-07 22:31:33.995946
dynamic_TF_carry/US-DISCRETE      2026-05-07 22:31:33.996154
dynamic_TF_carry/FTSECHINAH       2026-05-07 22:31:33.996358
dynamic_TF_carry/COTTON           2026-05-07 22:31:33.996563
dynamic_TF_carry/EU-AUTO          2026-05-07 22:31:33.996768
dynamic_TF_carry/KOSPI_mini       2026-05-07 22:31:33.997177
dynamic_TF_carry/FTSEVIET         2026-05-07 22:31:33.997382
dynamic_TF_carry/JGB-SGX-mini     2026-05-07 22:31:33.997586
dynamic_TF_carry/LUMBER-new       2026-05-07 22:31:33.997995
dynamic_TF_carry/SPI200           2026-05-07 22:31:33.998201
dynamic_TF_carry/EU-INSURE        2026-05-07 22:31:33.998406
dynamic_TF_carry/SWISSLEAD        2026-05-07 22:31:33.998611
dynamic_TF_carry/KR3              2026-05-07 22:31:33.998818
dynamic_TF_carry/MSCIEMASIA       2026-05-07 22:31:33.999022
dynamic_TF_carry/SP500_micro      2026-05-07 22:31:33.999227
dynamic_TF_carry/EU-MEDIA         2026-05-07 22:31:33.999433
dynamic_TF_carry/MIB              2026-05-07 22:31:33.999637
dynamic_TF_carry/US10             2026-05-07 22:31:33.999843
dynamic_TF_carry/WHEY             2026-05-07 22:31:34.000051
dynamic_TF_carry/TIN_LME          2026-05-07 22:31:34.000257
dynamic_TF_carry/OJ               2026-05-07 22:31:34.000463
dynamic_TF_carry/PALLAD           2026-05-07 22:31:34.000668
dynamic_TF_carry/US10U            2026-05-07 22:31:34.000874
dynamic_TF_carry/MSCITAIWAN       2026-05-07 22:31:34.001079
dynamic_TF_carry/SHATZ            2026-05-07 22:31:34.001287
dynamic_TF_carry/IBEX_mini        2026-05-07 22:31:34.001493
dynamic_TF_carry/YENEUR           2026-05-07 22:31:34.001905
dynamic_TF_carry/US-UTILS         2026-05-07 22:31:34.002110
dynamic_TF_carry/BRE              2026-05-07 22:31:34.002520
dynamic_TF_carry/GBP              2026-05-07 22:31:34.002726
dynamic_TF_carry/ROBUSTA          2026-05-07 22:31:34.002932
dynamic_TF_carry/EU-TRAVEL        2026-05-07 22:31:34.003138
dynamic_TF_carry/KR10             2026-05-07 22:31:34.003343
dynamic_TF_carry/KRWUSD           2026-05-07 22:31:34.003549
dynamic_TF_carry/GBPEUR           2026-05-07 22:31:34.003753
dynamic_TF_carry/EUROSTX-SMALL    2026-05-07 22:31:34.003959
dynamic_TF_carry/MILK             2026-05-07 22:31:34.004167
dynamic_TF_carry/NIKKEI           2026-05-07 22:31:34.004372
dynamic_TF_carry/BBCOMM           2026-05-07 22:31:34.004578
dynamic_TF_carry/VNKI             2026-05-07 22:31:34.004989
dynamic_TF_carry/DX               2026-05-07 22:31:34.005194
dynamic_TF_carry/VIX              2026-05-07 22:31:34.005401
dynamic_TF_carry/EURO600          2026-05-07 22:31:34.005607
dynamic_TF_carry/NIKKEI400        2026-05-07 22:31:34.005814
dynamic_TF_carry/US2              2026-05-07 22:31:34.006019
dynamic_TF_carry/WHEAT            2026-05-07 22:31:34.006226
dynamic_TF_carry/IRON             2026-05-07 22:31:34.006433
dynamic_TF_carry/EU-RETAIL        2026-05-07 22:31:34.006639
dynamic_TF_carry/SILVER           2026-05-07 22:31:34.006844
dynamic_TF_carry/LIVECOW          2026-05-07 22:31:34.007049
dynamic_TF_carry/DOW              2026-05-07 22:31:34.007255
dynamic_TF_carry/CAD              2026-05-07 22:31:34.007461
dynamic_TF_carry/STEEL            2026-05-07 22:31:34.007667
dynamic_TF_carry/HIGHYIELD        2026-05-07 22:31:34.007871
dynamic_TF_carry/DAX              2026-05-07 22:31:34.008079
dynamic_TF_carry/AUD              2026-05-07 22:31:34.008490
dynamic_TF_carry/MUMMY            2026-05-07 22:31:34.008695
dynamic_TF_carry/US-REALESTATE    2026-05-07 22:31:34.008900
dynamic_TF_carry/JP-REALESTATE    2026-05-07 22:31:34.009105
dynamic_TF_carry/V2X              2026-05-07 22:31:34.009309
dynamic_TF_carry/COTTON2          2026-05-07 22:31:34.009514
dynamic_TF_carry/CHEESE           2026-05-07 22:31:34.009719
dynamic_TF_carry/FTSE100          2026-05-07 22:31:34.009924
dynamic_TF_carry/COCOA_LDN        2026-05-07 22:31:34.010130
dynamic_TF_carry/EU-BASIC         2026-05-07 22:31:34.010336
dynamic_TF_carry/CZK              2026-05-07 22:31:34.010544
dynamic_TF_carry/EUROSTX200-LARGE 2026-05-07 22:31:34.010749
dynamic_TF_carry/EU-HOUSE         2026-05-07 22:31:34.010956
dynamic_TF_carry/EU-UTILS         2026-05-07 22:31:34.011163
dynamic_TF_carry/GAS-LAST         2026-05-07 22:31:34.011368
dynamic_TF_carry/CH10             2026-05-07 22:31:34.011574
dynamic_TF_carry/NASDAQ_micro     2026-05-07 22:31:34.011779
dynamic_TF_carry/EURIBOR-ICE      2026-05-07 22:31:34.011984
dynamic_TF_carry/PLAT             2026-05-07 22:31:34.012193
dynamic_TF_carry/GASOILINE        2026-05-07 22:31:34.012399
dynamic_TF_carry/SOYMEAL          2026-05-07 22:31:34.012604
dynamic_TF_carry/CRUDE_ICE        2026-05-07 22:31:34.012809
dynamic_TF_carry/US-MATERIAL      2026-05-07 22:31:34.013014
dynamic_TF_carry/BITCOIN          2026-05-07 22:31:34.013219
dynamic_TF_carry/EU-BANKS         2026-05-07 22:31:34.013426
dynamic_TF_carry/EU-DJ-TELECOM    2026-05-07 22:31:34.013632
dynamic_TF_carry/BRENT_W          2026-05-07 22:31:34.013837
dynamic_TF_carry/HANGENT_mini     2026-05-07 22:31:34.014043
dynamic_TF_carry/CAC              2026-05-07 22:31:34.014250
dynamic_TF_carry/CLP              2026-05-07 22:31:34.014455
dynamic_TF_carry/IRS              2026-05-07 22:31:34.014661
dynamic_TF_carry/FED              2026-05-07 22:31:34.014867
dynamic_TF_carry/EUR              2026-05-07 22:31:34.015279
dynamic_TF_carry/CNH              2026-05-07 22:31:34.015485
dynamic_TF_carry/FANG             2026-05-07 22:31:34.015691
dynamic_TF_carry/SARONA           2026-05-07 22:31:34.015898
dynamic_TF_carry/US-HEALTH        2026-05-07 22:31:34.016107
dynamic_TF_carry/FTSECHINAA       2026-05-07 22:31:34.016314
dynamic_TF_carry/AUD_micro        2026-05-07 22:31:34.016520
dynamic_TF_carry/HEATOIL          2026-05-07 22:31:34.016932
dynamic_TF_carry/HOUSE-US         2026-05-07 22:31:34.017138
dynamic_TF_carry/EU-FOOD          2026-05-07 22:31:34.017343
dynamic_TF_carry/NICKEL_LME       2026-05-07 22:31:34.017549
dynamic_TF_carry/BTP              2026-05-07 22:31:34.017755
dynamic_TF_carry/MILKDRY          2026-05-07 22:31:34.017960
dynamic_TF_carry/BUND             2026-05-07 22:31:34.018167
dynamic_TF_carry/GAS-PEN          2026-05-07 22:31:34.018579
dynamic_TF_carry/EURIBOR          2026-05-07 22:31:34.018784
dynamic_TF_carry/SOFR             2026-05-07 22:31:34.018989
dynamic_TF_carry/EUROSTX-LARGE    2026-05-07 22:31:34.019195
dynamic_TF_carry/AUDJPY           2026-05-07 22:31:34.019400
dynamic_TF_carry/CHINAA-CON       2026-05-07 22:31:34.019607
dynamic_TF_carry/US30             2026-05-07 22:31:34.019813
dynamic_TF_carry/COCOA            2026-05-07 22:31:34.020023
dynamic_TF_carry/JGB              2026-05-07 22:31:34.020230
dynamic_TF_carry/SMI-MID          2026-05-07 22:31:34.020644
dynamic_TF_carry/ZAR              2026-05-07 22:31:34.020851
dynamic_TF_carry/GOLD_micro       2026-05-07 22:31:34.021059
dynamic_TF_carry/EU-DIV30         2026-05-07 22:31:34.021265
dynamic_TF_carry/PLN              2026-05-07 22:31:34.021472
dynamic_TF_carry/SOYBEAN          2026-05-07 22:31:34.021678
dynamic_TF_carry/US-ENERGY        2026-05-07 22:31:34.021885
dynamic_TF_carry/SOYOIL           2026-05-07 22:31:34.022091
dynamic_TF_carry/MSCIWORLD        2026-05-07 22:31:34.022298
dynamic_TF_carry/CAD2             2026-05-07 22:31:34.022504
dynamic_TF_carry/BUXL             2026-05-07 22:31:34.022711
dynamic_TF_carry/FTSETAIWAN       2026-05-07 22:31:34.022917
dynamic_TF_carry/KOSDAQ           2026-05-07 22:31:34.023123
dynamic_TF_carry/COAL-GEORDIE     2026-05-07 22:31:34.023330
dynamic_TF_carry/EU-TECH          2026-05-07 22:31:34.023536
dynamic_TF_carry/CHFJPY           2026-05-07 22:31:34.023743
dynamic_TF_carry/MSCIEAFA         2026-05-07 22:31:34.023949
dynamic_TF_carry/COPPER_LME       2026-05-07 22:31:34.024158
dynamic_TF_carry/EPRA-EUROPE      2026-05-07 22:31:34.024365
dynamic_TF_carry/CAD5             2026-05-07 22:31:34.024573
dynamic_TF_carry/SMI              2026-05-07 22:31:34.024780
dynamic_TF_carry/SUGAR16          2026-05-07 22:31:34.024987
dynamic_TF_carry/ALUMINIUM        2026-05-07 22:31:34.025196
dynamic_TF_carry/SOYBEAN_mini     2026-05-07 22:31:34.025405
dynamic_TF_carry/GILT             2026-05-07 22:31:34.025612
dynamic_TF_carry/FTSEINDO         2026-05-07 22:31:34.025819
dynamic_TF_carry/HANGTECH         2026-05-07 22:31:34.026026
dynamic_TF_carry/GBPJPY           2026-05-07 22:31:34.026233
dynamic_TF_carry/GBPCHF           2026-05-07 22:31:34.026440
dynamic_TF_carry/TWD              2026-05-07 22:31:34.026646
dynamic_TF_carry/EURCHF           2026-05-07 22:31:34.026852
dynamic_TF_carry/OMX              2026-05-07 22:31:34.027060
dynamic_TF_carry/US5              2026-05-07 22:31:34.027266
dynamic_TF_carry/EU-OIL           2026-05-07 22:31:34.027472
dynamic_TF_carry/US-STAPLES       2026-05-07 22:31:34.027680
dynamic_TF_carry/EUA              2026-05-07 22:31:34.027886
dynamic_TF_carry/BRENT-LAST       2026-05-07 22:31:34.028099
dynamic_TF_carry/OAT              2026-05-07 22:31:34.028306
dynamic_TF_carry/EUROSTX          2026-05-07 22:31:34.028511
dynamic_TF_carry/RUBBER           2026-05-07 22:31:34.028717
dynamic_TF_carry/GASOIL           2026-05-07 22:31:34.028923
dynamic_TF_carry/MILLWHEAT        2026-05-07 22:31:34.029129
dynamic_TF_carry/EURAUD           2026-05-07 22:31:34.029335
dynamic_TF_carry/BTP3             2026-05-07 22:31:34.029748
dynamic_TF_carry/GAS_US_mini      2026-05-07 22:31:34.029953
dynamic_TF_carry/AEX              2026-05-07 22:31:34.030160


======================================================================================================================
                                                Status of trade limits                                                
======================================================================================================================

                   period_days  trade_limit  trades_since_last_reset  trade_capacity_remaining   time_since_last_reset
 JPY                        14            4                      2.0                       2.0  9 days 07:57:06.069986
 CAD                        14            4                      1.0                       3.0  9 days 07:57:26.478863
 JPY                        30            5                      2.0                       3.0  9 days 07:57:06.070474
 NZD                        14            5                      2.0                       3.0  9 days 07:57:02.240027
 EU-MEDIA                    1            4                      0.0                       4.0  0 days 00:00:00.000001
 EU-HOUSE                    1            4                      0.0                       4.0  0 days 00:00:00.000002
 EU-DJ-UTIL                  1            4                      0.0                       4.0  0 days 00:00:00.000002
 EU-DJ-TELECOM               1            4                      0.0                       4.0  0 days 00:00:00.000001
 EU-DJ-TECH                  1            4                      0.0                       4.0  0 days 00:00:00.000002
 EU-DJ-OIL                   1            4                      0.0                       4.0  0 days 00:00:00.000002
 EU-CONSTRUCTION             1            4                      0.0                       4.0  0 days 00:00:00.000002
 CZK                         1            4                      0.0                       4.0  0 days 00:00:00.000002
 CORN                        1            4                      0.0                       4.0  0 days 00:00:00.000003
 EU-MID                      1            4                      0.0                       4.0  0 days 00:00:00.000002
 CNH-onshore                 1            4                      0.0                       4.0  0 days 00:00:00.000002
 CLP                         1            4                      0.0                       4.0  0 days 00:00:00.000001
 CH10                        1            4                      0.0                       4.0  0 days 00:00:00.000002
 BUTTER                      1            4                      0.0                       4.0  0 days 00:00:00.000002
 BOVESPA                     1            4                      0.0                       4.0  0 days 00:00:00.000002
 BEL20                       1            4                      0.0                       4.0  0 days 00:00:00.000002
 ALUMINIUM                   1            4                      0.0                       4.0  0 days 00:00:00.000001
 YENEUR                     30            4                      0.0                       4.0  2 days 07:58:00.536895
 COTTON                      1            4                      0.0                       4.0  0 days 00:00:00.000002
 COPPER-mini                 1            4                      0.0                       4.0  0 days 00:00:00.000001
 EU-REALESTATE               1            4                      0.0                       4.0  0 days 00:00:00.000001
 EURCHF                      1            4                      0.0                       4.0  0 days 00:00:00.000002
 US-HEALTH                   1            4                      0.0                       4.0  0 days 00:00:00.000002
 US-ENERGY                   1            4                      0.0                       4.0  0 days 00:00:00.000002
 US-DISCRETE                 1            4                      0.0                       4.0  0 days 00:00:00.000002
 SMI-MID                     1            4                      0.0                       4.0  0 days 00:00:00.000001
 SGX                         1            4                      0.0                       4.0  0 days 00:00:00.000002
 SGD                         1            4                      0.0                       4.0  0 days 00:00:00.000002
 OMX                         1            4                      0.0                       4.0  0 days 00:00:00.000001
 MSCIASIA                    1            4                      0.0                       4.0  0 days 00:00:00.000002
 MILKWET                     1            4                      0.0                       4.0  0 days 00:00:00.000001
 MILKDRY                     1            4                      0.0                       4.0  0 days 00:00:00.000002
 MID-DAX                     1            4                      0.0                       4.0  0 days 00:00:00.000002
 JP-REALESTATE               1            4                      0.0                       4.0  0 days 00:00:00.000001
 JGB-SGX-mini                1            4                      0.0                       4.0  0 days 00:00:00.000002
 IRS                         1            4                      0.0                       4.0  0 days 00:00:00.000001
 FTSEINDO                    1            4                      0.0                       4.0  0 days 00:00:00.000002
 EUROSTX200-LARGE            1            4                      0.0                       4.0  0 days 00:00:00.000001
 EUROSTX-SMALL               1            4                      0.0                       4.0  0 days 00:00:00.000002
 EUROSTX-LARGE               1            4                      0.0                       4.0  0 days 00:00:00.000002
 EURIBOR                     1            4                      0.0                       4.0  0 days 00:00:00.000001
 US30                       30            4                      0.0                       4.0  0 days 00:00:00.000002
 US3                        30            4                      0.0                       4.0  0 days 00:00:00.000002
 US10U                      30            4                      0.0                       4.0  0 days 00:00:00.000002
 SP400                      30            4                      0.0                       4.0  0 days 00:00:00.000001
 HEATOIL                    14            4                      0.0                       4.0  0 days 00:00:00.000002
 GBPEUR                     14            4                      0.0                       4.0  0 days 00:00:00.000002
 GAS-LAST                   14            4                      0.0                       4.0  0 days 00:00:00.000002
 FTSETAIWAN                 14            4                      0.0                       4.0  0 days 00:00:00.000002
 EU-TECH                    14            4                      0.0                       4.0  0 days 00:00:00.000002
 EU-CHEM                    14            4                      0.0                       4.0  0 days 00:00:00.000001
 ETHEREUM                   14            4                      0.0                       4.0  0 days 00:00:00.000002
 CNH                        14            4                      0.0                       4.0  0 days 00:00:00.000001
 BUXL                       14            4                      0.0                       4.0  0 days 00:00:00.000002
 BTP3                       14            4                      0.0                       4.0  0 days 00:00:00.000001
 BRENT-LAST                 14            4                      0.0                       4.0  0 days 00:00:00.000002
 BONO                       14            4                      0.0                       4.0  0 days 00:00:00.000001
 YENEUR                      1            4                      0.0                       4.0  0 days 00:00:00.000002
 US3                         1            4                      0.0                       4.0  0 days 00:00:00.000002
 US10U                       1            4                      0.0                       4.0  0 days 00:00:00.000002
 US-REALESTATE               1            4                      0.0                       4.0  0 days 00:00:00.000001
 TOPIX                       1            4                      0.0                       4.0  0 days 00:00:00.000002
 SP400                       1            4                      0.0                       4.0  0 days 00:00:00.000001
 SEK                         1            4                      0.0                       4.0  0 days 00:00:00.000002
 JGB                        14            4                      0.0                       4.0  0 days 00:00:00.000001
 ZAR                         1            4                      0.0                       4.0  0 days 00:00:00.000002
 NOK                        14            4                      0.0                       4.0  0 days 00:00:00.000002
 R1000                      14            4                      0.0                       4.0  0 days 00:00:00.000002
 SEK                        30            4                      0.0                       4.0  0 days 00:00:00.000002
 NOK                        30            4                      0.0                       4.0  0 days 00:00:00.000002
 JGB                        30            4                      0.0                       4.0  0 days 00:00:00.000001
 HEATOIL                    30            4                      0.0                       4.0  0 days 00:00:00.000001
 GBPEUR                     30            4                      0.0                       4.0  0 days 00:00:00.000001
 GASOILINE                  30            4                      0.0                       4.0  0 days 00:00:00.000001
 GAS-LAST                   30            4                      0.0                       4.0  0 days 00:00:00.000002
 ETHEREUM                   30            4                      0.0                       4.0  0 days 00:00:00.000002
 CHF                        30            4                      0.0                       4.0  7 days 07:57:49.502627
 US-INDUSTRY                 1            4                      0.0                       4.0  0 days 00:00:00.000002
 BUXL                       30            4                      0.0                       4.0  0 days 00:00:00.000002
 BRENT-LAST                 30            4                      0.0                       4.0  0 days 00:00:00.000002
 BONO                       30            4                      0.0                       4.0  0 days 00:00:00.000002
 YENEUR                     14            4                      0.0                       4.0  2 days 07:58:00.538582
 US30                       14            4                      0.0                       4.0  0 days 00:00:00.000001
 US3                        14            4                      0.0                       4.0  0 days 00:00:00.000002
 US10U                      14            4                      0.0                       4.0  0 days 00:00:00.000002
 SP400                      14            4                      0.0                       4.0  0 days 00:00:00.000001
