
********************************************************************************
                   Status report produced on 06/02/2025 22:56                   
********************************************************************************


Delayed methods: No delays
Delayed adjusted / FX prices: No delays

===============================================
           Delayed optimal positions           
===============================================

                                    last_update
dynamic_TF_carry/SGX 2024-12-02 22:31:28.544775

Instruments at trade limit: No constraints

================================================
         Instruments at position limit          
================================================

                 keys  position pos_limit  spare
123               SGX         0       0.0    0.0
176               PLN         0       0.0    0.0
179                IG         0       0.0    0.0
186       COPPER-mini         0       0.0    0.0
189              WHEY         0       0.0    0.0
193              CH10         0       0.0    0.0
82         COPPER_LME         0       0.0    0.0
194            COTTON         0       0.0    0.0
76           EU-HOUSE         0       0.0    0.0
175           MILKWET         0       0.0    0.0
198          ETHEREUM         0       0.0    0.0
72            EU-CHEM         0       0.0    0.0
200         CHF_micro         0       0.0    0.0
144               TWD         0       0.0    0.0
205      COAL-GEORDIE         0       0.0    0.0
207               CZK         0       0.0    0.0
64           JGB-mini         0       0.0    0.0
208               SEK         0       0.0    0.0
54               GICS         0       0.0    0.0
73            ETHANOL         0       0.0    0.0
95      EUROSTX-LARGE         0       0.0    0.0
98                NOK         0       0.0    0.0
99          HIGHYIELD         0       0.0    0.0
138          SGD_mini         0       0.0    0.0
145            KRWUSD         0       0.0    0.0
135             R1000         0       0.0    0.0
132          TWD-mini         0       0.0    0.0
157           MILKDRY         0       0.0    0.0
129            CHFJPY         0       0.0    0.0
128            EURAUD         0       0.0    0.0
127               CLP         0       0.0    0.0
126               MIB         1       1.0    0.0
246           SMI-MID         0       0.0    0.0
158          HOUSE-US         0       0.0    0.0
121               OMX         0       0.0    0.0
118       CNH-onshore         0       0.0    0.0
163   EU-CONSTRUCTION         0       0.0    0.0
165          EU-MEDIA         0       0.0    0.0
108               RUR         0       0.0    0.0
107               IRS         0       0.0    0.0
105         EU-TRAVEL         0       0.0    0.0
172        EU-DJ-TECH         0       0.0    0.0
211  EUROSTX200-LARGE         0       0.0    0.0
44             EURCAD         0       0.0    0.0
201          AEX_mini         0       0.0    0.0
31          SWISSLEAD         0       0.0    0.0
232            GBPJPY         0       0.0    0.0
4              PALLAD         0       0.0    0.0
242            EURCHF         0       0.0    0.0
225            BUTTER         0       0.0    0.0
223           BOVESPA         0       0.0    0.0
243            NASDAQ         0       0.0    0.0
234     EU-DJ-TELECOM         0       0.0    0.0
37               COAL         0       0.0    0.0
39               US30        -1       1.0    0.0
235         EU-RETAIL         0       0.0    0.0
24               VNKI         0       0.0    0.0
236          JPY_mini         0       0.0    0.0
3     GASOILINE_micro         0       0.0    0.0
13        EPRA-EUROPE         0       0.0    0.0
239             SP400         0       0.0    0.0
245            AUDJPY         0       0.0    0.0
15             COFFEE         1       1.0    0.0
41              STEEL         0       0.0    0.0
7                 JGB         0       0.0    0.0
14            TIN_LME         0       0.0    0.0
42        HEATOIL-ICE         0       0.0    0.0


=========================================================
         Overrides in database consider deleting         
=========================================================

                                                 override
NICKEL_LME             Override Close because in database
OATIES           Override Reduce only because in database
EURIBOR          Override Reduce only because in database
ETHANOL          Override Reduce only because in database
COPPER-mini      Override Reduce only because in database
VNKI             Override Reduce only because in database
VIX_mini         Override Reduce only because in database
STEEL            Override Reduce only because in database
BOVESPA          Override Reduce only because in database
GICS             Override Reduce only because in database
CRUDE_W_mini     Override Reduce only because in database
TWD              Override Reduce only because in database
IBEX_mini        Override Reduce only because in database
IBEX             Override Reduce only because in database
WHEAT_mini       Override Reduce only because in database
CORN_mini        Override Reduce only because in database
COAL-GEORDIE     Override Reduce only because in database
GASOILINE_micro  Override Reduce only because in database

Locked instruments (position mismatch): []

==============================================
Status of adjusted price / FX price collection
==============================================

                         last_update
SGX              2025-02-03 23:00:00
TWD              2025-02-03 23:00:00
MILKWET          2025-02-04 23:00:00
CHFJPY           2025-02-04 23:00:00
GASOILINE_micro  2025-02-04 23:00:00
CLP              2025-02-04 23:00:00
HOUSE-US         2025-02-04 23:00:00
GAS-PEN          2025-02-04 23:00:00
RUR              2025-02-04 23:00:00
COTTON           2025-02-04 23:00:00
IRS              2025-02-04 23:00:00
OMX              2025-02-04 23:00:00
SWISSLEAD        2025-02-04 23:00:00
BOVESPA          2025-02-04 23:00:00
MSCIEMASIA       2025-02-04 23:00:00
CZK              2025-02-04 23:00:00
ETHANOL          2025-02-04 23:00:00
SMI-MID          2025-02-04 23:00:00
TIN_LME          2025-02-04 23:00:00
GBPCHF           2025-02-04 23:00:00
AEX_mini         2025-02-05 07:00:00
EUROSTX-LARGE    2025-02-05 09:00:00
LEAD_LME         2025-02-05 09:00:00
EU-RETAIL        2025-02-05 09:00:00
EUROSTX-SMALL    2025-02-05 12:00:00
MSCIWORLD        2025-02-05 12:00:00
ZINC_LME         2025-02-05 14:00:00
COAL-GEORDIE     2025-02-05 14:00:00
EU-HOUSE         2025-02-05 14:00:00
NICKEL_LME       2025-02-05 14:00:00
ALUMINIUM_LME    2025-02-05 14:00:00
ALUMINIUM        2025-02-05 14:30:00
EU-DJ-TELECOM    2025-02-05 15:00:00
CH10             2025-02-05 15:00:00
MSCIASIA         2025-02-05 15:00:00
EURIBOR-ICE      2025-02-05 15:00:00
SONIA3           2025-02-05 15:00:00
EURIBOR          2025-02-05 15:00:00
MILLWHEAT        2025-02-05 15:00:00
EPRA-EUROPE      2025-02-05 15:00:00
MIB*             2025-02-05 15:00:00
EU-MEDIA         2025-02-05 15:00:00
EUA              2025-02-05 15:00:00
EU-TRAVEL        2025-02-05 15:00:00
EU-CHEM          2025-02-05 15:00:00
EU-DJ-OIL        2025-02-05 15:00:00
EU-MID           2025-02-05 15:00:00
CRUDE_ICE        2025-02-05 15:00:00
GICS             2025-02-05 15:00:00
BRENT_W          2025-02-05 15:00:00
GASOIL           2025-02-05 15:00:00
COAL             2025-02-05 15:00:00
EU-INSURE        2025-02-05 15:00:00
IBEX             2025-02-05 15:00:00
COCOA_LDN        2025-02-05 15:00:00
HEATOIL-ICE      2025-02-05 15:00:00
ROBUSTA          2025-02-05 15:00:00
GAS-LAST         2025-02-05 15:00:00
FTSE250          2025-02-05 15:00:00
WHEAT_ICE        2025-02-05 15:00:00
COPPER_LME       2025-02-05 15:00:00
GILT             2025-02-05 15:00:00
FTSE100          2025-02-05 15:00:00
SARONA           2025-02-05 15:00:00
IBEX_mini        2025-02-05 15:00:00
HIGHYIELD        2025-02-05 15:00:00
OAT              2025-02-05 16:00:00
EU-OIL           2025-02-05 16:00:00
V2X              2025-02-05 16:00:00
GASOILINE_ICE    2025-02-05 16:00:00
EU-UTILS         2025-02-05 16:00:00
EUROSTX200-LARGE 2025-02-05 16:00:00
EURO600          2025-02-05 16:00:00
EUROSTX          2025-02-05 16:00:00
EU-TECH          2025-02-05 16:00:00
SHATZ            2025-02-05 16:00:00
AEX              2025-02-05 16:00:00
EU-FOOD          2025-02-05 16:00:00
BOBL             2025-02-05 16:00:00
BONO             2025-02-05 16:00:00
BTP              2025-02-05 16:00:00
BTP3             2025-02-05 16:00:00
BUND             2025-02-05 16:00:00
BUXL             2025-02-05 16:00:00
CAC              2025-02-05 16:00:00
SUGAR_WHITE      2025-02-05 16:00:00
EU-HEALTH        2025-02-05 16:00:00
DAX              2025-02-05 16:00:00
DJSTX-SMALL      2025-02-05 16:00:00
EU-REALESTATE    2025-02-05 16:00:00
EU-AUTO          2025-02-05 16:00:00
EU-DIV30         2025-02-05 16:00:00
EU-BANKS         2025-02-05 16:00:00
EU-DJ-TECH       2025-02-05 16:00:00
EU-DJ-UTIL       2025-02-05 16:00:00
EU-CONSTRUCTION  2025-02-05 16:00:00
SMI*             2025-02-05 16:00:00
EU-BASIC         2025-02-05 16:00:00
GBPJPY           2025-02-05 17:00:00
SUGAR16          2025-02-05 17:00:00
WHEY             2025-02-05 17:00:00
AUDJPY           2025-02-05 17:00:00
SUGAR11*         2025-02-05 17:00:00
EURCAD           2025-02-05 17:00:00
COFFEE*          2025-02-05 18:00:00
IG               2025-02-05 18:00:00
COCOA            2025-02-05 18:00:00
R1000            2025-02-05 18:00:00
KRWUSD           2025-02-05 18:00:00
OJ               2025-02-05 18:00:00
CAD2             2025-02-05 19:00:00
VIX_mini         2025-02-05 19:00:00
OATIES           2025-02-05 19:00:00
WHEAT            2025-02-05 19:00:00
STEEL            2025-02-05 19:00:00
INR              2025-02-05 19:00:00
NOK              2025-02-05 19:00:00
MILK             2025-02-05 19:00:00
US-INDUSTRY      2025-02-05 19:00:00
BBCOMM           2025-02-05 19:00:00
LEANHOG          2025-02-05 19:00:00
LIVECOW          2025-02-05 19:00:00
US-DISCRETE      2025-02-05 19:00:00
BUTTER           2025-02-05 19:00:00
DX*              2025-02-05 19:00:00
PLN              2025-02-05 19:00:00
CANOLA           2025-02-05 19:00:00
CORN             2025-02-05 19:00:00
SOYMEAL          2025-02-05 19:00:00
SOYOIL           2025-02-05 19:00:00
WHEAT_mini       2025-02-05 19:00:00
COPPER           2025-02-05 19:00:00
CORN_mini        2025-02-05 19:00:00
SEK              2025-02-05 19:00:00
US-ENERGY        2025-02-05 19:00:00
RICE             2025-02-05 19:00:00
COTTON2          2025-02-05 19:00:00
REDWHEAT         2025-02-05 19:00:00
SOYBEAN_mini     2025-02-05 19:00:00
SOYBEAN          2025-02-05 19:00:00
CRUDE_W_mini     2025-02-05 19:00:00
CHEESE           2025-02-05 19:00:00
CHF_micro        2025-02-05 19:00:00
FEEDCOW*         2025-02-05 19:00:00
US-UTILS         2025-02-05 20:00:00
RUSSELL_mini     2025-02-05 20:00:00
MSCIEAFA         2025-02-05 20:00:00
RUSSELL*         2025-02-05 20:00:00
US-REALESTATE    2025-02-05 20:00:00
NASDAQ           2025-02-05 20:00:00
NASDAQ_micro     2025-02-05 20:00:00
US-STAPLES       2025-02-05 20:00:00
PALLAD           2025-02-05 20:00:00
US-MATERIAL      2025-02-05 20:00:00
SP400            2025-02-05 20:00:00
SP500            2025-02-05 20:00:00
NZD              2025-02-05 20:00:00
SP500_micro      2025-02-05 20:00:00
SILVER           2025-02-05 20:00:00
PLAT             2025-02-05 20:00:00
MXP              2025-02-05 20:00:00
SOFR             2025-02-05 20:00:00
GASOILINE        2025-02-05 20:00:00
LUMBER-new       2025-02-05 20:00:00
MILKDRY          2025-02-05 20:00:00
EUR_mini         2025-02-05 20:00:00
EUR_micro        2025-02-05 20:00:00
EURCHF           2025-02-05 20:00:00
EURAUD           2025-02-05 20:00:00
EUR              2025-02-05 20:00:00
ETHEREUM         2025-02-05 20:00:00
ETHER-micro      2025-02-05 20:00:00
DOW_mini         2025-02-05 20:00:00
DOW*             2025-02-05 20:00:00
CRUDE_W_micro    2025-02-05 20:00:00
CRUDE_W          2025-02-05 20:00:00
COPPER-mini      2025-02-05 20:00:00
COPPER-micro*    2025-02-05 20:00:00
ZAR              2025-02-05 20:00:00
CHF*             2025-02-05 20:00:00
CAD_micro        2025-02-05 20:00:00
CAD5             2025-02-05 20:00:00
CAD10*           2025-02-05 20:00:00
CAD*             2025-02-05 20:00:00
BRENT-LAST       2025-02-05 20:00:00
BRE              2025-02-05 20:00:00
BITCOIN*         2025-02-05 20:00:00
AUD_micro        2025-02-05 20:00:00
AUD              2025-02-05 20:00:00
FED              2025-02-05 20:00:00
YENEUR           2025-02-05 20:00:00
FANG             2025-02-05 20:00:00
US-HEALTH        2025-02-05 20:00:00
US2              2025-02-05 20:00:00
JPY              2025-02-05 20:00:00
US3              2025-02-05 20:00:00
US10U            2025-02-05 20:00:00
US30*            2025-02-05 20:00:00
US5              2025-02-05 20:00:00
HEATOIL          2025-02-05 20:00:00
VIX*             2025-02-05 20:00:00
JPY_mini         2025-02-05 20:00:00
US10             2025-02-05 20:00:00
GOLD-mini        2025-02-05 20:00:00
GOLD             2025-02-05 20:00:00
GBP_micro        2025-02-05 20:00:00
GBPEUR           2025-02-05 20:00:00
GBP*             2025-02-05 20:00:00
GAS_US_mini      2025-02-05 20:00:00
GAS_US           2025-02-05 20:00:00
GOLD_micro*      2025-02-05 20:00:00
US20             2025-02-05 20:00:00
SGD_mini         2025-02-05 23:00:00
SGD              2025-02-05 23:00:00
CNH-onshore      2025-02-05 23:00:00
JGB-mini         2025-02-06 01:00:00
TWD-mini         2025-02-06 02:00:00
VNKI             2025-02-06 03:00:00
SPI200           2025-02-06 04:00:00
MSCITAIWAN*      2025-02-06 04:00:00
FTSEINDO         2025-02-06 04:00:00
KR3              2025-02-06 04:00:00
KRWUSD_mini      2025-02-06 04:00:00
MUMMY            2025-02-06 04:00:00
FTSEVIET         2025-02-06 04:00:00
HANGENT_mini     2025-02-06 05:00:00
RUBBER           2025-02-06 05:00:00
CHINAA-CON       2025-02-06 05:00:00
CNH              2025-02-06 05:00:00
FTSECHINAA       2025-02-06 05:00:00
FTSECHINAH       2025-02-06 05:00:00
FTSETAIWAN*      2025-02-06 05:00:00
TOPIX*           2025-02-06 05:00:00
HANGENT          2025-02-06 05:00:00
HANGTECH         2025-02-06 05:00:00
HANG_mini*       2025-02-06 05:00:00
IRON             2025-02-06 05:00:00
HANG             2025-02-06 05:00:00
JGB-SGX-mini     2025-02-06 05:00:00
JP-REALESTATE    2025-02-06 05:00:00
KOSDAQ           2025-02-06 05:00:00
KOSPI            2025-02-06 05:00:00
KOSPI_mini       2025-02-06 05:00:00
KR10             2025-02-06 05:00:00
MSCISING*        2025-02-06 05:00:00
NIKKEI           2025-02-06 05:00:00
NIKKEI400        2025-02-06 05:00:00
JGB              2025-02-06 05:00:00
CHFUSD           2025-02-06 23:00:00
JPYUSD           2025-02-06 23:00:00
EURUSD           2025-02-06 23:00:00
CADUSD           2025-02-06 23:00:00
KRWUSD           2025-02-06 23:00:00
MXPUSD           2025-02-06 23:00:00
SEKUSD           2025-02-06 23:00:00
GBPUSD           2025-02-06 23:00:00
SGDUSD           2025-02-06 23:00:00
HKDUSD           2025-02-06 23:00:00
CNHUSD           2025-02-06 23:00:00
AUDUSD           2025-02-06 23:00:00


============================================================
           Status of optimal position generation            
============================================================

                                                 last_update
dynamic_TF_carry/SGX              2024-12-02 22:31:28.544775
dynamic_TF_carry/HANG_mini        2025-02-06 22:31:39.630863
dynamic_TF_carry/SOYBEAN          2025-02-06 22:31:39.631121
dynamic_TF_carry/EUR_micro        2025-02-06 22:31:39.631361
dynamic_TF_carry/SONIA3           2025-02-06 22:31:39.631594
dynamic_TF_carry/GAS-PEN          2025-02-06 22:31:39.631826
dynamic_TF_carry/US20             2025-02-06 22:31:39.632057
dynamic_TF_carry/DX               2025-02-06 22:31:39.632290
dynamic_TF_carry/YENEUR           2025-02-06 22:31:39.632521
dynamic_TF_carry/IRON             2025-02-06 22:31:39.632752
dynamic_TF_carry/GAS_US_mini      2025-02-06 22:31:39.632983
dynamic_TF_carry/LUMBER-new       2025-02-06 22:31:39.633215
dynamic_TF_carry/EUROSTX200-LARGE 2025-02-06 22:31:39.633677
dynamic_TF_carry/GOLD_micro       2025-02-06 22:31:39.633908
dynamic_TF_carry/EU-CONSTRUCTION  2025-02-06 22:31:39.634137
dynamic_TF_carry/MXP              2025-02-06 22:31:39.634371
dynamic_TF_carry/BRENT_W          2025-02-06 22:31:39.634604
dynamic_TF_carry/COCOA_LDN        2025-02-06 22:31:39.634834
dynamic_TF_carry/CAC              2025-02-06 22:31:39.635064
dynamic_TF_carry/EU-CHEM          2025-02-06 22:31:39.635528
dynamic_TF_carry/SARONA           2025-02-06 22:31:39.635759
dynamic_TF_carry/SPI200           2025-02-06 22:31:39.635988
dynamic_TF_carry/EU-UTILS         2025-02-06 22:31:39.636446
dynamic_TF_carry/CHEESE           2025-02-06 22:31:39.636674
dynamic_TF_carry/COFFEE           2025-02-06 22:31:39.636903
dynamic_TF_carry/CRUDE_W_mini     2025-02-06 22:31:39.637134
dynamic_TF_carry/OAT              2025-02-06 22:31:39.637361
dynamic_TF_carry/EU-RETAIL        2025-02-06 22:31:39.637592
dynamic_TF_carry/BOBL             2025-02-06 22:31:39.637822
dynamic_TF_carry/BUND             2025-02-06 22:31:39.638051
dynamic_TF_carry/R1000            2025-02-06 22:31:39.638280
dynamic_TF_carry/DAX              2025-02-06 22:31:39.638512
dynamic_TF_carry/EU-TECH          2025-02-06 22:31:39.638743
dynamic_TF_carry/WHEAT_ICE        2025-02-06 22:31:39.638972
dynamic_TF_carry/DOW              2025-02-06 22:31:39.639202
dynamic_TF_carry/STEEL            2025-02-06 22:31:39.639432
dynamic_TF_carry/COAL             2025-02-06 22:31:39.639659
dynamic_TF_carry/FTSE100          2025-02-06 22:31:39.639890
dynamic_TF_carry/BTP3             2025-02-06 22:31:39.640118
dynamic_TF_carry/HOUSE-US         2025-02-06 22:31:39.640347
dynamic_TF_carry/IBEX_mini        2025-02-06 22:31:39.640575
dynamic_TF_carry/DJSTX-SMALL      2025-02-06 22:31:39.640805
dynamic_TF_carry/US3              2025-02-06 22:31:39.641032
dynamic_TF_carry/EU-DJ-UTIL       2025-02-06 22:31:39.641262
dynamic_TF_carry/FED              2025-02-06 22:31:39.641492
dynamic_TF_carry/OJ               2025-02-06 22:31:39.641720
dynamic_TF_carry/EUROSTX          2025-02-06 22:31:39.641947
dynamic_TF_carry/OATIES           2025-02-06 22:31:39.642174
dynamic_TF_carry/CHF              2025-02-06 22:31:39.642407
dynamic_TF_carry/MSCITAIWAN       2025-02-06 22:31:39.642635
dynamic_TF_carry/US30             2025-02-06 22:31:39.642865
dynamic_TF_carry/FTSECHINAH       2025-02-06 22:31:39.643095
dynamic_TF_carry/EURIBOR          2025-02-06 22:31:39.643325
dynamic_TF_carry/MILKWET          2025-02-06 22:31:39.643554
dynamic_TF_carry/WHEAT            2025-02-06 22:31:39.643782
dynamic_TF_carry/BONO             2025-02-06 22:31:39.644010
dynamic_TF_carry/CAD10            2025-02-06 22:31:39.644240
dynamic_TF_carry/JPY              2025-02-06 22:31:39.644471
dynamic_TF_carry/SMI              2025-02-06 22:31:39.644701
dynamic_TF_carry/CAD2             2025-02-06 22:31:39.644930
dynamic_TF_carry/BUTTER           2025-02-06 22:31:39.645387
dynamic_TF_carry/COTTON           2025-02-06 22:31:39.645616
dynamic_TF_carry/SUGAR_WHITE      2025-02-06 22:31:39.645845
dynamic_TF_carry/US-MATERIAL      2025-02-06 22:31:39.646078
dynamic_TF_carry/EURO600          2025-02-06 22:31:39.646307
dynamic_TF_carry/US2              2025-02-06 22:31:39.646543
dynamic_TF_carry/GASOIL           2025-02-06 22:31:39.646772
dynamic_TF_carry/RUR              2025-02-06 22:31:39.647003
dynamic_TF_carry/JGB              2025-02-06 22:31:39.647234
dynamic_TF_carry/KOSPI            2025-02-06 22:31:39.647463
dynamic_TF_carry/EURIBOR-ICE      2025-02-06 22:31:39.647694
dynamic_TF_carry/US-ENERGY        2025-02-06 22:31:39.647922
dynamic_TF_carry/FTSECHINAA       2025-02-06 22:31:39.648153
dynamic_TF_carry/JGB-SGX-mini     2025-02-06 22:31:39.648381
dynamic_TF_carry/HEATOIL          2025-02-06 22:31:39.648609
dynamic_TF_carry/SOYOIL           2025-02-06 22:31:39.648841
dynamic_TF_carry/GBPEUR           2025-02-06 22:31:39.649074
dynamic_TF_carry/FTSEINDO         2025-02-06 22:31:39.649304
dynamic_TF_carry/US-HEALTH        2025-02-06 22:31:39.649536
dynamic_TF_carry/CRUDE_ICE        2025-02-06 22:31:39.649767
dynamic_TF_carry/GBPCHF           2025-02-06 22:31:39.649999
dynamic_TF_carry/FTSEVIET         2025-02-06 22:31:39.650230
dynamic_TF_carry/EUROSTX-LARGE    2025-02-06 22:31:39.650694
dynamic_TF_carry/COPPER_LME       2025-02-06 22:31:39.650922
dynamic_TF_carry/SWISSLEAD        2025-02-06 22:31:39.651151
dynamic_TF_carry/SMI-MID          2025-02-06 22:31:39.651382
dynamic_TF_carry/COPPER           2025-02-06 22:31:39.651613
dynamic_TF_carry/CAD5             2025-02-06 22:31:39.651842
dynamic_TF_carry/LEAD_LME         2025-02-06 22:31:39.652072
dynamic_TF_carry/EU-MEDIA         2025-02-06 22:31:39.652302
dynamic_TF_carry/REDWHEAT         2025-02-06 22:31:39.652531
dynamic_TF_carry/KR10             2025-02-06 22:31:39.652759
dynamic_TF_carry/VNKI             2025-02-06 22:31:39.652989
dynamic_TF_carry/KOSPI_mini       2025-02-06 22:31:39.653220
dynamic_TF_carry/COCOA            2025-02-06 22:31:39.653451
dynamic_TF_carry/SGD              2025-02-06 22:31:39.653681
dynamic_TF_carry/MIB              2025-02-06 22:31:39.653908
dynamic_TF_carry/FEEDCOW          2025-02-06 22:31:39.654137
dynamic_TF_carry/PALLAD           2025-02-06 22:31:39.654371
dynamic_TF_carry/EU-MID           2025-02-06 22:31:39.654602
dynamic_TF_carry/CHINAA-CON       2025-02-06 22:31:39.654830
dynamic_TF_carry/EU-INSURE        2025-02-06 22:31:39.655061
dynamic_TF_carry/EURAUD           2025-02-06 22:31:39.655292
dynamic_TF_carry/EUROSTX-SMALL    2025-02-06 22:31:39.655522
dynamic_TF_carry/MILK             2025-02-06 22:31:39.655750
dynamic_TF_carry/OMX              2025-02-06 22:31:39.655982
dynamic_TF_carry/NICKEL_LME       2025-02-06 22:31:39.656210
dynamic_TF_carry/US-INDUSTRY      2025-02-06 22:31:39.656440
dynamic_TF_carry/LIVECOW          2025-02-06 22:31:39.656668
dynamic_TF_carry/SOFR             2025-02-06 22:31:39.656899
dynamic_TF_carry/HANGENT_mini     2025-02-06 22:31:39.657131
dynamic_TF_carry/EU-BASIC         2025-02-06 22:31:39.657363
dynamic_TF_carry/EURCAD           2025-02-06 22:31:39.657592
dynamic_TF_carry/ETHANOL          2025-02-06 22:31:39.657820
dynamic_TF_carry/GAS-LAST         2025-02-06 22:31:39.658048
dynamic_TF_carry/GICS             2025-02-06 22:31:39.658278
dynamic_TF_carry/NASDAQ_micro     2025-02-06 22:31:39.658513
dynamic_TF_carry/PLAT             2025-02-06 22:31:39.658743
dynamic_TF_carry/SUGAR11          2025-02-06 22:31:39.658974
dynamic_TF_carry/US5              2025-02-06 22:31:39.659204
dynamic_TF_carry/MSCIEMASIA       2025-02-06 22:31:39.659434
dynamic_TF_carry/ALUMINIUM        2025-02-06 22:31:39.659893
dynamic_TF_carry/EU-TRAVEL        2025-02-06 22:31:39.660123
dynamic_TF_carry/CAD              2025-02-06 22:31:39.660354
dynamic_TF_carry/CNH              2025-02-06 22:31:39.660586
dynamic_TF_carry/MSCIEAFA         2025-02-06 22:31:39.661046
dynamic_TF_carry/RUBBER           2025-02-06 22:31:39.661275
dynamic_TF_carry/EU-HEALTH        2025-02-06 22:31:39.661737
dynamic_TF_carry/IRS              2025-02-06 22:31:39.661966
dynamic_TF_carry/MILKDRY          2025-02-06 22:31:39.662196
dynamic_TF_carry/BRE              2025-02-06 22:31:39.662429
dynamic_TF_carry/CHFJPY           2025-02-06 22:31:39.662660
dynamic_TF_carry/GBPJPY           2025-02-06 22:31:39.662889
dynamic_TF_carry/SUGAR16          2025-02-06 22:31:39.663119
dynamic_TF_carry/US-REALESTATE    2025-02-06 22:31:39.663349
dynamic_TF_carry/TWD              2025-02-06 22:31:39.663578
dynamic_TF_carry/FANG             2025-02-06 22:31:39.663807
dynamic_TF_carry/CZK              2025-02-06 22:31:39.664039
dynamic_TF_carry/BOVESPA          2025-02-06 22:31:39.664268
dynamic_TF_carry/IG               2025-02-06 22:31:39.664496
dynamic_TF_carry/NIKKEI400        2025-02-06 22:31:39.664726
dynamic_TF_carry/EPRA-EUROPE      2025-02-06 22:31:39.664956
dynamic_TF_carry/HIGHYIELD        2025-02-06 22:31:39.665186
dynamic_TF_carry/EURCHF           2025-02-06 22:31:39.665417
dynamic_TF_carry/MSCIWORLD        2025-02-06 22:31:39.665646
dynamic_TF_carry/US-UTILS         2025-02-06 22:31:39.665873
dynamic_TF_carry/NIKKEI           2025-02-06 22:31:39.666104
dynamic_TF_carry/MSCIASIA         2025-02-06 22:31:39.666336
dynamic_TF_carry/TIN_LME          2025-02-06 22:31:39.666570
dynamic_TF_carry/TOPIX            2025-02-06 22:31:39.666801
dynamic_TF_carry/FTSETAIWAN       2025-02-06 22:31:39.667035
dynamic_TF_carry/EU-OIL           2025-02-06 22:31:39.667267
dynamic_TF_carry/KOSDAQ           2025-02-06 22:31:39.667497
dynamic_TF_carry/MILLWHEAT        2025-02-06 22:31:39.667729
dynamic_TF_carry/COPPER-micro     2025-02-06 22:31:39.667959
dynamic_TF_carry/EU-BANKS         2025-02-06 22:31:39.668189
dynamic_TF_carry/AUD_micro        2025-02-06 22:31:39.668418
dynamic_TF_carry/PLN              2025-02-06 22:31:39.668876
dynamic_TF_carry/V2X              2025-02-06 22:31:39.669335
dynamic_TF_carry/AUD              2025-02-06 22:31:39.669564
dynamic_TF_carry/EUA              2025-02-06 22:31:39.669797
dynamic_TF_carry/SHATZ            2025-02-06 22:31:39.670025
dynamic_TF_carry/NZD              2025-02-06 22:31:39.670254
dynamic_TF_carry/COAL-GEORDIE     2025-02-06 22:31:39.670488
dynamic_TF_carry/CRUDE_W_micro    2025-02-06 22:31:39.670717
dynamic_TF_carry/SP400            2025-02-06 22:31:39.670946
dynamic_TF_carry/RUSSELL          2025-02-06 22:31:39.671176
dynamic_TF_carry/EUR              2025-02-06 22:31:39.671405
dynamic_TF_carry/ETHEREUM         2025-02-06 22:31:39.671633
dynamic_TF_carry/US-DISCRETE      2025-02-06 22:31:39.671864
dynamic_TF_carry/US-STAPLES       2025-02-06 22:31:39.672095
dynamic_TF_carry/BUXL             2025-02-06 22:31:39.672326
dynamic_TF_carry/EU-REALESTATE    2025-02-06 22:31:39.672555
dynamic_TF_carry/BBCOMM           2025-02-06 22:31:39.672785
dynamic_TF_carry/EU-DIV30         2025-02-06 22:31:39.673017
dynamic_TF_carry/GASOILINE        2025-02-06 22:31:39.673248
dynamic_TF_carry/CORN             2025-02-06 22:31:39.673478
dynamic_TF_carry/EU-HOUSE         2025-02-06 22:31:39.673709
dynamic_TF_carry/ROBUSTA          2025-02-06 22:31:39.673939
dynamic_TF_carry/ZAR              2025-02-06 22:31:39.674170
dynamic_TF_carry/SP500_micro      2025-02-06 22:31:39.674404
dynamic_TF_carry/EU-AUTO          2025-02-06 22:31:39.674634
dynamic_TF_carry/US10             2025-02-06 22:31:39.674866
dynamic_TF_carry/CANOLA           2025-02-06 22:31:39.675097
dynamic_TF_carry/AEX              2025-02-06 22:31:39.675327
dynamic_TF_carry/SEK              2025-02-06 22:31:39.675557
dynamic_TF_carry/GILT             2025-02-06 22:31:39.675788
dynamic_TF_carry/SOYMEAL          2025-02-06 22:31:39.676017
dynamic_TF_carry/VIX              2025-02-06 22:31:39.676248
dynamic_TF_carry/WHEY             2025-02-06 22:31:39.676479
dynamic_TF_carry/NOK              2025-02-06 22:31:39.676709
dynamic_TF_carry/ZINC_LME         2025-02-06 22:31:39.676940
dynamic_TF_carry/MSCISING         2025-02-06 22:31:39.677170
dynamic_TF_carry/BRENT-LAST       2025-02-06 22:31:39.677403
dynamic_TF_carry/AUDJPY           2025-02-06 22:31:39.677636
dynamic_TF_carry/KRWUSD_mini      2025-02-06 22:31:39.677869
dynamic_TF_carry/CLP              2025-02-06 22:31:39.678101
dynamic_TF_carry/KR3              2025-02-06 22:31:39.678334
dynamic_TF_carry/CH10             2025-02-06 22:31:39.678572
dynamic_TF_carry/BITCOIN          2025-02-06 22:31:39.678805
dynamic_TF_carry/FTSE250          2025-02-06 22:31:39.679037
dynamic_TF_carry/EU-FOOD          2025-02-06 22:31:39.679269
dynamic_TF_carry/GBP              2025-02-06 22:31:39.679501
dynamic_TF_carry/US10U            2025-02-06 22:31:39.679733
dynamic_TF_carry/KRWUSD           2025-02-06 22:31:39.680194
dynamic_TF_carry/SOYBEAN_mini     2025-02-06 22:31:39.680426
dynamic_TF_carry/INR              2025-02-06 22:31:39.680657
dynamic_TF_carry/MUMMY            2025-02-06 22:31:39.680888
dynamic_TF_carry/JP-REALESTATE    2025-02-06 22:31:39.681119
dynamic_TF_carry/RICE             2025-02-06 22:31:39.681350
dynamic_TF_carry/BTP              2025-02-06 22:31:39.681582
dynamic_TF_carry/SILVER           2025-02-06 22:31:39.681814
dynamic_TF_carry/LEANHOG          2025-02-06 22:31:39.682046
dynamic_TF_carry/HANGTECH         2025-02-06 22:31:39.682278
dynamic_TF_carry/EU-DJ-TELECOM    2025-02-06 22:31:39.682514
dynamic_TF_carry/COTTON2          2025-02-06 22:31:39.682743


======================================================================================================================
                                                Status of trade limits                                                
======================================================================================================================

                   period_days  trade_limit  trades_since_last_reset  trade_capacity_remaining   time_since_last_reset
 VIX                        30            5                      3.0                       2.0 21 days 07:56:25.867729
 DX                          1            4                      1.0                       3.0  0 days 08:47:47.540502
 OAT                        30            4                      1.0                       3.0 16 days 14:57:33.896650
 BUXL                       30            4                      1.0                       3.0 29 days 08:41:42.339836
 CHF                        30            4                      1.0                       3.0 29 days 07:57:46.283849
 US10U                      30            4                      1.0                       3.0 24 days 07:57:41.741132
 CAD                        14            4                      1.0                       3.0  8 days 07:57:36.001994
 BOVESPA                     1            4                      0.0                       4.0  0 days 00:00:00.000002
 US30                       30            4                      0.0                       4.0  0 days 00:00:00.000002
 YENEUR                     30            4                      0.0                       4.0  0 days 07:57:46.328147
 EU-DJ-TECH                  1            4                      0.0                       4.0  0 days 00:00:00.000001
 EU-DJ-OIL                   1            4                      0.0                       4.0  0 days 00:00:00.000002
 EU-CONSTRUCTION             1            4                      0.0                       4.0  0 days 00:00:00.000002
 ETHANOL                     1            4                      0.0                       4.0  0 days 00:00:00.000002
 CZK                         1            4                      0.0                       4.0  0 days 00:00:00.000002
 COTTON                      1            4                      0.0                       4.0  0 days 00:00:00.000002
 COPPER-mini                 1            4                      0.0                       4.0  0 days 00:00:00.000002
 ALUMINIUM                   1            4                      0.0                       4.0  0 days 00:00:00.000002
 EU-DJ-TELECOM               1            4                      0.0                       4.0  0 days 00:00:00.000001
 CNH-onshore                 1            4                      0.0                       4.0  0 days 00:00:00.000002
 CLP                         1            4                      0.0                       4.0  0 days 00:00:00.000002
 CH10                        1            4                      0.0                       4.0  0 days 00:00:00.000002
 BUTTER                      1            4                      0.0                       4.0  0 days 00:00:00.000002
 BEL20                       1            4                      0.0                       4.0  0 days 00:00:00.000002
 EU-DJ-UTIL                  1            4                      0.0                       4.0  0 days 00:00:00.000001
 CORN                        1            4                      0.0                       4.0  0 days 00:00:00.000003
 US3                        30            4                      0.0                       4.0  0 days 00:00:00.000002
 US-ENERGY                   1            4                      0.0                       4.0  0 days 00:00:00.000002
 US-DISCRETE                 1            4                      0.0                       4.0  0 days 00:00:00.000002
 SMI-MID                     1            4                      0.0                       4.0  0 days 00:00:00.000002
 SGX                         1            4                      0.0                       4.0  0 days 00:00:00.000002
 SGD                         1            4                      0.0                       4.0  0 days 00:00:00.000002
 OMX                         1            4                      0.0                       4.0  0 days 00:00:00.000001
 MSCIASIA                    1            4                      0.0                       4.0  0 days 00:00:00.000001
 MILKWET                     1            4                      0.0                       4.0  0 days 00:00:00.000001
 MILKDRY                     1            4                      0.0                       4.0  0 days 00:00:00.000002
 MID-DAX                     1            4                      0.0                       4.0  0 days 00:00:00.000002
 JP-REALESTATE               1            4                      0.0                       4.0  0 days 00:00:00.000002
 JGB-SGX-mini                1            4                      0.0                       4.0  0 days 00:00:00.000002
 IRS                         1            4                      0.0                       4.0  0 days 00:00:00.000002
 FTSEINDO                    1            4                      0.0                       4.0  0 days 00:00:00.000002
 EUROSTX200-LARGE            1            4                      0.0                       4.0  0 days 00:00:00.000002
 EUROSTX-SMALL               1            4                      0.0                       4.0  0 days 00:00:00.000002
 EUROSTX-LARGE               1            4                      0.0                       4.0  0 days 00:00:00.000002
 EURIBOR                     1            4                      0.0                       4.0  0 days 00:00:00.000002
 EURCHF                      1            4                      0.0                       4.0  0 days 00:00:00.000002
 EU-REALESTATE               1            4                      0.0                       4.0  0 days 00:00:00.000002
 EU-MID                      1            4                      0.0                       4.0  0 days 00:00:00.000002
 EU-HOUSE                    1            4                      0.0                       4.0  0 days 00:00:00.000001
 EU-MEDIA                    1            4                      0.0                       4.0  0 days 00:00:00.000002
 SEK                        30            4                      0.0                       4.0  0 days 00:00:00.000002
 US-HEALTH                   1            4                      0.0                       4.0  0 days 00:00:00.000002
 GBPEUR                     14            4                      0.0                       4.0  0 days 00:00:00.000002
 GAS-LAST                   14            4                      0.0                       4.0  0 days 00:00:00.000002
 FTSETAIWAN                 14            4                      0.0                       4.0  8 days 20:55:26.154665
 EU-TECH                    14            4                      0.0                       4.0  0 days 00:00:00.000002
 EU-CHEM                    14            4                      0.0                       4.0  0 days 00:00:00.000002
 ETHEREUM                   14            4                      0.0                       4.0  0 days 00:00:00.000002
 CNH                        14            4                      0.0                       4.0  0 days 00:00:00.000002
 BUXL                       14            4                      0.0                       4.0  0 days 00:00:00.000002
 BTP3                       14            4                      0.0                       4.0  0 days 00:00:00.000002
 BRENT-LAST                 14            4                      0.0                       4.0  0 days 00:00:00.000002
 BONO                       14            4                      0.0                       4.0  0 days 00:00:00.000002
 YENEUR                      1            4                      0.0                       4.0  0 days 07:57:46.331537
 US3                         1            4                      0.0                       4.0  0 days 00:00:00.000002
 US10U                       1            4                      0.0                       4.0  0 days 00:00:00.000002
 US-REALESTATE               1            4                      0.0                       4.0  0 days 00:00:00.000002
 TOPIX                       1            4                      0.0                       4.0  0 days 00:00:00.000002
 SP400                       1            4                      0.0                       4.0  0 days 00:00:00.000002
 SEK                         1            4                      0.0                       4.0  0 days 00:00:00.000002
 RUSSELL                     1            4                      0.0                       4.0  0 days 07:56:36.637503
 HEATOIL                    14            4                      0.0                       4.0  0 days 00:00:00.000002
 SP400                      30            4                      0.0                       4.0  0 days 00:00:00.000002
 JGB                        14            4                      0.0                       4.0  0 days 00:00:00.000002
 NOK                        14            4                      0.0                       4.0  0 days 00:00:00.000001
 NOK                        30            4                      0.0                       4.0  0 days 00:00:00.000002
 JGB                        30            4                      0.0                       4.0  0 days 00:00:00.000002
 HEATOIL                    30            4                      0.0                       4.0  0 days 00:00:00.000001
 GBPEUR                     30            4                      0.0                       4.0  0 days 00:00:00.000002
 GASOILINE                  30            4                      0.0                       4.0  0 days 00:00:00.000002
 GAS-LAST                   30            4                      0.0                       4.0  0 days 00:00:00.000001
 ETHEREUM                   30            4                      0.0                       4.0  0 days 00:00:00.000002
 CAD                        30            6                      2.0                       4.0 16 days 07:57:44.736840
 BTP3                       30            4                      0.0                       4.0  0 days 00:00:00.000002
 BRENT-LAST                 30            4                      0.0                       4.0  0 days 00:00:00.000002
 BONO                       30            4                      0.0                       4.0  0 days 00:00:00.000001
 YENEUR                     14            4                      0.0                       4.0  0 days 07:57:46.329802
 US30                       14            4                      0.0                       4.0  0 days 00:00:00.000002
 US3                        14            4                      0.0                       4.0  0 days 00:00:00.000002
 US10U                      14            4                      0.0                       4.0  0 days 00:00:00.000002
 SP400                      14            4                      0.0                       4.0  0 days 00:00:00.000001
