
********************************************************************************
                   Status report produced on 09/09/2025 22:56                   
********************************************************************************



================================================================================================================================
                                                        Delayed methods                                                         
================================================================================================================================

                                                  process_name              last_start                last_end currently_running
safe_stack_removal                           run_stack_handler 2025-09-02 19:30:00.833 2025-09-02 19:30:00.981             False
refresh_additional_sampling_all_instruments  run_stack_handler 2025-09-03 14:01:03.986 2025-09-03 14:01:48.374             False
handle_completed_orders                      run_stack_handler 2025-09-03 14:59:58.984 2025-09-03 14:59:58.994             False


=============================
Delayed adjusted / FX prices 
=============================

                  last_update
RUR       2025-06-12 23:00:02
IG        2025-08-22 19:00:01
HIGHYIELD 2025-08-22 19:00:01
BONO      2025-09-05 23:00:00


===============================================
           Delayed optimal positions           
===============================================

                                    last_update
dynamic_TF_carry/SGX 2024-12-02 22:31:28.544775

Instruments at trade limit: No constraints

================================================
         Instruments at position limit          
================================================

                 keys  position pos_limit  spare
0       EUROSTX-LARGE         0       0.0    0.0
135           GAS-PEN        -1       1.0    0.0
137                IG         0       0.0    0.0
138     EU-DJ-TELECOM         0       0.0    0.0
58                RUR         0       0.0    0.0
149               SGX         0       0.0    0.0
150               JGB         0       0.0    0.0
156               NOK         0       0.0    0.0
132               CZK         0       0.0    0.0
51               WHEY         0       0.0    0.0
161              COAL         0       0.0    0.0
162            CHFJPY         0       0.0    0.0
163            KRWUSD         0       0.0    0.0
46            MILKDRY         0       0.0    0.0
164               MIB         1       1.0    0.0
90            EU-CHEM         0       0.0    0.0
43                TWD         0       0.0    0.0
160              GICS         0       0.0    0.0
42           SGD_mini         0       0.0    0.0
131             R1000         0       0.0    0.0
128            BUTTER         0       0.0    0.0
86               CH10         0       0.0    0.0
92        EPRA-EUROPE         0       0.0    0.0
94           ETHEREUM         0       0.0    0.0
97            SMI-MID         0       0.0    0.0
81          HIGHYIELD         0       0.0    0.0
106         CHF_micro         0       0.0    0.0
107            COTTON         0       0.0    0.0
129  EUROSTX200-LARGE         0       0.0    0.0
109          MSCIEAFA         2       2.0    0.0
113          EU-HOUSE         0       0.0    0.0
73               VNKI         0       0.0    0.0
114        COPPER_LME         0       0.0    0.0
115      COAL-GEORDIE         0       0.0    0.0
116          JPY_mini         0       0.0    0.0
121          JGB-mini         0       0.0    0.0
125          TWD-mini         0       0.0    0.0
110       HEATOIL-ICE         0       0.0    0.0
40            BOVESPA         0       0.0    0.0
88              SP400         0       0.0    0.0
170            NASDAQ         0       0.0    0.0
204            GBPJPY         0       0.0    0.0
168         EU-TRAVEL         0       0.0    0.0
211            PALLAD         0       0.0    0.0
225            EURCHF         0       0.0    0.0
14             EURCAD         0       0.0    0.0
227               OMX         0       0.0    0.0
11             AUDJPY         0       0.0    0.0
10           HOUSE-US         0       0.0    0.0
228       COPPER-mini         0       0.0    0.0
229   EU-CONSTRUCTION         0       0.0    0.0
7              EURAUD         0       0.0    0.0
237          EU-MEDIA         0       0.0    0.0
240               SEK         0       0.0    0.0
3     GASOILINE_micro         0       0.0    0.0
241          AEX_mini         0       0.0    0.0
201         EU-RETAIL         0       0.0    0.0
24                IRS         0       0.0    0.0
207        EU-DJ-TECH         0       0.0    0.0
30              STEEL         0       0.0    0.0
176       CNH-onshore         0       0.0    0.0
196           MILKWET         0       0.0    0.0
177           TIN_LME         0       0.0    0.0
34          SWISSLEAD         0       0.0    0.0
193               CLP         0       0.0    0.0
187               PLN         0       0.0    0.0


==========================================================
         Overrides in database consider deleting          
==========================================================

                                                  override
NICKEL_LME              Override Close because in database
COAL-GEORDIE      Override Reduce only because in database
CRUDE_W_mini      Override Reduce only because in database
FTSE100           Override Reduce only because in database
SPI200            Override Reduce only because in database
JGB-mini          Override Reduce only because in database
GAS-LAST          Override Reduce only because in database
CZK               Override Reduce only because in database
EURCAD            Override Reduce only because in database
CHF_micro         Override Reduce only because in database
R1000             Override Reduce only because in database
IRS               Override Reduce only because in database
IBEX_mini         Override Reduce only because in database
VIX_mini          Override Reduce only because in database
EU-CHEM           Override Reduce only because in database
EU-INSURE         Override Reduce only because in database
KOSDAQ            Override Reduce only because in database
JP-REALESTATE     Override Reduce only because in database
IBEX              Override Reduce only because in database
AUDJPY            Override Reduce only because in database
CAD_micro         Override Reduce only because in database
EUR_mini          Override Reduce only because in database
GICS              Override Reduce only because in database
KOSPI_mini        Override Reduce only because in database
KOSPI             Override Reduce only because in database
GBPCHF            Override Reduce only because in database
MXP               Override Reduce only because in database
YENEUR            Override Reduce only because in database
CHFJPY            Override Reduce only because in database
CNH-onshore       Override Reduce only because in database
PLN               Override Reduce only because in database
SEK               Override Reduce only because in database
OMX               Override Reduce only because in database
GAS_US_mini       Override Reduce only because in database
GBPJPY            Override Reduce only because in database
EURAUD            Override Reduce only because in database
NIKKEI400         Override Reduce only because in database
JPY_mini          Override Reduce only because in database
BONO              Override Reduce only because in database
VNKI              Override Reduce only because in database
EURCHF            Override Reduce only because in database
CH10              Override Reduce only because in database
EU-BANKS          Override Reduce only because in database
EU-CONSTRUCTION   Override Reduce only because in database
ZAR               Override Reduce only because in database
RICE              Override Reduce only because in database
GAS-PEN           Override Reduce only because in database
SP500_micro       Override Reduce only because in database
EU-TECH           Override Reduce only because in database
US-DISCRETE       Override Reduce only because in database
SMI-MID           Override Reduce only because in database
KR3               Override Reduce only because in database
MIB               Override Reduce only because in database
EU-RETAIL         Override Reduce only because in database
SP500             Override Reduce only because in database
EU-OIL            Override Reduce only because in database
US-ENERGY         Override Reduce only because in database
EUROSTX-SMALL     Override Reduce only because in database
US-INDUSTRY       Override Reduce only because in database
OATIES            Override Reduce only because in database
NASDAQ_micro      Override Reduce only because in database
US-HEALTH         Override Reduce only because in database
EU-DJ-OIL         Override Reduce only because in database
MSCIWORLD         Override Reduce only because in database
CHINAA-CON        Override Reduce only because in database
SMI               Override Reduce only because in database
EU-UTILS          Override Reduce only because in database
EU-MID            Override Reduce only because in database
EPRA-EUROPE       Override Reduce only because in database
EU-HEALTH         Override Reduce only because in database
EU-HOUSE          Override Reduce only because in database
DOW_mini          Override Reduce only because in database
KR10              Override Reduce only because in database
STEEL             Override Reduce only because in database
EU-DJ-TECH        Override Reduce only because in database
US-MATERIAL       Override Reduce only because in database
US-STAPLES        Override Reduce only because in database
EU-DJ-TELECOM     Override Reduce only because in database
NASDAQ            Override Reduce only because in database
EU-BASIC          Override Reduce only because in database
EU-DIV30          Override Reduce only because in database
DAX               Override Reduce only because in database
EU-AUTO           Override Reduce only because in database
AEX               Override Reduce only because in database
EUROSTX-LARGE     Override Reduce only because in database
FTSE250           Override Reduce only because in database
EU-DJ-UTIL        Override Reduce only because in database
MSCIEAFA          Override Reduce only because in database
EU-MEDIA          Override Reduce only because in database
EUROSTX           Override Reduce only because in database
EU-TRAVEL         Override Reduce only because in database
EURO600           Override Reduce only because in database
EU-REALESTATE     Override Reduce only because in database
SWISSLEAD         Override Reduce only because in database
AEX_mini          Override Reduce only because in database
CAC               Override Reduce only because in database
MSCIASIA          Override Reduce only because in database
EU-FOOD           Override Reduce only because in database
US-UTILS          Override Reduce only because in database
EUROSTX200-LARGE  Override Reduce only because in database
SP400             Override Reduce only because in database
RUSSELL_mini      Override Reduce only because in database
FANG              Override Reduce only because in database

Locked instruments (position mismatch): []

==============================================
Status of adjusted price / FX price collection
==============================================

                         last_update
RUR              2025-06-12 23:00:02
IG               2025-08-22 19:00:01
HIGHYIELD        2025-08-22 19:00:01
BONO             2025-09-05 23:00:00
CH10             2025-09-08 10:00:00
EPRA-EUROPE      2025-09-08 23:00:00
SGX              2025-09-08 23:00:00
SGD_mini         2025-09-08 23:00:00
GBPCHF           2025-09-08 23:00:00
GASOILINE_micro  2025-09-08 23:00:00
MSCIEMASIA       2025-09-08 23:00:00
COTTON           2025-09-08 23:00:00
CHFJPY           2025-09-08 23:00:00
PLN              2025-09-08 23:00:00
MSCIWORLD        2025-09-08 23:00:00
CLP              2025-09-08 23:00:00
SMI-MID          2025-09-08 23:00:00
CNH-onshore      2025-09-08 23:00:00
KRWUSD           2025-09-08 23:00:00
OMX              2025-09-08 23:00:00
SWISSLEAD        2025-09-08 23:00:00
BOVESPA          2025-09-08 23:00:00
EUROSTX200-LARGE 2025-09-08 23:00:00
TWD-mini         2025-09-08 23:00:00
GAS-PEN*         2025-09-08 23:00:00
AUDJPY           2025-09-08 23:00:00
JGB-mini         2025-09-09 02:00:00
SGD              2025-09-09 02:00:00
MUMMY            2025-09-09 04:00:00
FTSEVIET         2025-09-09 04:00:00
HANG             2025-09-09 04:00:00
JP-REALESTATE    2025-09-09 04:00:00
HANGENT_mini     2025-09-09 04:00:00
KR3              2025-09-09 04:00:00
KRWUSD_mini      2025-09-09 04:00:00
HANGENT          2025-09-09 04:00:00
HANG_mini        2025-09-09 04:00:00
HANGTECH         2025-09-09 04:00:00
VNKI             2025-09-09 04:00:00
TWD              2025-09-09 04:00:00
SPI200           2025-09-09 04:00:00
CNH              2025-09-09 04:00:00
CHINAA-CON       2025-09-09 04:00:00
TOPIX            2025-09-09 05:00:00
KOSPI_mini       2025-09-09 05:00:00
KR10             2025-09-09 05:00:00
JGB-SGX-mini     2025-09-09 05:00:00
JGB              2025-09-09 05:00:00
KOSPI            2025-09-09 05:00:00
FTSECHINAH       2025-09-09 05:00:00
FTSEINDO         2025-09-09 05:00:00
FTSECHINAA*      2025-09-09 05:00:00
MSCISING         2025-09-09 05:00:00
IRON             2025-09-09 05:00:00
NIKKEI400        2025-09-09 05:00:00
NIKKEI           2025-09-09 05:00:00
RUBBER           2025-09-09 05:00:00
KOSDAQ           2025-09-09 05:00:00
MSCITAIWAN*      2025-09-09 05:00:00
FTSETAIWAN       2025-09-09 05:00:00
TIN_LME          2025-09-09 09:00:00
COAL-GEORDIE     2025-09-09 10:00:00
EU-RETAIL        2025-09-09 12:00:00
EUROSTX-LARGE    2025-09-09 12:00:00
EU-DJ-TECH       2025-09-09 12:00:00
NICKEL_LME       2025-09-09 13:00:00
EURIBOR          2025-09-09 14:00:00
EU-MID           2025-09-09 14:00:00
GICS             2025-09-09 14:30:00
HOUSE-US         2025-09-09 14:30:00
EURIBOR-ICE      2025-09-09 15:00:00
IBEX             2025-09-09 15:00:00
COAL             2025-09-09 15:00:00
EUROSTX-SMALL    2025-09-09 15:00:00
WHEAT_ICE        2025-09-09 15:00:00
ALUMINIUM_LME    2025-09-09 15:00:00
GILT             2025-09-09 15:00:00
FTSE100          2025-09-09 15:00:00
FTSE250          2025-09-09 15:00:00
ZINC_LME         2025-09-09 15:00:00
AEX_mini         2025-09-09 15:00:00
GASOIL           2025-09-09 15:00:00
HEATOIL-ICE      2025-09-09 15:00:00
EURAUD           2025-09-09 15:00:00
EU-INSURE        2025-09-09 15:00:00
EUA              2025-09-09 15:00:00
SARONA           2025-09-09 15:00:00
MIB*             2025-09-09 15:00:00
LEAD_LME         2025-09-09 15:00:00
IBEX_mini        2025-09-09 15:00:00
CRUDE_ICE        2025-09-09 15:00:00
SONIA3           2025-09-09 15:00:00
ROBUSTA          2025-09-09 15:00:00
MILLWHEAT        2025-09-09 15:00:00
EU-CHEM          2025-09-09 15:00:00
EU-DIV30         2025-09-09 15:00:00
EU-DJ-OIL        2025-09-09 15:00:00
EU-DJ-TELECOM    2025-09-09 15:00:00
COPPER_LME       2025-09-09 15:00:00
BRENT_W          2025-09-09 15:00:00
COCOA_LDN        2025-09-09 15:00:00
EU-CONSTRUCTION  2025-09-09 15:00:00
CZK              2025-09-09 15:00:00
OAT              2025-09-09 16:00:00
SHATZ            2025-09-09 16:00:00
SMI              2025-09-09 16:00:00
V2X              2025-09-09 16:00:00
SUGAR_WHITE      2025-09-09 16:00:00
IRS              2025-09-09 16:00:00
INR              2025-09-09 16:00:00
MSCIASIA         2025-09-09 16:00:00
MILKWET          2025-09-09 16:00:00
AEX              2025-09-09 16:00:00
EU-TECH*         2025-09-09 16:00:00
EU-BASIC         2025-09-09 16:00:00
EU-DJ-UTIL       2025-09-09 16:00:00
EU-FOOD          2025-09-09 16:00:00
EU-HEALTH        2025-09-09 16:00:00
EU-HOUSE         2025-09-09 16:00:00
EU-MEDIA         2025-09-09 16:00:00
EU-OIL           2025-09-09 16:00:00
EU-REALESTATE    2025-09-09 16:00:00
EU-TRAVEL        2025-09-09 16:00:00
EU-UTILS         2025-09-09 16:00:00
EURO600          2025-09-09 16:00:00
EU-BANKS         2025-09-09 16:00:00
BTP3             2025-09-09 16:00:00
GASOILINE_ICE    2025-09-09 16:00:00
EUROSTX          2025-09-09 16:00:00
BUXL             2025-09-09 16:00:00
CAC              2025-09-09 16:00:00
DAX*             2025-09-09 16:00:00
BOBL             2025-09-09 16:00:00
BUND             2025-09-09 16:00:00
EU-AUTO          2025-09-09 16:00:00
BTP*             2025-09-09 16:00:00
SUGAR16          2025-09-09 17:00:00
SUGAR11          2025-09-09 17:00:00
WHEY             2025-09-09 17:00:00
ALUMINIUM        2025-09-09 17:00:00
BBCOMM           2025-09-09 18:00:00
COCOA            2025-09-09 18:00:00
OJ               2025-09-09 18:00:00
STEEL            2025-09-09 18:00:00
COFFEE           2025-09-09 18:00:00
EURCAD           2025-09-09 18:00:00
NOK              2025-09-09 18:00:00
COPPER-mini      2025-09-09 19:00:00
OATIES           2025-09-09 19:00:00
CORN             2025-09-09 19:00:00
CORN_mini        2025-09-09 19:00:00
REDWHEAT         2025-09-09 19:00:00
CHF_micro        2025-09-09 19:00:00
R1000            2025-09-09 19:00:00
RICE             2025-09-09 19:00:00
CHEESE           2025-09-09 19:00:00
CANOLA*          2025-09-09 19:00:00
SOYOIL           2025-09-09 19:00:00
CAD2             2025-09-09 19:00:00
SOYMEAL          2025-09-09 19:00:00
SOYBEAN_mini     2025-09-09 19:00:00
SOYBEAN          2025-09-09 19:00:00
COTTON2          2025-09-09 19:00:00
US-DISCRETE      2025-09-09 19:00:00
BUTTER           2025-09-09 19:00:00
US-HEALTH        2025-09-09 19:00:00
AUD_micro        2025-09-09 19:00:00
EURCHF           2025-09-09 19:00:00
WHEAT*           2025-09-09 19:00:00
ETHER-micro      2025-09-09 19:00:00
DX               2025-09-09 19:00:00
LIVECOW          2025-09-09 19:00:00
LEANHOG*         2025-09-09 19:00:00
WHEAT_mini       2025-09-09 19:00:00
MILK             2025-09-09 19:00:00
GBPJPY           2025-09-09 19:00:00
GBPEUR           2025-09-09 19:00:00
FEEDCOW          2025-09-09 19:00:00
SP400            2025-09-09 20:00:00
VIX_mini         2025-09-09 20:00:00
SP500            2025-09-09 20:00:00
SP500_micro      2025-09-09 20:00:00
AUD              2025-09-09 20:00:00
YENEUR*          2025-09-09 20:00:00
ZAR              2025-09-09 20:00:00
VIX              2025-09-09 20:00:00
US3              2025-09-09 20:00:00
US30             2025-09-09 20:00:00
US-ENERGY        2025-09-09 20:00:00
US20             2025-09-09 20:00:00
US2              2025-09-09 20:00:00
US10U            2025-09-09 20:00:00
US10             2025-09-09 20:00:00
BRENT-LAST       2025-09-09 20:00:00
US-UTILS         2025-09-09 20:00:00
BRE              2025-09-09 20:00:00
BITCOIN          2025-09-09 20:00:00
US-REALESTATE    2025-09-09 20:00:00
US-MATERIAL      2025-09-09 20:00:00
US-INDUSTRY      2025-09-09 20:00:00
US5              2025-09-09 20:00:00
US-STAPLES       2025-09-09 20:00:00
GAS_US           2025-09-09 20:00:00
SILVER*          2025-09-09 20:00:00
LUMBER-new       2025-09-09 20:00:00
ETHEREUM         2025-09-09 20:00:00
JPY_mini         2025-09-09 20:00:00
SOFR             2025-09-09 20:00:00
EUR              2025-09-09 20:00:00
HEATOIL          2025-09-09 20:00:00
EUR_micro        2025-09-09 20:00:00
EUR_mini         2025-09-09 20:00:00
DOW_mini         2025-09-09 20:00:00
FANG             2025-09-09 20:00:00
GOLD_micro       2025-09-09 20:00:00
GOLD-mini        2025-09-09 20:00:00
GOLD             2025-09-09 20:00:00
GAS-LAST         2025-09-09 20:00:00
GBP_micro        2025-09-09 20:00:00
GASOILINE        2025-09-09 20:00:00
GBP              2025-09-09 20:00:00
GAS_US_mini*     2025-09-09 20:00:00
FED              2025-09-09 20:00:00
MILKDRY          2025-09-09 20:00:00
JPY*             2025-09-09 20:00:00
CRUDE_W_mini     2025-09-09 20:00:00
CAD              2025-09-09 20:00:00
CAD10            2025-09-09 20:00:00
CAD5             2025-09-09 20:00:00
SEK              2025-09-09 20:00:00
DOW              2025-09-09 20:00:00
RUSSELL_mini     2025-09-09 20:00:00
RUSSELL*         2025-09-09 20:00:00
CHF              2025-09-09 20:00:00
PLAT             2025-09-09 20:00:00
PALLAD           2025-09-09 20:00:00
CAD_micro        2025-09-09 20:00:00
COPPER           2025-09-09 20:00:00
COPPER-micro     2025-09-09 20:00:00
NASDAQ_micro     2025-09-09 20:00:00
NASDAQ           2025-09-09 20:00:00
MXP*             2025-09-09 20:00:00
CRUDE_W          2025-09-09 20:00:00
CRUDE_W_micro    2025-09-09 20:00:00
MSCIEAFA*        2025-09-09 20:00:00
NZD              2025-09-09 20:00:00
HKDUSD           2025-09-09 23:00:00
CHFUSD           2025-09-09 23:00:00
JPYUSD           2025-09-09 23:00:00
EURUSD           2025-09-09 23:00:00
CADUSD           2025-09-09 23:00:00
SGDUSD           2025-09-09 23:00:00
CNHUSD           2025-09-09 23:00:00
SEKUSD           2025-09-09 23:00:00
GBPUSD           2025-09-09 23:00:00
MXPUSD           2025-09-09 23:00:00
KRWUSD           2025-09-09 23:00:00
AUDUSD           2025-09-09 23:00:00


============================================================
           Status of optimal position generation            
============================================================

                                                 last_update
dynamic_TF_carry/SGX              2024-12-02 22:31:28.544775
dynamic_TF_carry/MSCITAIWAN       2025-09-09 22:31:36.888598
dynamic_TF_carry/CORN             2025-09-09 22:31:36.888856
dynamic_TF_carry/DAX              2025-09-09 22:31:36.889098
dynamic_TF_carry/COPPER           2025-09-09 22:31:36.889333
dynamic_TF_carry/PALLAD           2025-09-09 22:31:36.889576
dynamic_TF_carry/CRUDE_W_mini     2025-09-09 22:31:36.889812
dynamic_TF_carry/MILKDRY          2025-09-09 22:31:36.890041
dynamic_TF_carry/MSCIEAFA         2025-09-09 22:31:36.890271
dynamic_TF_carry/SHATZ            2025-09-09 22:31:36.890501
dynamic_TF_carry/MSCISING         2025-09-09 22:31:36.890732
dynamic_TF_carry/SUGAR16          2025-09-09 22:31:36.890965
dynamic_TF_carry/MUMMY            2025-09-09 22:31:36.891199
dynamic_TF_carry/US-REALESTATE    2025-09-09 22:31:36.891432
dynamic_TF_carry/ZINC_LME         2025-09-09 22:31:36.891663
dynamic_TF_carry/US-STAPLES       2025-09-09 22:31:36.891893
dynamic_TF_carry/SILVER           2025-09-09 22:31:36.892125
dynamic_TF_carry/US-INDUSTRY      2025-09-09 22:31:36.892358
dynamic_TF_carry/US-UTILS         2025-09-09 22:31:36.892588
dynamic_TF_carry/EU-BASIC         2025-09-09 22:31:36.892817
dynamic_TF_carry/EURAUD           2025-09-09 22:31:36.893047
dynamic_TF_carry/AUD_micro        2025-09-09 22:31:36.893276
dynamic_TF_carry/EUR              2025-09-09 22:31:36.893509
dynamic_TF_carry/TWD              2025-09-09 22:31:36.893748
dynamic_TF_carry/EURIBOR-ICE      2025-09-09 22:31:36.894215
dynamic_TF_carry/KOSDAQ           2025-09-09 22:31:36.894446
dynamic_TF_carry/EU-UTILS         2025-09-09 22:31:36.894910
dynamic_TF_carry/MSCIWORLD        2025-09-09 22:31:36.895140
dynamic_TF_carry/GASOIL           2025-09-09 22:31:36.895370
dynamic_TF_carry/PLN              2025-09-09 22:31:36.895601
dynamic_TF_carry/LEANHOG          2025-09-09 22:31:36.895832
dynamic_TF_carry/CHINAA-CON       2025-09-09 22:31:36.896062
dynamic_TF_carry/MILLWHEAT        2025-09-09 22:31:36.896290
dynamic_TF_carry/SUGAR11          2025-09-09 22:31:36.896524
dynamic_TF_carry/FTSEINDO         2025-09-09 22:31:36.896755
dynamic_TF_carry/NIKKEI           2025-09-09 22:31:36.896987
dynamic_TF_carry/EUROSTX-LARGE    2025-09-09 22:31:36.897221
dynamic_TF_carry/CNH              2025-09-09 22:31:36.897449
dynamic_TF_carry/KR3              2025-09-09 22:31:36.897682
dynamic_TF_carry/KRWUSD           2025-09-09 22:31:36.897911
dynamic_TF_carry/OATIES           2025-09-09 22:31:36.898144
dynamic_TF_carry/PLAT             2025-09-09 22:31:36.898376
dynamic_TF_carry/ROBUSTA          2025-09-09 22:31:36.898606
dynamic_TF_carry/US-MATERIAL      2025-09-09 22:31:36.898836
dynamic_TF_carry/WHEY             2025-09-09 22:31:36.899068
dynamic_TF_carry/BOVESPA          2025-09-09 22:31:36.899297
dynamic_TF_carry/NICKEL_LME       2025-09-09 22:31:36.899526
dynamic_TF_carry/EU-HEALTH        2025-09-09 22:31:36.899756
dynamic_TF_carry/EUROSTX-SMALL    2025-09-09 22:31:36.899988
dynamic_TF_carry/GAS-LAST         2025-09-09 22:31:36.900217
dynamic_TF_carry/MXP              2025-09-09 22:31:36.900447
dynamic_TF_carry/RUBBER           2025-09-09 22:31:36.900677
dynamic_TF_carry/IG               2025-09-09 22:31:36.900910
dynamic_TF_carry/KOSPI_mini       2025-09-09 22:31:36.901140
dynamic_TF_carry/US10             2025-09-09 22:31:36.901369
dynamic_TF_carry/BOBL             2025-09-09 22:31:36.901603
dynamic_TF_carry/IBEX_mini        2025-09-09 22:31:36.901836
dynamic_TF_carry/EU-OIL           2025-09-09 22:31:36.902067
dynamic_TF_carry/JPY              2025-09-09 22:31:36.902298
dynamic_TF_carry/ALUMINIUM        2025-09-09 22:31:36.902529
dynamic_TF_carry/LEAD_LME         2025-09-09 22:31:36.902763
dynamic_TF_carry/EU-BANKS         2025-09-09 22:31:36.902996
dynamic_TF_carry/SMI              2025-09-09 22:31:36.903229
dynamic_TF_carry/GASOILINE        2025-09-09 22:31:36.903459
dynamic_TF_carry/SEK              2025-09-09 22:31:36.903691
dynamic_TF_carry/GILT             2025-09-09 22:31:36.903923
dynamic_TF_carry/MILKWET          2025-09-09 22:31:36.904157
dynamic_TF_carry/CLP              2025-09-09 22:31:36.904386
dynamic_TF_carry/EU-DJ-TELECOM    2025-09-09 22:31:36.904620
dynamic_TF_carry/EURCHF           2025-09-09 22:31:36.904852
dynamic_TF_carry/FTSEVIET         2025-09-09 22:31:36.905082
dynamic_TF_carry/BRENT_W          2025-09-09 22:31:36.905313
dynamic_TF_carry/FTSE100          2025-09-09 22:31:36.905547
dynamic_TF_carry/CAD5             2025-09-09 22:31:36.905781
dynamic_TF_carry/EU-CHEM          2025-09-09 22:31:36.906011
dynamic_TF_carry/VNKI             2025-09-09 22:31:36.906245
dynamic_TF_carry/FTSE250          2025-09-09 22:31:36.906480
dynamic_TF_carry/BUND             2025-09-09 22:31:36.906713
dynamic_TF_carry/COFFEE           2025-09-09 22:31:36.906946
dynamic_TF_carry/BTP3             2025-09-09 22:31:36.907175
dynamic_TF_carry/AUDJPY           2025-09-09 22:31:36.907403
dynamic_TF_carry/CAD2             2025-09-09 22:31:36.907861
dynamic_TF_carry/EU-CONSTRUCTION  2025-09-09 22:31:36.908088
dynamic_TF_carry/TIN_LME          2025-09-09 22:31:36.908544
dynamic_TF_carry/COCOA_LDN        2025-09-09 22:31:36.908774
dynamic_TF_carry/AUD              2025-09-09 22:31:36.909004
dynamic_TF_carry/SOFR             2025-09-09 22:31:36.909231
dynamic_TF_carry/FTSETAIWAN       2025-09-09 22:31:36.909459
dynamic_TF_carry/BTP              2025-09-09 22:31:36.909693
dynamic_TF_carry/SPI200           2025-09-09 22:31:36.909921
dynamic_TF_carry/COPPER_LME       2025-09-09 22:31:36.910151
dynamic_TF_carry/V2X              2025-09-09 22:31:36.910380
dynamic_TF_carry/COPPER-micro     2025-09-09 22:31:36.910608
dynamic_TF_carry/GOLD_micro       2025-09-09 22:31:36.910835
dynamic_TF_carry/GBPEUR           2025-09-09 22:31:36.911062
dynamic_TF_carry/SP500_micro      2025-09-09 22:31:36.911289
dynamic_TF_carry/COAL             2025-09-09 22:31:36.911516
dynamic_TF_carry/KR10             2025-09-09 22:31:36.911743
dynamic_TF_carry/OMX              2025-09-09 22:31:36.911972
dynamic_TF_carry/CH10             2025-09-09 22:31:36.912200
dynamic_TF_carry/RUSSELL          2025-09-09 22:31:36.912430
dynamic_TF_carry/HOUSE-US         2025-09-09 22:31:36.912661
dynamic_TF_carry/BUTTER           2025-09-09 22:31:36.913115
dynamic_TF_carry/STEEL            2025-09-09 22:31:36.913345
dynamic_TF_carry/EU-DJ-UTIL       2025-09-09 22:31:36.913575
dynamic_TF_carry/MSCIASIA         2025-09-09 22:31:36.913803
dynamic_TF_carry/OJ               2025-09-09 22:31:36.914033
dynamic_TF_carry/EU-INSURE        2025-09-09 22:31:36.914263
dynamic_TF_carry/EU-FOOD          2025-09-09 22:31:36.914491
dynamic_TF_carry/WHEAT            2025-09-09 22:31:36.914718
dynamic_TF_carry/BONO             2025-09-09 22:31:36.914946
dynamic_TF_carry/FED              2025-09-09 22:31:36.915173
dynamic_TF_carry/EUR_micro        2025-09-09 22:31:36.915398
dynamic_TF_carry/NASDAQ_micro     2025-09-09 22:31:36.915627
dynamic_TF_carry/OAT              2025-09-09 22:31:36.915856
dynamic_TF_carry/GBP              2025-09-09 22:31:36.916084
dynamic_TF_carry/BBCOMM           2025-09-09 22:31:36.916312
dynamic_TF_carry/CANOLA           2025-09-09 22:31:36.916538
dynamic_TF_carry/FANG             2025-09-09 22:31:36.916765
dynamic_TF_carry/LIVECOW          2025-09-09 22:31:36.916992
dynamic_TF_carry/CZK              2025-09-09 22:31:36.917448
dynamic_TF_carry/COTTON           2025-09-09 22:31:36.917679
dynamic_TF_carry/CRUDE_ICE        2025-09-09 22:31:36.917908
dynamic_TF_carry/HEATOIL          2025-09-09 22:31:36.918136
dynamic_TF_carry/NIKKEI400        2025-09-09 22:31:36.918366
dynamic_TF_carry/R1000            2025-09-09 22:31:36.918598
dynamic_TF_carry/US-DISCRETE      2025-09-09 22:31:36.918825
dynamic_TF_carry/ZAR              2025-09-09 22:31:36.919055
dynamic_TF_carry/ETHEREUM         2025-09-09 22:31:36.919285
dynamic_TF_carry/US5              2025-09-09 22:31:36.919512
dynamic_TF_carry/HIGHYIELD        2025-09-09 22:31:36.919740
dynamic_TF_carry/KOSPI            2025-09-09 22:31:36.919967
dynamic_TF_carry/SONIA3           2025-09-09 22:31:36.920194
dynamic_TF_carry/SGD              2025-09-09 22:31:36.920423
dynamic_TF_carry/MIB              2025-09-09 22:31:36.920877
dynamic_TF_carry/EPRA-EUROPE      2025-09-09 22:31:36.921106
dynamic_TF_carry/SP400            2025-09-09 22:31:36.921333
dynamic_TF_carry/SWISSLEAD        2025-09-09 22:31:36.921560
dynamic_TF_carry/CHFJPY           2025-09-09 22:31:36.921793
dynamic_TF_carry/GBPCHF           2025-09-09 22:31:36.922020
dynamic_TF_carry/SUGAR_WHITE      2025-09-09 22:31:36.922249
dynamic_TF_carry/COAL-GEORDIE     2025-09-09 22:31:36.922477
dynamic_TF_carry/BUXL             2025-09-09 22:31:36.922707
dynamic_TF_carry/US2              2025-09-09 22:31:36.922937
dynamic_TF_carry/EUROSTX          2025-09-09 22:31:36.923399
dynamic_TF_carry/GICS             2025-09-09 22:31:36.923629
dynamic_TF_carry/US20             2025-09-09 22:31:36.923860
dynamic_TF_carry/DX               2025-09-09 22:31:36.924092
dynamic_TF_carry/CRUDE_W_micro    2025-09-09 22:31:36.924320
dynamic_TF_carry/CHF              2025-09-09 22:31:36.924550
dynamic_TF_carry/KRWUSD_mini      2025-09-09 22:31:36.924781
dynamic_TF_carry/EUROSTX200-LARGE 2025-09-09 22:31:36.925010
dynamic_TF_carry/EURCAD           2025-09-09 22:31:36.925238
dynamic_TF_carry/SARONA           2025-09-09 22:31:36.925468
dynamic_TF_carry/EU-HOUSE         2025-09-09 22:31:36.925701
dynamic_TF_carry/BITCOIN          2025-09-09 22:31:36.925931
dynamic_TF_carry/EU-REALESTATE    2025-09-09 22:31:36.926160
dynamic_TF_carry/COTTON2          2025-09-09 22:31:36.926389
dynamic_TF_carry/GAS-PEN          2025-09-09 22:31:36.926618
dynamic_TF_carry/GBPJPY           2025-09-09 22:31:36.926846
dynamic_TF_carry/SMI-MID          2025-09-09 22:31:36.927075
dynamic_TF_carry/US-ENERGY        2025-09-09 22:31:36.927304
dynamic_TF_carry/CAC              2025-09-09 22:31:36.927534
dynamic_TF_carry/HANGTECH         2025-09-09 22:31:36.927764
dynamic_TF_carry/CAD              2025-09-09 22:31:36.927993
dynamic_TF_carry/REDWHEAT         2025-09-09 22:31:36.928224
dynamic_TF_carry/VIX              2025-09-09 22:31:36.928453
dynamic_TF_carry/BRE              2025-09-09 22:31:36.928684
dynamic_TF_carry/US10U            2025-09-09 22:31:36.928914
dynamic_TF_carry/LUMBER-new       2025-09-09 22:31:36.929143
dynamic_TF_carry/IRS              2025-09-09 22:31:36.929372
dynamic_TF_carry/JGB-SGX-mini     2025-09-09 22:31:36.929603
dynamic_TF_carry/HANGENT_mini     2025-09-09 22:31:36.929831
dynamic_TF_carry/EU-MEDIA         2025-09-09 22:31:36.930060
dynamic_TF_carry/YENEUR           2025-09-09 22:31:36.930288
dynamic_TF_carry/EURIBOR          2025-09-09 22:31:36.930516
dynamic_TF_carry/BRENT-LAST       2025-09-09 22:31:36.930745
dynamic_TF_carry/TOPIX            2025-09-09 22:31:36.930973
dynamic_TF_carry/SOYMEAL          2025-09-09 22:31:36.931429
dynamic_TF_carry/US30             2025-09-09 22:31:36.931658
dynamic_TF_carry/JGB              2025-09-09 22:31:36.932113
dynamic_TF_carry/US-HEALTH        2025-09-09 22:31:36.932569
dynamic_TF_carry/SOYOIL           2025-09-09 22:31:36.932797
dynamic_TF_carry/RICE             2025-09-09 22:31:36.933024
dynamic_TF_carry/EUA              2025-09-09 22:31:36.933253
dynamic_TF_carry/RUR              2025-09-09 22:31:36.933482
dynamic_TF_carry/SOYBEAN_mini     2025-09-09 22:31:36.933715
dynamic_TF_carry/WHEAT_ICE        2025-09-09 22:31:36.933942
dynamic_TF_carry/FTSECHINAA       2025-09-09 22:31:36.934170
dynamic_TF_carry/INR              2025-09-09 22:31:36.934399
dynamic_TF_carry/FEEDCOW          2025-09-09 22:31:36.934627
dynamic_TF_carry/FTSECHINAH       2025-09-09 22:31:36.934855
dynamic_TF_carry/CHEESE           2025-09-09 22:31:36.935086
dynamic_TF_carry/GAS_US_mini      2025-09-09 22:31:36.935316
dynamic_TF_carry/NZD              2025-09-09 22:31:36.935547
dynamic_TF_carry/EU-MID           2025-09-09 22:31:36.936007
dynamic_TF_carry/US3              2025-09-09 22:31:36.936236
dynamic_TF_carry/AEX              2025-09-09 22:31:36.936465
dynamic_TF_carry/EU-DIV30         2025-09-09 22:31:36.936695
dynamic_TF_carry/JP-REALESTATE    2025-09-09 22:31:36.936924
dynamic_TF_carry/EURO600          2025-09-09 22:31:36.937154
dynamic_TF_carry/HANG_mini        2025-09-09 22:31:36.937382
dynamic_TF_carry/IRON             2025-09-09 22:31:36.937615
dynamic_TF_carry/EU-TRAVEL        2025-09-09 22:31:36.937845
dynamic_TF_carry/MSCIEMASIA       2025-09-09 22:31:36.938073
dynamic_TF_carry/EU-RETAIL        2025-09-09 22:31:36.938302
dynamic_TF_carry/EU-TECH          2025-09-09 22:31:36.938531
dynamic_TF_carry/MILK             2025-09-09 22:31:36.938758
dynamic_TF_carry/CAD10            2025-09-09 22:31:36.938987
dynamic_TF_carry/SOYBEAN          2025-09-09 22:31:36.939216
dynamic_TF_carry/DOW              2025-09-09 22:31:36.939444
dynamic_TF_carry/EU-AUTO          2025-09-09 22:31:36.939674
dynamic_TF_carry/COCOA            2025-09-09 22:31:36.939902
dynamic_TF_carry/NOK              2025-09-09 22:31:36.940362


======================================================================================================================
                                                Status of trade limits                                                
======================================================================================================================

                   period_days  trade_limit  trades_since_last_reset  trade_capacity_remaining   time_since_last_reset
 GBP                        30            6                      5.0                       1.0 25 days 07:57:39.923224
 AEX                        30            4                      3.0                       1.0 25 days 14:57:28.924484
 GAS_US_mini                30            6                      4.0                       2.0 28 days 08:57:19.705420
 JPY                        14            4                      2.0                       2.0  8 days 07:57:34.812730
 GBP                        14            4                      1.0                       3.0  7 days 07:57:36.270718
 BUND                       30            4                      1.0                       3.0  1 days 14:20:56.582383
 BTP                        30            4                      1.0                       3.0  6 days 14:57:37.007375
 BUND                       14            4                      1.0                       3.0  1 days 14:20:56.581698
 JPY                        30            5                      2.0                       3.0  8 days 07:57:34.814233
 BTP                        14            4                      1.0                       3.0  6 days 14:57:37.005632
 LEANHOG                    14            4                      1.0                       3.0  7 days 07:27:19.341677
 EU-DJ-TECH                  1            4                      0.0                       4.0  0 days 00:00:00.000002
 EU-DJ-OIL                   1            4                      0.0                       4.0  0 days 00:00:00.000002
 EU-DJ-UTIL                  1            4                      0.0                       4.0  0 days 00:00:00.000001
 EU-HOUSE                    1            4                      0.0                       4.0  0 days 00:00:00.000001
 EU-CONSTRUCTION             1            4                      0.0                       4.0  0 days 00:00:00.000002
 EU-DJ-TELECOM               1            4                      0.0                       4.0  0 days 00:00:00.000002
 CORN                        1            4                      0.0                       4.0  0 days 00:00:00.000003
 EU-MEDIA                    1            4                      0.0                       4.0  0 days 00:00:00.000001
 COTTON                      1            4                      0.0                       4.0  0 days 00:00:00.000001
 COPPER-mini                 1            4                      0.0                       4.0  0 days 00:00:00.000001
 CNH-onshore                 1            4                      0.0                       4.0  0 days 00:00:00.000001
 CLP                         1            4                      0.0                       4.0  0 days 00:00:00.000001
 CH10                        1            4                      0.0                       4.0  0 days 00:00:00.000002
 BUTTER                      1            4                      0.0                       4.0  0 days 00:00:00.000002
 BOVESPA                     1            4                      0.0                       4.0  0 days 00:00:00.000002
 CZK                         1            4                      0.0                       4.0  0 days 00:00:00.000001
 EU-MID                      1            4                      0.0                       4.0  0 days 00:00:00.000001
 EUROSTX-LARGE               1            4                      0.0                       4.0  0 days 00:00:00.000002
 EURCHF                      1            4                      0.0                       4.0  0 days 00:00:00.000001
 US-HEALTH                   1            4                      0.0                       4.0  0 days 00:00:00.000002
 US-ENERGY                   1            4                      0.0                       4.0  0 days 00:00:00.000002
 US-DISCRETE                 1            4                      0.0                       4.0  0 days 00:00:00.000002
 SMI-MID                     1            4                      0.0                       4.0  0 days 00:00:00.000002
 SGX                         1            4                      0.0                       4.0  0 days 00:00:00.000001
 SGD                         1            4                      0.0                       4.0  0 days 00:00:00.000001
 OMX                         1            4                      0.0                       4.0  0 days 00:00:00.000001
 MSCIASIA                    1            4                      0.0                       4.0  0 days 00:00:00.000001
 MILKWET                     1            4                      0.0                       4.0  0 days 00:00:00.000002
 MILKDRY                     1            4                      0.0                       4.0  0 days 00:00:00.000002
 MID-DAX                     1            4                      0.0                       4.0  0 days 00:00:00.000001
 JP-REALESTATE               1            4                      0.0                       4.0  0 days 00:00:00.000001
