
********************************************************************************
                   Status report produced on 18/06/2026 22:55                   
********************************************************************************



===================================================================================================
                                          Delayed methods                                          
===================================================================================================

                  process_name                 last_start                last_end currently_running
clean_log_files   run_cleaners 2026-05-14 22:45:04.423207 2026-05-12 22:45:04.575              True
backup_db_to_csv   run_backups 2026-05-15 22:46:04.478052 2026-05-12 22:53:43.982              True


=============================
Delayed adjusted / FX prices 
=============================

                  last_update
SGX       2026-03-02 23:00:04
IG        2026-05-22 20:00:01
HIGHYIELD 2026-05-22 20:00:01


===============================================
           Delayed optimal positions           
===============================================

                                    last_update
dynamic_TF_carry/SGX 2024-12-02 22:31:28.544775


================================================================================================================
                                           Instruments at trade limit                                           
================================================================================================================

             period_days  trade_limit  trades_since_last_reset  trade_capacity_remaining   time_since_last_reset
NOSTRAT JPY           30            5                      5.0                       0.0 13 days 13:53:41.309888


================================================
         Instruments at position limit          
================================================

                 keys  position pos_limit  spare
114          FTSEINDO         0         0      0
197           SUGAR16         0         0      0
192            BUTTER         0         0      0
77      EU-DJ-TELECOM         0         0      0
190              BONO         0         0      0
39        CNH-onshore         0         0      0
95           TWD-mini         0         0      0
41                AEX         1         1      0
185          EU-HOUSE         0         0      0
45        COPPER-mini         0         0      0
181            AUDJPY         0         0      0
91         COPPER_LME         0         0      0
135   GASOILINE_micro         0         0      0
179              VNKI         0         0      0
238            EURAUD         0         0      0
138         EU-DJ-OIL         0         0      0
83         EU-DJ-TECH         0         0      0
168           MILKDRY         0         0      0
59             PALLAD         0         0      0
164             SP400         0         0      0
82                MIB         0         0      0
237              WHEY         0         0      0
63               GOLD         0         0      0
157           TIN_LME         0         0      0
155            GBPJPY         0         0      0
154          SGD_mini         0         0      0
150            CHFJPY         0         0      0
70             EURCAD         0         0      0
147            GBPCHF         0         0      0
78           AEX_mini         0         0      0
201            NASDAQ         0         0      0
202               OMX         0         0      0
37                SGX         0         0      0
240               CLP         0         0      0
10      GASOILINE_ICE         0         0      0
214          JPY_mini         0         0      0
108               CZK         0         0      0
13             COTTON         0         0      0
211          ETHEREUM         0         0      0
220      COAL-GEORDIE         0         0      0
109              GICS         0         0      0
239               CHF        -3         3      0
115       EPRA-EUROPE         0         0      0
105           HEATOIL         0         0      0
104            KRWUSD         0         0      0
209  EUROSTX200-LARGE         0         0      0
218         GOLD-mini         0         0      0
8                CH10         0         0      0
20            MILKWET         0         0      0
228              COAL         0         0      0
224               SGD         0         0      0
119          HOUSE-US         0         0      0
2                 PLN         0         0      0
102         CRUDE_ICE         0         0      0
24          SWISSLEAD         0         0      0
101     EUROSTX-LARGE         0         0      0
26                IRS         0         0      0
27              KOSPI         0         0      0
100       HEATOIL-ICE         0         0      0
1             BOVESPA         0         0      0
97                NOK         0         0      0
208           GAS-PEN         0         0      0


==========================================================
         Overrides in database consider deleting          
==========================================================

                                                  override
NICKEL_LME              Override Close because in database
MILKDRY           Override Reduce only because in database
COPPER-mini       Override Reduce only because in database
SOYBEAN_mini      Override Reduce only because in database
GAS_US_mini       Override Reduce only because in database
SUGAR16           Override Reduce only because in database
EU-CONSTRUCTION   Override Reduce only because in database
CORN_mini         Override Reduce only because in database
EU-DJ-UTIL        Override Reduce only because in database
CRUDE_W_mini      Override Reduce only because in database
EU-HOUSE          Override Reduce only because in database
EUROSTX-SMALL     Override Reduce only because in database
STEEL             Override Reduce only because in database
EU-MEDIA          Override Reduce only because in database
EUROSTX-LARGE     Override Reduce only because in database
GASOILINE_micro   Override Reduce only because in database
MSCIWORLD         Override Reduce only because in database
EUROSTX200-LARGE  Override Reduce only because in database
EU-DJ-OIL         Override Reduce only because in database
EU-FOOD           Override Reduce only because in database
EU-DJ-TECH        Override Reduce only because in database
AEX_mini          Override Reduce only because in database
EU-TRAVEL         Override Reduce only because in database
EU-DJ-TELECOM     Override Reduce only because in database
EPRA-EUROPE       Override Reduce only because in database
EU-RETAIL         Override Reduce only because in database
MSCIEMASIA        Override Reduce only because in database
SWISSLEAD         Override Reduce only because in database
SMI-MID           Override Reduce only because in database
COAL              Override Reduce only because in database
INR               Override Reduce only because in database
RICE              Override Reduce only because in database
FTSEINDO          Override Reduce only because in database
FTSECHINAH        Override Reduce only because in database
FTSETAIWAN        Override Reduce only because in database
COTTON            Override Reduce only because in database
BRENT-LAST        Override Reduce only because in database
MSCISING          Override Reduce only because in database
GAS-PEN           Override Reduce only because in database
HANG              Override Reduce only because in database
MSCITAIWAN        Override Reduce only because in database
SGX               Override Reduce only because in database
HANGTECH          Override Reduce only because in database
HANGENT           Override Reduce only because in database
FTSEVIET          Override Reduce only because in database
VNKI              Override Reduce only because in database
HIGHYIELD         Override Reduce only because in database
CLP               Override Reduce only because in database
IG                Override Reduce only because in database

Locked instruments (position mismatch): []

==============================================
Status of adjusted price / FX price collection
==============================================

                         last_update
SGX              2026-03-02 23:00:04
IG               2026-05-22 20:00:01
HIGHYIELD        2026-05-22 20:00:01
CNH-onshore      2026-06-15 23:00:00
TWD-mini         2026-06-15 23:00:00
GASOILINE_micro  2026-06-17 23:00:00
HOUSE-US         2026-06-17 23:00:00
EURAUD           2026-06-17 23:00:00
SGD_mini         2026-06-17 23:00:00
CH10             2026-06-17 23:00:00
IRS              2026-06-17 23:00:00
CLP              2026-06-17 23:00:00
PLN              2026-06-17 23:00:00
OMX              2026-06-17 23:00:00
COTTON           2026-06-17 23:00:00
MSCIWORLD        2026-06-17 23:00:00
CHFJPY           2026-06-17 23:00:00
SUGAR16          2026-06-17 23:00:00
SGD              2026-06-17 23:00:00
CZK              2026-06-17 23:00:00
SWISSLEAD        2026-06-17 23:00:00
TIN_LME          2026-06-17 23:00:00
GBPCHF           2026-06-17 23:00:00
GAS-PEN          2026-06-17 23:00:00
AUDJPY           2026-06-17 23:00:00
BOVESPA          2026-06-17 23:00:00
GICS             2026-06-17 23:00:00
JGB-mini         2026-06-18 04:30:00
VNKI             2026-06-18 06:00:00
MSCITAIWAN       2026-06-18 06:00:00
KR3              2026-06-18 07:00:00
KR10             2026-06-18 07:00:00
TWD              2026-06-18 07:00:00
KOSPI_mini       2026-06-18 07:00:00
JP-REALESTATE    2026-06-18 07:00:00
NIKKEI*          2026-06-18 07:00:00
KOSDAQ           2026-06-18 07:00:00
NIKKEI400        2026-06-18 07:00:00
KOSPI            2026-06-18 07:00:00
IRON             2026-06-18 08:00:00
MSCISING         2026-06-18 08:00:00
HANG             2026-06-18 08:00:00
HANG_mini        2026-06-18 08:00:00
FTSEINDO         2026-06-18 08:00:00
JGB-SGX-mini     2026-06-18 08:00:00
FTSECHINAH       2026-06-18 08:00:00
CHINAA-CON       2026-06-18 08:00:00
JGB              2026-06-18 08:00:00
MSCIEMASIA       2026-06-18 08:00:00
HANGENT_mini*    2026-06-18 09:00:00
HANGENT          2026-06-18 09:00:00
KRWUSD_mini      2026-06-18 09:00:00
FTSECHINAA       2026-06-18 09:00:00
FTSETAIWAN       2026-06-18 09:00:00
HANGTECH         2026-06-18 09:00:00
CNH              2026-06-18 09:00:00
AEX_mini         2026-06-18 09:00:00
SPI200           2026-06-18 09:00:00
MUMMY            2026-06-18 09:00:00
RUBBER           2026-06-18 09:00:00
TOPIX            2026-06-18 09:00:00
FTSEVIET         2026-06-18 09:15:00
EUROSTX-LARGE    2026-06-18 11:00:00
EU-RETAIL        2026-06-18 11:00:00
EU-TRAVEL        2026-06-18 12:00:00
EURIBOR          2026-06-18 12:00:00
WHEAT_ICE        2026-06-18 13:00:00
EU-MEDIA         2026-06-18 13:00:00
COAL-GEORDIE     2026-06-18 13:00:00
EU-MID           2026-06-18 14:00:00
SMI-MID          2026-06-18 14:00:00
BONO             2026-06-18 14:00:00
EPRA-EUROPE      2026-06-18 14:00:00
GAS-LAST         2026-06-18 14:30:00
FTSE250          2026-06-18 15:00:00
V2X              2026-06-18 15:00:00
ALUMINIUM_LME    2026-06-18 15:00:00
SUGAR_WHITE      2026-06-18 15:00:00
EUROSTX200-LARGE 2026-06-18 15:00:00
GILT             2026-06-18 15:00:00
EUROSTX-SMALL    2026-06-18 15:00:00
ZINC_LME         2026-06-18 15:00:00
FTSE100          2026-06-18 15:00:00
GASOIL           2026-06-18 15:00:00
HEATOIL-ICE      2026-06-18 15:00:00
SONIA3           2026-06-18 15:00:00
BRENT_W          2026-06-18 15:00:00
MILLWHEAT        2026-06-18 15:00:00
EUA              2026-06-18 15:00:00
EU-DJ-OIL        2026-06-18 15:00:00
LEAD_LME         2026-06-18 15:00:00
COPPER_LME       2026-06-18 15:00:00
MIB              2026-06-18 15:00:00
COCOA_LDN        2026-06-18 15:00:00
EURCAD           2026-06-18 15:00:00
COAL             2026-06-18 15:00:00
EU-DJ-UTIL       2026-06-18 15:00:00
ROBUSTA          2026-06-18 15:00:00
EU-HOUSE         2026-06-18 15:00:00
SARONA           2026-06-18 15:00:00
EU-REALESTATE    2026-06-18 15:00:00
GASOILINE_ICE    2026-06-18 15:00:00
IBEX_mini        2026-06-18 15:00:00
MSCIASIA         2026-06-18 15:00:00
IBEX             2026-06-18 15:00:00
NICKEL_LME       2026-06-18 15:00:00
CRUDE_ICE        2026-06-18 15:00:00
SMI              2026-06-18 16:00:00
WHEY             2026-06-18 16:00:00
OAT              2026-06-18 16:00:00
SHATZ            2026-06-18 16:00:00
KRWUSD           2026-06-18 16:00:00
MILKWET          2026-06-18 16:00:00
AEX*             2026-06-18 16:00:00
EU-TECH          2026-06-18 16:00:00
EU-INSURE        2026-06-18 16:00:00
EU-HEALTH        2026-06-18 16:00:00
EU-FOOD          2026-06-18 16:00:00
EU-DJ-TELECOM    2026-06-18 16:00:00
EU-DJ-TECH       2026-06-18 16:00:00
BUND             2026-06-18 16:00:00
BTP3             2026-06-18 16:00:00
EU-DIV30         2026-06-18 16:00:00
EU-CONSTRUCTION  2026-06-18 16:00:00
EU-CHEM          2026-06-18 16:00:00
EU-BASIC*        2026-06-18 16:00:00
EU-BANKS*        2026-06-18 16:00:00
EU-AUTO          2026-06-18 16:00:00
BTP              2026-06-18 16:00:00
BOBL             2026-06-18 16:00:00
EU-OIL*          2026-06-18 16:00:00
EU-UTILS         2026-06-18 16:00:00
DAX*             2026-06-18 16:00:00
EURO600          2026-06-18 16:00:00
CAC*             2026-06-18 16:00:00
EUROSTX          2026-06-18 16:00:00
BUXL             2026-06-18 16:00:00
EURIBOR-ICE      2026-06-18 16:00:00
BRE              2026-06-18 17:00:00
SUGAR11          2026-06-18 17:00:00
STEEL            2026-06-18 17:00:00
OJ               2026-06-18 18:00:00
COFFEE           2026-06-18 18:00:00
COCOA            2026-06-18 18:00:00
CORN_mini        2026-06-18 19:00:00
CORN             2026-06-18 19:00:00
SOYBEAN          2026-06-18 19:00:00
CAD5             2026-06-18 19:00:00
SOYBEAN_mini     2026-06-18 19:00:00
RICE             2026-06-18 19:00:00
SOYMEAL          2026-06-18 19:00:00
CHEESE           2026-06-18 19:00:00
SOYOIL*          2026-06-18 19:00:00
R1000            2026-06-18 19:00:00
BUTTER           2026-06-18 19:00:00
COTTON2          2026-06-18 19:00:00
OATIES           2026-06-18 19:00:00
CANOLA*          2026-06-18 19:00:00
REDWHEAT*        2026-06-18 19:00:00
LUMBER-new       2026-06-18 19:00:00
LIVECOW*         2026-06-18 19:00:00
MILKDRY          2026-06-18 19:00:00
MILK             2026-06-18 19:00:00
BBCOMM           2026-06-18 19:00:00
GBPEUR           2026-06-18 19:00:00
WHEAT            2026-06-18 19:00:00
FEEDCOW          2026-06-18 19:00:00
CAD10*           2026-06-18 19:00:00
WHEAT_mini       2026-06-18 19:00:00
FANG             2026-06-18 19:00:00
LEANHOG*         2026-06-18 19:00:00
ETHER-micro      2026-06-18 19:00:00
SP500_micro      2026-06-18 20:00:00
SP500            2026-06-18 20:00:00
US-STAPLES       2026-06-18 20:00:00
AUD_micro*       2026-06-18 20:00:00
AUD              2026-06-18 20:00:00
YENEUR*          2026-06-18 20:00:00
ZAR              2026-06-18 20:00:00
ALUMINIUM        2026-06-18 20:00:00
SP400            2026-06-18 20:00:00
VIX_mini         2026-06-18 20:00:00
US30             2026-06-18 20:00:00
BITCOIN*         2026-06-18 20:00:00
US-REALESTATE    2026-06-18 20:00:00
US-MATERIAL      2026-06-18 20:00:00
US-INDUSTRY      2026-06-18 20:00:00
US-HEALTH        2026-06-18 20:00:00
US-ENERGY        2026-06-18 20:00:00
US-UTILS         2026-06-18 20:00:00
VIX              2026-06-18 20:00:00
US-DISCRETE      2026-06-18 20:00:00
US10             2026-06-18 20:00:00
US10U            2026-06-18 20:00:00
US2              2026-06-18 20:00:00
US20             2026-06-18 20:00:00
US3              2026-06-18 20:00:00
US5              2026-06-18 20:00:00
BRENT-LAST       2026-06-18 20:00:00
SOFR             2026-06-18 20:00:00
GAS_US_mini*     2026-06-18 20:00:00
SILVER           2026-06-18 20:00:00
DOW_mini         2026-06-18 20:00:00
DX               2026-06-18 20:00:00
ETHEREUM         2026-06-18 20:00:00
CAD              2026-06-18 20:00:00
JPY*             2026-06-18 20:00:00
INR              2026-06-18 20:00:00
EUR              2026-06-18 20:00:00
EURCHF           2026-06-18 20:00:00
HEATOIL          2026-06-18 20:00:00
EUR_micro        2026-06-18 20:00:00
EUR_mini         2026-06-18 20:00:00
GOLD_micro       2026-06-18 20:00:00
GOLD-mini        2026-06-18 20:00:00
GOLD             2026-06-18 20:00:00
FED              2026-06-18 20:00:00
GBP_micro        2026-06-18 20:00:00
GBPJPY           2026-06-18 20:00:00
GASOILINE        2026-06-18 20:00:00
GBP              2026-06-18 20:00:00
DOW*             2026-06-18 20:00:00
MSCIEAFA         2026-06-18 20:00:00
JPY_mini         2026-06-18 20:00:00
CRUDE_W_micro*   2026-06-18 20:00:00
CAD2             2026-06-18 20:00:00
CAD_micro        2026-06-18 20:00:00
SEK              2026-06-18 20:00:00
RUSSELL_mini     2026-06-18 20:00:00
CRUDE_W_mini     2026-06-18 20:00:00
CHF*             2026-06-18 20:00:00
CHF_micro        2026-06-18 20:00:00
GAS_US           2026-06-18 20:00:00
PLAT             2026-06-18 20:00:00
PALLAD           2026-06-18 20:00:00
RUSSELL          2026-06-18 20:00:00
COPPER           2026-06-18 20:00:00
NZD              2026-06-18 20:00:00
NOK              2026-06-18 20:00:00
COPPER-micro*    2026-06-18 20:00:00
COPPER-mini      2026-06-18 20:00:00
NASDAQ_micro     2026-06-18 20:00:00
NASDAQ           2026-06-18 20:00:00
MXP*             2026-06-18 20:00:00
CRUDE_W          2026-06-18 20:00:00
JPYUSD           2026-06-18 23:00:00
CNHUSD           2026-06-18 23:00:00
AUDUSD           2026-06-18 23:00:00
KRWUSD           2026-06-18 23:00:00
CHFUSD           2026-06-18 23:00:00
GBPUSD           2026-06-18 23:00:00
MXPUSD           2026-06-18 23:00:00
SGDUSD           2026-06-18 23:00:00
CADUSD           2026-06-18 23:00:00
HKDUSD           2026-06-18 23:00:00
EURUSD           2026-06-18 23:00:00
SEKUSD           2026-06-18 23:00:00


============================================================
           Status of optimal position generation            
============================================================

                                                 last_update
dynamic_TF_carry/SGX              2024-12-02 22:31:28.544775
dynamic_TF_carry/NIKKEI           2026-06-18 22:31:28.706017
dynamic_TF_carry/CHINAA-CON       2026-06-18 22:31:28.706246
dynamic_TF_carry/US2              2026-06-18 22:31:28.706462
dynamic_TF_carry/CAC              2026-06-18 22:31:28.706674
dynamic_TF_carry/DOW              2026-06-18 22:31:28.706883
dynamic_TF_carry/TWD              2026-06-18 22:31:28.707092
dynamic_TF_carry/SOYBEAN          2026-06-18 22:31:28.707299
dynamic_TF_carry/NZD              2026-06-18 22:31:28.707505
dynamic_TF_carry/EUROSTX-LARGE    2026-06-18 22:31:28.707711
dynamic_TF_carry/ALUMINIUM        2026-06-18 22:31:28.707917
dynamic_TF_carry/BUND             2026-06-18 22:31:28.708129
dynamic_TF_carry/DAX              2026-06-18 22:31:28.708336
dynamic_TF_carry/CHEESE           2026-06-18 22:31:28.708544
dynamic_TF_carry/AEX              2026-06-18 22:31:28.708753
dynamic_TF_carry/BRE              2026-06-18 22:31:28.708960
dynamic_TF_carry/EU-BASIC         2026-06-18 22:31:28.709166
dynamic_TF_carry/EU-RETAIL        2026-06-18 22:31:28.709373
dynamic_TF_carry/US10U            2026-06-18 22:31:28.709580
dynamic_TF_carry/US-DISCRETE      2026-06-18 22:31:28.709786
dynamic_TF_carry/HANGENT_mini     2026-06-18 22:31:28.709993
dynamic_TF_carry/EU-INSURE        2026-06-18 22:31:28.710200
dynamic_TF_carry/COPPER           2026-06-18 22:31:28.710407
dynamic_TF_carry/IBEX_mini        2026-06-18 22:31:28.710818
dynamic_TF_carry/EU-CONSTRUCTION  2026-06-18 22:31:28.711026
dynamic_TF_carry/IG               2026-06-18 22:31:28.711234
dynamic_TF_carry/INR              2026-06-18 22:31:28.711442
dynamic_TF_carry/KRWUSD           2026-06-18 22:31:28.711648
dynamic_TF_carry/CHFJPY           2026-06-18 22:31:28.711855
dynamic_TF_carry/LEANHOG          2026-06-18 22:31:28.712064
dynamic_TF_carry/GOLD_micro       2026-06-18 22:31:28.712271
dynamic_TF_carry/GBP              2026-06-18 22:31:28.712478
dynamic_TF_carry/PLN              2026-06-18 22:31:28.712685
dynamic_TF_carry/SILVER           2026-06-18 22:31:28.712892
dynamic_TF_carry/US-HEALTH        2026-06-18 22:31:28.713100
dynamic_TF_carry/R1000            2026-06-18 22:31:28.713306
dynamic_TF_carry/ZINC_LME         2026-06-18 22:31:28.713513
dynamic_TF_carry/CAD2             2026-06-18 22:31:28.713719
dynamic_TF_carry/US-ENERGY        2026-06-18 22:31:28.713925
dynamic_TF_carry/CNH              2026-06-18 22:31:28.714132
dynamic_TF_carry/MSCIASIA         2026-06-18 22:31:28.714338
dynamic_TF_carry/CAD              2026-06-18 22:31:28.714545
dynamic_TF_carry/FTSE100          2026-06-18 22:31:28.714753
dynamic_TF_carry/BITCOIN          2026-06-18 22:31:28.714960
dynamic_TF_carry/IRON             2026-06-18 22:31:28.715166
dynamic_TF_carry/RUBBER           2026-06-18 22:31:28.715373
dynamic_TF_carry/GILT             2026-06-18 22:31:28.715580
dynamic_TF_carry/MSCIWORLD        2026-06-18 22:31:28.716200
dynamic_TF_carry/FTSETAIWAN       2026-06-18 22:31:28.716826
dynamic_TF_carry/CAD5             2026-06-18 22:31:28.717032
dynamic_TF_carry/GICS             2026-06-18 22:31:28.717239
dynamic_TF_carry/COTTON           2026-06-18 22:31:28.717446
dynamic_TF_carry/EURIBOR          2026-06-18 22:31:28.717860
dynamic_TF_carry/HIGHYIELD        2026-06-18 22:31:28.718067
dynamic_TF_carry/SP500_micro      2026-06-18 22:31:28.718275
dynamic_TF_carry/FTSE250          2026-06-18 22:31:28.718688
dynamic_TF_carry/EUROSTX-SMALL    2026-06-18 22:31:28.718894
dynamic_TF_carry/KOSPI            2026-06-18 22:31:28.719100
dynamic_TF_carry/COFFEE           2026-06-18 22:31:28.719514
dynamic_TF_carry/MIB              2026-06-18 22:31:28.719722
dynamic_TF_carry/OJ               2026-06-18 22:31:28.719929
dynamic_TF_carry/COTTON2          2026-06-18 22:31:28.720139
dynamic_TF_carry/SUGAR11          2026-06-18 22:31:28.720347
dynamic_TF_carry/WHEAT            2026-06-18 22:31:28.720554
dynamic_TF_carry/EU-AUTO          2026-06-18 22:31:28.720760
dynamic_TF_carry/AUD              2026-06-18 22:31:28.720967
dynamic_TF_carry/SUGAR16          2026-06-18 22:31:28.721174
dynamic_TF_carry/US-INDUSTRY      2026-06-18 22:31:28.721383
dynamic_TF_carry/TOPIX            2026-06-18 22:31:28.721590
dynamic_TF_carry/CANOLA           2026-06-18 22:31:28.721796
dynamic_TF_carry/EU-FOOD          2026-06-18 22:31:28.722003
dynamic_TF_carry/EU-MEDIA         2026-06-18 22:31:28.722211
dynamic_TF_carry/BTP              2026-06-18 22:31:28.722417
dynamic_TF_carry/BRENT-LAST       2026-06-18 22:31:28.723038
dynamic_TF_carry/RUSSELL          2026-06-18 22:31:28.723244
dynamic_TF_carry/SOFR             2026-06-18 22:31:28.723450
dynamic_TF_carry/EU-BANKS         2026-06-18 22:31:28.723656
dynamic_TF_carry/ETHEREUM         2026-06-18 22:31:28.723861
dynamic_TF_carry/COCOA            2026-06-18 22:31:28.724070
dynamic_TF_carry/US20             2026-06-18 22:31:28.724277
dynamic_TF_carry/MILKDRY          2026-06-18 22:31:28.724483
dynamic_TF_carry/FTSEINDO         2026-06-18 22:31:28.724690
dynamic_TF_carry/OAT              2026-06-18 22:31:28.724896
dynamic_TF_carry/JP-REALESTATE    2026-06-18 22:31:28.725104
dynamic_TF_carry/REDWHEAT         2026-06-18 22:31:28.725308
dynamic_TF_carry/BRENT_W          2026-06-18 22:31:28.725515
dynamic_TF_carry/LIVECOW          2026-06-18 22:31:28.725720
dynamic_TF_carry/GAS_US_mini      2026-06-18 22:31:28.725925
dynamic_TF_carry/VIX              2026-06-18 22:31:28.726131
dynamic_TF_carry/EU-TRAVEL        2026-06-18 22:31:28.726336
dynamic_TF_carry/US5              2026-06-18 22:31:28.726541
dynamic_TF_carry/FEEDCOW          2026-06-18 22:31:28.726746
dynamic_TF_carry/BONO             2026-06-18 22:31:28.726951
dynamic_TF_carry/BUXL             2026-06-18 22:31:28.727156
dynamic_TF_carry/EUA              2026-06-18 22:31:28.727361
dynamic_TF_carry/MXP              2026-06-18 22:31:28.727565
dynamic_TF_carry/MSCIEAFA         2026-06-18 22:31:28.727771
dynamic_TF_carry/NICKEL_LME       2026-06-18 22:31:28.727977
dynamic_TF_carry/MILK             2026-06-18 22:31:28.728186
dynamic_TF_carry/CHF              2026-06-18 22:31:28.728392
dynamic_TF_carry/GBPJPY           2026-06-18 22:31:28.728597
dynamic_TF_carry/EU-DIV30         2026-06-18 22:31:28.728804
dynamic_TF_carry/PLAT             2026-06-18 22:31:28.729010
dynamic_TF_carry/GASOIL           2026-06-18 22:31:28.729214
dynamic_TF_carry/BUTTER           2026-06-18 22:31:28.729418
dynamic_TF_carry/BOBL             2026-06-18 22:31:28.729622
dynamic_TF_carry/JGB              2026-06-18 22:31:28.729826
dynamic_TF_carry/EU-HOUSE         2026-06-18 22:31:28.730031
dynamic_TF_carry/EURCHF           2026-06-18 22:31:28.730235
dynamic_TF_carry/KOSDAQ           2026-06-18 22:31:28.730439
dynamic_TF_carry/AUD_micro        2026-06-18 22:31:28.730644
dynamic_TF_carry/COAL             2026-06-18 22:31:28.730848
dynamic_TF_carry/HANGTECH         2026-06-18 22:31:28.731054
dynamic_TF_carry/EU-UTILS         2026-06-18 22:31:28.731260
dynamic_TF_carry/KR10             2026-06-18 22:31:28.731464
dynamic_TF_carry/PALLAD           2026-06-18 22:31:28.731874
dynamic_TF_carry/AUDJPY           2026-06-18 22:31:28.732082
dynamic_TF_carry/CZK              2026-06-18 22:31:28.732288
dynamic_TF_carry/BTP3             2026-06-18 22:31:28.732492
dynamic_TF_carry/V2X              2026-06-18 22:31:28.732697
dynamic_TF_carry/VNKI             2026-06-18 22:31:28.732904
dynamic_TF_carry/DX               2026-06-18 22:31:28.733110
dynamic_TF_carry/US3              2026-06-18 22:31:28.733316
dynamic_TF_carry/JGB-SGX-mini     2026-06-18 22:31:28.733525
dynamic_TF_carry/EUROSTX          2026-06-18 22:31:28.733732
dynamic_TF_carry/HOUSE-US         2026-06-18 22:31:28.733938
dynamic_TF_carry/LUMBER-new       2026-06-18 22:31:28.734143
dynamic_TF_carry/US10             2026-06-18 22:31:28.734349
dynamic_TF_carry/GBPEUR           2026-06-18 22:31:28.734555
dynamic_TF_carry/SMI-MID          2026-06-18 22:31:28.734760
dynamic_TF_carry/HANG_mini        2026-06-18 22:31:28.734965
dynamic_TF_carry/BBCOMM           2026-06-18 22:31:28.735170
dynamic_TF_carry/EUR_micro        2026-06-18 22:31:28.735373
dynamic_TF_carry/NIKKEI400        2026-06-18 22:31:28.735580
dynamic_TF_carry/EURAUD           2026-06-18 22:31:28.735787
dynamic_TF_carry/CAD10            2026-06-18 22:31:28.735993
dynamic_TF_carry/US-STAPLES       2026-06-18 22:31:28.736203
dynamic_TF_carry/SUGAR_WHITE      2026-06-18 22:31:28.736410
dynamic_TF_carry/KR3              2026-06-18 22:31:28.736614
dynamic_TF_carry/SPI200           2026-06-18 22:31:28.736821
dynamic_TF_carry/MUMMY            2026-06-18 22:31:28.737028
dynamic_TF_carry/FANG             2026-06-18 22:31:28.737235
dynamic_TF_carry/KOSPI_mini       2026-06-18 22:31:28.737441
dynamic_TF_carry/US-UTILS         2026-06-18 22:31:28.737649
dynamic_TF_carry/EURCAD           2026-06-18 22:31:28.737855
dynamic_TF_carry/TIN_LME          2026-06-18 22:31:28.738061
dynamic_TF_carry/EURO600          2026-06-18 22:31:28.738270
dynamic_TF_carry/MILLWHEAT        2026-06-18 22:31:28.738478
dynamic_TF_carry/EURIBOR-ICE      2026-06-18 22:31:28.738684
dynamic_TF_carry/JPY              2026-06-18 22:31:28.738890
dynamic_TF_carry/EU-OIL           2026-06-18 22:31:28.739096
dynamic_TF_carry/SOYOIL           2026-06-18 22:31:28.739303
dynamic_TF_carry/CRUDE_W_mini     2026-06-18 22:31:28.739509
dynamic_TF_carry/NASDAQ_micro     2026-06-18 22:31:28.739713
dynamic_TF_carry/MSCIEMASIA       2026-06-18 22:31:28.739919
dynamic_TF_carry/FTSECHINAH       2026-06-18 22:31:28.740128
dynamic_TF_carry/EUR              2026-06-18 22:31:28.740334
dynamic_TF_carry/MSCISING         2026-06-18 22:31:28.740744
dynamic_TF_carry/SMI              2026-06-18 22:31:28.740950
dynamic_TF_carry/NOK              2026-06-18 22:31:28.741156
dynamic_TF_carry/CH10             2026-06-18 22:31:28.741361
dynamic_TF_carry/EU-CHEM          2026-06-18 22:31:28.741566
dynamic_TF_carry/CRUDE_W_micro    2026-06-18 22:31:28.741772
dynamic_TF_carry/STEEL            2026-06-18 22:31:28.741977
dynamic_TF_carry/LEAD_LME         2026-06-18 22:31:28.742183
dynamic_TF_carry/OMX              2026-06-18 22:31:28.742389
dynamic_TF_carry/EU-MID           2026-06-18 22:31:28.742594
dynamic_TF_carry/MSCITAIWAN       2026-06-18 22:31:28.742798
dynamic_TF_carry/HEATOIL          2026-06-18 22:31:28.743003
dynamic_TF_carry/COPPER-micro     2026-06-18 22:31:28.743208
dynamic_TF_carry/EU-TECH          2026-06-18 22:31:28.743413
dynamic_TF_carry/BOVESPA          2026-06-18 22:31:28.743618
dynamic_TF_carry/KRWUSD_mini      2026-06-18 22:31:28.743823
dynamic_TF_carry/SGD              2026-06-18 22:31:28.744033
dynamic_TF_carry/COAL-GEORDIE     2026-06-18 22:31:28.744239
dynamic_TF_carry/GBPCHF           2026-06-18 22:31:28.744444
dynamic_TF_carry/US30             2026-06-18 22:31:28.744649
dynamic_TF_carry/SWISSLEAD        2026-06-18 22:31:28.744855
dynamic_TF_carry/FTSECHINAA       2026-06-18 22:31:28.745061
dynamic_TF_carry/CLP              2026-06-18 22:31:28.745265
dynamic_TF_carry/CORN             2026-06-18 22:31:28.745675
dynamic_TF_carry/SARONA           2026-06-18 22:31:28.745880
dynamic_TF_carry/EU-DJ-TELECOM    2026-06-18 22:31:28.746086
dynamic_TF_carry/ROBUSTA          2026-06-18 22:31:28.746292
dynamic_TF_carry/ZAR              2026-06-18 22:31:28.746497
dynamic_TF_carry/EU-HEALTH        2026-06-18 22:31:28.746703
dynamic_TF_carry/COPPER_LME       2026-06-18 22:31:28.746908
dynamic_TF_carry/FTSEVIET         2026-06-18 22:31:28.747319
dynamic_TF_carry/SOYBEAN_mini     2026-06-18 22:31:28.747524
dynamic_TF_carry/SEK              2026-06-18 22:31:28.747731
dynamic_TF_carry/SHATZ            2026-06-18 22:31:28.747938
dynamic_TF_carry/FED              2026-06-18 22:31:28.748148
dynamic_TF_carry/EPRA-EUROPE      2026-06-18 22:31:28.748356
dynamic_TF_carry/GASOILINE        2026-06-18 22:31:28.748562
dynamic_TF_carry/RICE             2026-06-18 22:31:28.748769
dynamic_TF_carry/WHEAT_ICE        2026-06-18 22:31:28.748975
dynamic_TF_carry/GAS-LAST         2026-06-18 22:31:28.749181
dynamic_TF_carry/OATIES           2026-06-18 22:31:28.749387
dynamic_TF_carry/SONIA3           2026-06-18 22:31:28.749594
dynamic_TF_carry/US-REALESTATE    2026-06-18 22:31:28.749801
dynamic_TF_carry/MILKWET          2026-06-18 22:31:28.750007
dynamic_TF_carry/GAS-PEN          2026-06-18 22:31:28.750213
dynamic_TF_carry/SP400            2026-06-18 22:31:28.750420
dynamic_TF_carry/EUROSTX200-LARGE 2026-06-18 22:31:28.750626
dynamic_TF_carry/IRS              2026-06-18 22:31:28.750832
dynamic_TF_carry/SOYMEAL          2026-06-18 22:31:28.751038
dynamic_TF_carry/COCOA_LDN        2026-06-18 22:31:28.751245
dynamic_TF_carry/US-MATERIAL      2026-06-18 22:31:28.751452
dynamic_TF_carry/WHEY             2026-06-18 22:31:28.751660
dynamic_TF_carry/EU-REALESTATE    2026-06-18 22:31:28.751866
dynamic_TF_carry/EU-DJ-UTIL       2026-06-18 22:31:28.752076
dynamic_TF_carry/YENEUR           2026-06-18 22:31:28.752283
dynamic_TF_carry/CRUDE_ICE        2026-06-18 22:31:28.752489


=============================================================================================================================
                                                   Status of trade limits                                                    
=============================================================================================================================

                          period_days  trade_limit  trades_since_last_reset  trade_capacity_remaining   time_since_last_reset
NOSTRAT JPY                        30            5                      5.0                       0.0 13 days 13:54:34.630599
NOSTRAT CHF                        30            4                      3.0                       1.0 13 days 11:55:52.628929
NOSTRAT CHF                        14            4                      3.0                       1.0 13 days 11:55:52.628923
NOSTRAT GASOILINE                  14            4                      2.0                       2.0 13 days 11:55:49.630111
NOSTRAT MSCIEAFA                   14            4                      1.0                       3.0  1 days 10:55:55.630893
NOSTRAT JPY                        14            8                      5.0                       3.0 13 days 13:54:34.630593
NOSTRAT CRUDE_W_micro               1            4                      1.0                       3.0  0 days 10:55:51.629222
NOSTRAT JGB                        30            4                      0.0                       4.0  0 days 00:00:00.000002
NOSTRAT LEAD_LME                    1            4                      0.0                       4.0  0 days 00:00:00.000002
NOSTRAT KRWUSD                     14            4                      0.0                       4.0  0 days 00:00:00.000003
NOSTRAT KRWUSD                      1            4                      0.0                       4.0  0 days 00:00:00.000002
NOSTRAT KR10                        1            4                      0.0                       4.0  0 days 00:00:00.000002
NOSTRAT KOSPI_mini                  1            4                      0.0                       4.0  0 days 00:00:00.000002
NOSTRAT KOSPI                      14            4                      0.0                       4.0  0 days 00:00:00.000002
NOSTRAT KOSPI                       1            4                      0.0                       4.0  0 days 00:00:00.000002
NOSTRAT KOSDAQ                      1            4                      0.0                       4.0  0 days 00:00:00.000002
NOSTRAT JPY_mini                   14            4                      0.0                       4.0  0 days 00:00:00.000002
NOSTRAT JPY_mini                    1            4                      0.0                       4.0  0 days 00:00:00.000002
NOSTRAT INR                         1            4                      0.0                       4.0  0 days 00:00:00.000002
NOSTRAT INR                        14            4                      0.0                       4.0  0 days 00:00:00.000002
NOSTRAT IRS                         1            4                      0.0                       4.0  0 days 00:00:00.000003
NOSTRAT LEANHOG                     1            4                      0.0                       4.0  0 days 00:00:00.000002
NOSTRAT IRS                        14            4                      0.0                       4.0  0 days 00:00:00.000002
NOSTRAT JGB                         1            4                      0.0                       4.0  0 days 00:00:00.000002
NOSTRAT JPY                         1            4                      0.0                       4.0  0 days 00:00:00.000002
NOSTRAT JP-REALESTATE              14            4                      0.0                       4.0  0 days 00:00:00.000002
NOSTRAT JP-REALESTATE               1            4                      0.0                       4.0  0 days 00:00:00.000002
NOSTRAT JGB-mini                    1            4                      0.0                       4.0  0 days 00:00:00.000002
NOSTRAT JGB-SGX-mini                1            4                      0.0                       4.0  0 days 00:00:00.000003
NOSTRAT JGB                        14            4                      0.0                       4.0  0 days 00:00:00.000002
NOSTRAT LIVECOW                     1            4                      0.0                       4.0  0 days 00:00:00.000002
NOSTRAT AEX                         1            4                      0.0                       4.0  0 days 15:55:43.628456
NOSTRAT LUMBER-new                  1            4                      0.0                       4.0  0 days 00:00:00.000002
NOSTRAT NIKKEI400                   1            4                      0.0                       4.0  0 days 00:00:00.000002
NOSTRAT NIKKEI                     14            5                      1.0                       4.0  1 days 22:53:02.631044
NOSTRAT NIKKEI                      1            4                      0.0                       4.0  0 days 21:53:33.631039
NOSTRAT NICKEL_LME                 14            4                      0.0                       4.0  0 days 00:00:00.000002
NOSTRAT NICKEL_LME                  1            4                      0.0                       4.0  0 days 00:00:00.000003
NOSTRAT NASDAQ_micro                1            4                      0.0                       4.0  0 days 00:00:00.000002
NOSTRAT NASDAQ                     30            4                      0.0                       4.0  0 days 00:00:00.000003
NOSTRAT NASDAQ                     14            4                      0.0                       4.0  0 days 00:00:00.000002
NOSTRAT NASDAQ                      1            4                      0.0                       4.0  0 days 00:00:00.000002
NOSTRAT MSCIWORLD                   1            4                      0.0                       4.0  0 days 00:00:00.000002
NOSTRAT MSCITAIWAN                 14            4                      0.0                       4.0  0 days 00:00:00.000002
NOSTRAT MSCITAIWAN                  1            4                      0.0                       4.0  0 days 00:00:00.000002
NOSTRAT IG                         14            4                      0.0                       4.0  0 days 00:00:00.000003
NOSTRAT MSCISING                    1            4                      0.0                       4.0  0 days 00:00:00.000002
NOSTRAT MSCIEMASIA                  1            4                      0.0                       4.0  0 days 00:00:00.000002
NOSTRAT MSCIEAFA                    1            4                      0.0                       4.0  0 days 09:55:49.630887
NOSTRAT MSCIASIA                   14            4                      0.0                       4.0  0 days 00:00:00.000002
NOSTRAT MSCIASIA                    1            4                      0.0                       4.0  0 days 00:00:00.000002
NOSTRAT MILKWET                    14            4                      0.0                       4.0  0 days 00:00:00.000002
NOSTRAT MILKWET                     1            4                      0.0                       4.0  0 days 00:00:00.000003
NOSTRAT MILKDRY                    14            4                      0.0                       4.0  0 days 00:00:00.000002
NOSTRAT MILKDRY                     1            4                      0.0                       4.0  0 days 00:00:00.000002
NOSTRAT MILK                        1            4                      0.0                       4.0  0 days 00:00:00.000002
NOSTRAT MID-DAX                     1            4                      0.0                       4.0  0 days 00:00:00.000003
NOSTRAT MIB                        14            4                      0.0                       4.0  0 days 00:00:00.000002
NOSTRAT MIB                         1            4                      0.0                       4.0  0 days 00:00:00.000002
NOSTRAT MSCIEMASIA                 14            4                      0.0                       4.0 10 days 09:55:56.630905
NOSTRAT LIVECOW                    14            4                      0.0                       4.0  0 days 00:00:00.000002
NOSTRAT IG                          1            4                      0.0                       4.0  0 days 00:00:00.000002
NOSTRAT IBEX                       14            4                      0.0                       4.0  0 days 00:00:00.000002
NOSTRAT GBPCHF                     14            4                      0.0                       4.0  0 days 00:00:00.000003
NOSTRAT GBPCHF                      1            4                      0.0                       4.0  0 days 00:00:00.000002
