
********************************************************************************
                   Status report produced on 11/03/2025 22:56                   
********************************************************************************


Delayed methods: No delays

=============================
Delayed adjusted / FX prices 
=============================

                  last_update
IG        2025-02-27 23:00:02
HIGHYIELD 2025-02-27 23:00:02


===============================================
           Delayed optimal positions           
===============================================

                                    last_update
dynamic_TF_carry/SGX 2024-12-02 22:31:28.544775

Instruments at trade limit: No constraints

================================================
         Instruments at position limit          
================================================

                 keys  position pos_limit  spare
0              EURCHF         0       0.0    0.0
159          JGB-mini         0       0.0    0.0
162            CHFJPY         0       0.0    0.0
72                JGB         0       0.0    0.0
164           MILKDRY         0       0.0    0.0
165            COTTON         0       0.0    0.0
166              CH10         0       0.0    0.0
66                IRS         0       0.0    0.0
65               WHEY         0       0.0    0.0
173              GICS         0       0.0    0.0
179         CHF_micro         0       0.0    0.0
180        BRENT-LAST        -1       1.0    0.0
183               CZK         0       0.0    0.0
54             BUTTER         0       0.0    0.0
52            MILKWET         0       0.0    0.0
188             STEEL         0       0.0    0.0
189        EU-DJ-TECH         0       0.0    0.0
192  EUROSTX200-LARGE         0       0.0    0.0
76          SWISSLEAD         0       0.0    0.0
45        EPRA-EUROPE         0       0.0    0.0
157             SP400         0       0.0    0.0
150          SGD_mini         0       0.0    0.0
119          ETHEREUM         0       0.0    0.0
108              BUXL        -1       1.0    0.0
107       CNH-onshore         0       0.0    0.0
104            AUDJPY         0       0.0    0.0
102          AEX_mini         0       0.0    0.0
97                SEK         0       0.0    0.0
133        COPPER_LME         0       0.0    0.0
94                CLP         0       0.0    0.0
138         HIGHYIELD         0       0.0    0.0
141               PLN         0       0.0    0.0
91      EU-DJ-TELECOM         0       0.0    0.0
142         EU-TRAVEL         0       0.0    0.0
89                 IG         0       0.0    0.0
88           EU-HOUSE         0       0.0    0.0
144         EU-RETAIL         0       0.0    0.0
145   EU-CONSTRUCTION         0       0.0    0.0
146     EUROSTX-LARGE         0       0.0    0.0
81                SGX         0       0.0    0.0
44            ETHANOL         0       0.0    0.0
181            PALLAD         0       0.0    0.0
7              GBPJPY         0       0.0    0.0
228            NASDAQ         0       0.0    0.0
220          HOUSE-US         0       0.0    0.0
229             R1000         0       0.0    0.0
215   GASOILINE_micro         0       0.0    0.0
212              VNKI         0       0.0    0.0
13            SMI-MID         0       0.0    0.0
26             EURAUD         0       0.0    0.0
11                RUR         0       0.0    0.0
230               OMX         0       0.0    0.0
28       COAL-GEORDIE         0       0.0    0.0
203          JPY_mini         0       0.0    0.0
231               TWD         0       0.0    0.0
18             KRWUSD         0       0.0    0.0
200           EU-CHEM         0       0.0    0.0
237               MIB         1       1.0    0.0
224              COAL         0       0.0    0.0
196           BOVESPA         0       0.0    0.0
34           TWD-mini         0       0.0    0.0
245            EURCAD         0       0.0    0.0
35            TIN_LME         0       0.0    0.0
36        HEATOIL-ICE         0       0.0    0.0
2         COPPER-mini         0       0.0    0.0
39                NOK         0       0.0    0.0
38           EU-MEDIA         0       0.0    0.0


==========================================================
         Overrides in database consider deleting          
==========================================================

                                                  override
NICKEL_LME              Override Close because in database
VNKI              Override Reduce only because in database
FTSE100           Override Reduce only because in database
RICE              Override Reduce only because in database
SPI200            Override Reduce only because in database
OATIES            Override Reduce only because in database
JGB-mini          Override Reduce only because in database
STEEL             Override Reduce only because in database
GOLD-mini         Override Reduce only because in database
IRS               Override Reduce only because in database
VIX_mini          Override Reduce only because in database
JP-REALESTATE     Override Reduce only because in database
GICS              Override Reduce only because in database
KRWUSD            Override Reduce only because in database
TOPIX             Override Reduce only because in database
PLN               Override Reduce only because in database
NIKKEI400         Override Reduce only because in database
CZK               Override Reduce only because in database
EURCAD            Override Reduce only because in database
CHF_micro         Override Reduce only because in database
NOK               Override Reduce only because in database
R1000             Override Reduce only because in database
IBEX_mini         Override Reduce only because in database
EU-CHEM           Override Reduce only because in database
EU-INSURE         Override Reduce only because in database
KOSDAQ            Override Reduce only because in database
IBEX              Override Reduce only because in database
AUDJPY            Override Reduce only because in database
EUR_mini          Override Reduce only because in database
GBPCHF            Override Reduce only because in database
DJSTX-SMALL       Override Reduce only because in database
YENEUR            Override Reduce only because in database
CHFJPY            Override Reduce only because in database
COAL-GEORDIE      Override Reduce only because in database
CRUDE_W_mini      Override Reduce only because in database
SEK               Override Reduce only because in database
OMX               Override Reduce only because in database
GBPJPY            Override Reduce only because in database
EURAUD            Override Reduce only because in database
RUR               Override Reduce only because in database
TWD-mini          Override Reduce only because in database
JPY_mini          Override Reduce only because in database
EU-BANKS          Override Reduce only because in database
EU-CONSTRUCTION   Override Reduce only because in database
GASOILINE_micro   Override Reduce only because in database
ZAR               Override Reduce only because in database
EU-TECH           Override Reduce only because in database
US-DISCRETE       Override Reduce only because in database
SMI-MID           Override Reduce only because in database
INR               Override Reduce only because in database
MIB               Override Reduce only because in database
COAL              Override Reduce only because in database
EU-RETAIL         Override Reduce only because in database
EU-OIL            Override Reduce only because in database
US-ENERGY         Override Reduce only because in database
EUROSTX-SMALL     Override Reduce only because in database
US-INDUSTRY       Override Reduce only because in database
NASDAQ_micro      Override Reduce only because in database
US-HEALTH         Override Reduce only because in database
EU-DJ-OIL         Override Reduce only because in database
MSCIWORLD         Override Reduce only because in database
CHINAA-CON        Override Reduce only because in database
SMI               Override Reduce only because in database
EU-UTILS          Override Reduce only because in database
EU-MID            Override Reduce only because in database
EPRA-EUROPE       Override Reduce only because in database
BBCOMM            Override Reduce only because in database
EU-HEALTH         Override Reduce only because in database
EU-HOUSE          Override Reduce only because in database
DOW_mini          Override Reduce only because in database
EU-DJ-TECH        Override Reduce only because in database
US-MATERIAL       Override Reduce only because in database
US-STAPLES        Override Reduce only because in database
EU-DJ-TELECOM     Override Reduce only because in database
NASDAQ            Override Reduce only because in database
EU-BASIC          Override Reduce only because in database
EU-DIV30          Override Reduce only because in database
EU-AUTO           Override Reduce only because in database
AEX               Override Reduce only because in database
FTSEINDO          Override Reduce only because in database
EUROSTX-LARGE     Override Reduce only because in database
FTSE250           Override Reduce only because in database
EU-DJ-UTIL        Override Reduce only because in database
MSCIEAFA          Override Reduce only because in database
EU-MEDIA          Override Reduce only because in database
EUROSTX           Override Reduce only because in database
EU-TRAVEL         Override Reduce only because in database
EURO600           Override Reduce only because in database
EU-REALESTATE     Override Reduce only because in database
SWISSLEAD         Override Reduce only because in database
AEX_mini          Override Reduce only because in database
CAC               Override Reduce only because in database
MSCIASIA          Override Reduce only because in database
EU-FOOD           Override Reduce only because in database
US-UTILS          Override Reduce only because in database
EUROSTX200-LARGE  Override Reduce only because in database
SP400             Override Reduce only because in database
RUSSELL_mini      Override Reduce only because in database
FANG              Override Reduce only because in database
FTSEVIET          Override Reduce only because in database
KR3               Override Reduce only because in database
FTSECHINAA        Override Reduce only because in database
KR10              Override Reduce only because in database
FTSETAIWAN        Override Reduce only because in database
US-REALESTATE     Override Reduce only because in database

Locked instruments (position mismatch): []

==============================================
Status of adjusted price / FX price collection
==============================================

                         last_update
IG               2025-02-27 23:00:02
HIGHYIELD        2025-02-27 23:00:02
SGX              2025-03-10 23:00:00
MSCIEMASIA       2025-03-10 23:00:00
MILKWET          2025-03-10 23:00:00
ETHANOL          2025-03-10 23:00:00
OMX              2025-03-10 23:00:00
COAL-GEORDIE     2025-03-10 23:00:00
CNH-onshore      2025-03-10 23:00:00
CLP              2025-03-10 23:00:00
RUR              2025-03-10 23:00:00
SGD_mini         2025-03-10 23:00:00
HOUSE-US         2025-03-10 23:00:00
SUGAR16          2025-03-10 23:00:00
COTTON           2025-03-10 23:00:00
SWISSLEAD        2025-03-10 23:00:00
TIN_LME          2025-03-10 23:00:00
GASOILINE_micro  2025-03-10 23:00:00
BOVESPA          2025-03-10 23:00:00
WHEY             2025-03-10 23:00:00
TWD-mini         2025-03-10 23:00:00
TWD              2025-03-10 23:00:00
JGB-mini         2025-03-11 01:00:00
SGD              2025-03-11 03:00:00
VNKI             2025-03-11 03:00:00
KR3              2025-03-11 04:00:00
FTSEINDO         2025-03-11 04:00:00
IRON             2025-03-11 04:00:00
JP-REALESTATE    2025-03-11 04:00:00
FTSEVIET         2025-03-11 04:00:00
SPI200           2025-03-11 04:00:00
FTSETAIWAN       2025-03-11 05:00:00
KRWUSD_mini      2025-03-11 05:00:00
MSCISING*        2025-03-11 05:00:00
FTSECHINAA       2025-03-11 05:00:00
HANG_mini        2025-03-11 05:00:00
KOSDAQ           2025-03-11 05:00:00
HANG             2025-03-11 05:00:00
KOSPI_mini       2025-03-11 05:00:00
KOSPI            2025-03-11 05:00:00
HANGTECH         2025-03-11 05:00:00
JGB-SGX-mini     2025-03-11 05:00:00
MSCITAIWAN       2025-03-11 05:00:00
JGB              2025-03-11 05:00:00
HANGENT          2025-03-11 05:00:00
KR10             2025-03-11 05:00:00
HANGENT_mini     2025-03-11 05:00:00
FTSECHINAH       2025-03-11 05:00:00
MUMMY*           2025-03-11 05:00:00
TOPIX*           2025-03-11 05:00:00
RUBBER           2025-03-11 05:00:00
CHINAA-CON       2025-03-11 05:00:00
NIKKEI400        2025-03-11 05:00:00
CNH              2025-03-11 05:00:00
NIKKEI           2025-03-11 05:00:00
EURIBOR          2025-03-11 12:00:00
EUROSTX-LARGE    2025-03-11 13:00:00
KRWUSD           2025-03-11 13:30:00
LEAD_LME         2025-03-11 14:00:00
CZK              2025-03-11 14:00:00
ZINC_LME         2025-03-11 15:00:00
HEATOIL-ICE      2025-03-11 15:00:00
EU-UTILS         2025-03-11 15:00:00
EUA              2025-03-11 15:00:00
BRENT_W          2025-03-11 15:00:00
FTSE250          2025-03-11 15:00:00
GILT             2025-03-11 15:00:00
EURIBOR-ICE      2025-03-11 15:00:00
GBPCHF           2025-03-11 15:00:00
FTSE100          2025-03-11 15:00:00
AEX_mini         2025-03-11 15:00:00
EU-RETAIL        2025-03-11 15:00:00
EUROSTX-SMALL    2025-03-11 15:00:00
WHEAT_ICE        2025-03-11 15:00:00
GASOIL           2025-03-11 15:00:00
ALUMINIUM_LME    2025-03-11 15:00:00
GICS             2025-03-11 15:00:00
SONIA3           2025-03-11 15:00:00
IBEX             2025-03-11 15:00:00
EU-MEDIA         2025-03-11 15:00:00
CRUDE_ICE        2025-03-11 15:00:00
COPPER_LME       2025-03-11 15:00:00
NICKEL_LME       2025-03-11 15:00:00
MILLWHEAT        2025-03-11 15:00:00
MIB*             2025-03-11 15:00:00
COCOA_LDN        2025-03-11 15:00:00
COAL             2025-03-11 15:00:00
ROBUSTA          2025-03-11 15:00:00
CHFJPY           2025-03-11 15:00:00
EU-MID           2025-03-11 15:00:00
CH10             2025-03-11 15:00:00
EU-CONSTRUCTION  2025-03-11 15:00:00
EU-DJ-TELECOM    2025-03-11 15:00:00
SMI-MID          2025-03-11 15:00:00
IBEX_mini        2025-03-11 15:00:00
EU-HOUSE         2025-03-11 15:00:00
MSCIWORLD        2025-03-11 15:00:00
SARONA           2025-03-11 15:00:00
SHATZ            2025-03-11 16:00:00
V2X              2025-03-11 16:00:00
SMI              2025-03-11 16:00:00
GASOILINE_ICE    2025-03-11 16:00:00
OAT              2025-03-11 16:00:00
SUGAR_WHITE      2025-03-11 16:00:00
SUGAR11          2025-03-11 16:00:00
MSCIASIA         2025-03-11 16:00:00
AEX              2025-03-11 16:00:00
DJSTX-SMALL      2025-03-11 16:00:00
EU-DIV30         2025-03-11 16:00:00
EU-DJ-UTIL       2025-03-11 16:00:00
EU-CHEM          2025-03-11 16:00:00
EU-FOOD          2025-03-11 16:00:00
EU-HEALTH        2025-03-11 16:00:00
EU-INSURE        2025-03-11 16:00:00
EU-OIL           2025-03-11 16:00:00
EU-REALESTATE    2025-03-11 16:00:00
EU-TECH          2025-03-11 16:00:00
EU-TRAVEL        2025-03-11 16:00:00
EPRA-EUROPE      2025-03-11 16:00:00
DAX              2025-03-11 16:00:00
EU-DJ-TECH       2025-03-11 16:00:00
BOBL             2025-03-11 16:00:00
EU-BASIC         2025-03-11 16:00:00
EU-DJ-OIL        2025-03-11 16:00:00
EU-BANKS         2025-03-11 16:00:00
BUXL*            2025-03-11 16:00:00
CAC              2025-03-11 16:00:00
BUND             2025-03-11 16:00:00
EUROSTX200-LARGE 2025-03-11 16:00:00
BTP3             2025-03-11 16:00:00
EURO600          2025-03-11 16:00:00
BTP              2025-03-11 16:00:00
EUROSTX          2025-03-11 16:00:00
BONO             2025-03-11 16:00:00
EU-AUTO          2025-03-11 16:00:00
BBCOMM           2025-03-11 17:00:00
COFFEE           2025-03-11 17:00:00
GBPEUR           2025-03-11 17:00:00
OJ               2025-03-11 17:00:00
BUTTER           2025-03-11 17:00:00
COCOA            2025-03-11 17:00:00
MILKDRY          2025-03-11 18:00:00
SOYMEAL          2025-03-11 18:00:00
LIVECOW          2025-03-11 18:00:00
CORN             2025-03-11 18:00:00
CORN_mini        2025-03-11 18:00:00
OATIES           2025-03-11 18:00:00
FEEDCOW*         2025-03-11 18:00:00
REDWHEAT         2025-03-11 18:00:00
RICE             2025-03-11 18:00:00
CANOLA           2025-03-11 18:00:00
SOYBEAN          2025-03-11 18:00:00
SOYBEAN_mini     2025-03-11 18:00:00
COTTON2          2025-03-11 18:00:00
LEANHOG*         2025-03-11 18:00:00
SOYOIL           2025-03-11 18:00:00
WHEAT            2025-03-11 18:00:00
GAS-PEN          2025-03-11 18:00:00
WHEAT_mini       2025-03-11 18:00:00
EURCHF           2025-03-11 18:00:00
EURAUD           2025-03-11 18:00:00
DX               2025-03-11 19:00:00
EURCAD           2025-03-11 19:00:00
GOLD             2025-03-11 19:00:00
PLN              2025-03-11 19:00:00
R1000            2025-03-11 19:00:00
GBP_micro        2025-03-11 19:00:00
GBPJPY           2025-03-11 19:00:00
CHEESE           2025-03-11 19:00:00
AUDJPY           2025-03-11 19:00:00
GAS_US_mini      2025-03-11 19:00:00
CAD2             2025-03-11 19:00:00
GAS-LAST         2025-03-11 19:00:00
ALUMINIUM        2025-03-11 19:00:00
CHF_micro        2025-03-11 19:00:00
NOK              2025-03-11 19:00:00
AUD_micro        2025-03-11 19:00:00
US-ENERGY        2025-03-11 19:00:00
LUMBER-new       2025-03-11 19:00:00
COPPER-mini      2025-03-11 19:00:00
US-HEALTH        2025-03-11 19:00:00
US-INDUSTRY      2025-03-11 19:00:00
US-MATERIAL      2025-03-11 19:00:00
US-DISCRETE      2025-03-11 19:00:00
MILK             2025-03-11 19:00:00
IRS              2025-03-11 19:00:00
US-REALESTATE    2025-03-11 19:00:00
CRUDE_W_micro    2025-03-11 19:00:00
US-STAPLES       2025-03-11 19:00:00
STEEL            2025-03-11 20:00:00
YENEUR           2025-03-11 20:00:00
ZAR              2025-03-11 20:00:00
SP500            2025-03-11 20:00:00
US10             2025-03-11 20:00:00
US2              2025-03-11 20:00:00
SP500_micro*     2025-03-11 20:00:00
AUD              2025-03-11 20:00:00
BRE              2025-03-11 20:00:00
US3              2025-03-11 20:00:00
US30             2025-03-11 20:00:00
BRENT-LAST*      2025-03-11 20:00:00
US-UTILS         2025-03-11 20:00:00
US5              2025-03-11 20:00:00
VIX*             2025-03-11 20:00:00
US10U            2025-03-11 20:00:00
VIX_mini         2025-03-11 20:00:00
BITCOIN*         2025-03-11 20:00:00
US20             2025-03-11 20:00:00
FED              2025-03-11 20:00:00
PALLAD           2025-03-11 20:00:00
SOFR             2025-03-11 20:00:00
DOW_mini         2025-03-11 20:00:00
ETHER-micro      2025-03-11 20:00:00
ETHEREUM         2025-03-11 20:00:00
SP400            2025-03-11 20:00:00
JPY              2025-03-11 20:00:00
INR              2025-03-11 20:00:00
HEATOIL          2025-03-11 20:00:00
DOW*             2025-03-11 20:00:00
EUR              2025-03-11 20:00:00
GOLD-mini        2025-03-11 20:00:00
GBP*             2025-03-11 20:00:00
GAS_US           2025-03-11 20:00:00
EUR_micro        2025-03-11 20:00:00
GASOILINE        2025-03-11 20:00:00
EUR_mini         2025-03-11 20:00:00
FANG             2025-03-11 20:00:00
GOLD_micro       2025-03-11 20:00:00
CRUDE_W_mini     2025-03-11 20:00:00
JPY_mini         2025-03-11 20:00:00
CRUDE_W          2025-03-11 20:00:00
CAD*             2025-03-11 20:00:00
SILVER           2025-03-11 20:00:00
CAD10*           2025-03-11 20:00:00
MSCIEAFA         2025-03-11 20:00:00
CAD_micro        2025-03-11 20:00:00
SEK              2025-03-11 20:00:00
RUSSELL_mini     2025-03-11 20:00:00
RUSSELL*         2025-03-11 20:00:00
CAD5             2025-03-11 20:00:00
CHF              2025-03-11 20:00:00
PLAT             2025-03-11 20:00:00
NZD*             2025-03-11 20:00:00
COPPER           2025-03-11 20:00:00
COPPER-micro*    2025-03-11 20:00:00
NASDAQ_micro     2025-03-11 20:00:00
NASDAQ           2025-03-11 20:00:00
MXP              2025-03-11 20:00:00
CHFUSD           2025-03-11 23:00:00
JPYUSD           2025-03-11 23:00:00
EURUSD           2025-03-11 23:00:00
CADUSD           2025-03-11 23:00:00
KRWUSD           2025-03-11 23:00:00
SGDUSD           2025-03-11 23:00:00
SEKUSD           2025-03-11 23:00:00
GBPUSD           2025-03-11 23:00:00
HKDUSD           2025-03-11 23:00:00
MXPUSD           2025-03-11 23:00:00
CNHUSD           2025-03-11 23:00:00
AUDUSD           2025-03-11 23:00:00


============================================================
           Status of optimal position generation            
============================================================

                                                 last_update
dynamic_TF_carry/SGX              2024-12-02 22:31:28.544775
dynamic_TF_carry/V2X              2025-03-11 22:31:35.389891
dynamic_TF_carry/NICKEL_LME       2025-03-11 22:31:35.390146
dynamic_TF_carry/LEANHOG          2025-03-11 22:31:35.390388
dynamic_TF_carry/EU-INSURE        2025-03-11 22:31:35.390854
dynamic_TF_carry/NZD              2025-03-11 22:31:35.391084
dynamic_TF_carry/MILLWHEAT        2025-03-11 22:31:35.391316
dynamic_TF_carry/AUD_micro        2025-03-11 22:31:35.391548
dynamic_TF_carry/ETHEREUM         2025-03-11 22:31:35.391778
dynamic_TF_carry/GILT             2025-03-11 22:31:35.392008
dynamic_TF_carry/EU-DIV30         2025-03-11 22:31:35.392238
dynamic_TF_carry/US-REALESTATE    2025-03-11 22:31:35.392467
dynamic_TF_carry/SOYMEAL          2025-03-11 22:31:35.392696
dynamic_TF_carry/CAD              2025-03-11 22:31:35.392926
dynamic_TF_carry/WHEAT            2025-03-11 22:31:35.393155
dynamic_TF_carry/OMX              2025-03-11 22:31:35.393383
dynamic_TF_carry/EU-AUTO          2025-03-11 22:31:35.393611
dynamic_TF_carry/CAD2             2025-03-11 22:31:35.393840
dynamic_TF_carry/KR10             2025-03-11 22:31:35.394068
dynamic_TF_carry/R1000            2025-03-11 22:31:35.394296
dynamic_TF_carry/ETHANOL          2025-03-11 22:31:35.394529
dynamic_TF_carry/RUSSELL          2025-03-11 22:31:35.394757
dynamic_TF_carry/BRE              2025-03-11 22:31:35.394985
dynamic_TF_carry/EUROSTX          2025-03-11 22:31:35.395214
dynamic_TF_carry/JGB              2025-03-11 22:31:35.395441
dynamic_TF_carry/EU-REALESTATE    2025-03-11 22:31:35.395669
dynamic_TF_carry/SOYOIL           2025-03-11 22:31:35.395896
dynamic_TF_carry/EURCHF           2025-03-11 22:31:35.396124
dynamic_TF_carry/COTTON2          2025-03-11 22:31:35.396353
dynamic_TF_carry/EU-DJ-UTIL       2025-03-11 22:31:35.396582
dynamic_TF_carry/SMI-MID          2025-03-11 22:31:35.396811
dynamic_TF_carry/EPRA-EUROPE      2025-03-11 22:31:35.397039
dynamic_TF_carry/CRUDE_W_micro    2025-03-11 22:31:35.397267
dynamic_TF_carry/JGB-SGX-mini     2025-03-11 22:31:35.397495
dynamic_TF_carry/ZAR              2025-03-11 22:31:35.397723
dynamic_TF_carry/EURAUD           2025-03-11 22:31:35.397952
dynamic_TF_carry/SOYBEAN          2025-03-11 22:31:35.398179
dynamic_TF_carry/KOSDAQ           2025-03-11 22:31:35.398410
dynamic_TF_carry/BOVESPA          2025-03-11 22:31:35.398639
dynamic_TF_carry/REDWHEAT         2025-03-11 22:31:35.398867
dynamic_TF_carry/SMI              2025-03-11 22:31:35.399096
dynamic_TF_carry/GOLD_micro       2025-03-11 22:31:35.399324
dynamic_TF_carry/US10             2025-03-11 22:31:35.399553
dynamic_TF_carry/GASOILINE        2025-03-11 22:31:35.399781
dynamic_TF_carry/FTSE100          2025-03-11 22:31:35.400238
dynamic_TF_carry/MSCIEMASIA       2025-03-11 22:31:35.400465
dynamic_TF_carry/TIN_LME          2025-03-11 22:31:35.400693
dynamic_TF_carry/BONO             2025-03-11 22:31:35.400921
dynamic_TF_carry/CRUDE_W_mini     2025-03-11 22:31:35.401150
dynamic_TF_carry/AUD              2025-03-11 22:31:35.401378
dynamic_TF_carry/VNKI             2025-03-11 22:31:35.401607
dynamic_TF_carry/CNH              2025-03-11 22:31:35.401835
dynamic_TF_carry/HEATOIL          2025-03-11 22:31:35.402063
dynamic_TF_carry/JPY              2025-03-11 22:31:35.402292
dynamic_TF_carry/SONIA3           2025-03-11 22:31:35.402524
dynamic_TF_carry/BUTTER           2025-03-11 22:31:35.402754
dynamic_TF_carry/CHF              2025-03-11 22:31:35.402982
dynamic_TF_carry/TWD              2025-03-11 22:31:35.403211
dynamic_TF_carry/FTSEINDO         2025-03-11 22:31:35.403438
dynamic_TF_carry/GAS_US_mini      2025-03-11 22:31:35.403897
dynamic_TF_carry/CHEESE           2025-03-11 22:31:35.404126
dynamic_TF_carry/FED              2025-03-11 22:31:35.404354
dynamic_TF_carry/HANGTECH         2025-03-11 22:31:35.404582
dynamic_TF_carry/VIX              2025-03-11 22:31:35.404811
dynamic_TF_carry/SOYBEAN_mini     2025-03-11 22:31:35.405040
dynamic_TF_carry/SUGAR_WHITE      2025-03-11 22:31:35.405267
dynamic_TF_carry/HOUSE-US         2025-03-11 22:31:35.405723
dynamic_TF_carry/EU-UTILS         2025-03-11 22:31:35.405951
dynamic_TF_carry/US-DISCRETE      2025-03-11 22:31:35.406179
dynamic_TF_carry/BRENT_W          2025-03-11 22:31:35.406411
dynamic_TF_carry/KR3              2025-03-11 22:31:35.406641
dynamic_TF_carry/FEEDCOW          2025-03-11 22:31:35.406869
dynamic_TF_carry/US-INDUSTRY      2025-03-11 22:31:35.407098
dynamic_TF_carry/MSCISING         2025-03-11 22:31:35.407327
dynamic_TF_carry/MILKWET          2025-03-11 22:31:35.407556
dynamic_TF_carry/CHINAA-CON       2025-03-11 22:31:35.407784
dynamic_TF_carry/SARONA           2025-03-11 22:31:35.408013
dynamic_TF_carry/COFFEE           2025-03-11 22:31:35.408241
dynamic_TF_carry/GBPEUR           2025-03-11 22:31:35.408472
dynamic_TF_carry/MSCIASIA         2025-03-11 22:31:35.408701
dynamic_TF_carry/DAX              2025-03-11 22:31:35.408930
dynamic_TF_carry/SUGAR11          2025-03-11 22:31:35.409387
dynamic_TF_carry/MSCIEAFA         2025-03-11 22:31:35.409616
dynamic_TF_carry/SWISSLEAD        2025-03-11 22:31:35.409844
dynamic_TF_carry/SILVER           2025-03-11 22:31:35.410073
dynamic_TF_carry/BUND             2025-03-11 22:31:35.410302
dynamic_TF_carry/EU-HOUSE         2025-03-11 22:31:35.410537
dynamic_TF_carry/GASOIL           2025-03-11 22:31:35.410766
dynamic_TF_carry/MXP              2025-03-11 22:31:35.410997
dynamic_TF_carry/EU-RETAIL        2025-03-11 22:31:35.411229
dynamic_TF_carry/BUXL             2025-03-11 22:31:35.411458
dynamic_TF_carry/CAD10            2025-03-11 22:31:35.411688
dynamic_TF_carry/TOPIX            2025-03-11 22:31:35.411919
dynamic_TF_carry/NASDAQ_micro     2025-03-11 22:31:35.412148
dynamic_TF_carry/BRENT-LAST       2025-03-11 22:31:35.412378
dynamic_TF_carry/COCOA_LDN        2025-03-11 22:31:35.412607
dynamic_TF_carry/COPPER_LME       2025-03-11 22:31:35.412836
dynamic_TF_carry/CANOLA           2025-03-11 22:31:35.413066
dynamic_TF_carry/EURCAD           2025-03-11 22:31:35.413295
dynamic_TF_carry/DOW              2025-03-11 22:31:35.413523
dynamic_TF_carry/PALLAD           2025-03-11 22:31:35.413752
dynamic_TF_carry/EU-FOOD          2025-03-11 22:31:35.413982
dynamic_TF_carry/MIB              2025-03-11 22:31:35.414211
dynamic_TF_carry/EUR              2025-03-11 22:31:35.414445
dynamic_TF_carry/FTSECHINAH       2025-03-11 22:31:35.414674
dynamic_TF_carry/FTSEVIET         2025-03-11 22:31:35.414908
dynamic_TF_carry/ROBUSTA          2025-03-11 22:31:35.415139
dynamic_TF_carry/US30             2025-03-11 22:31:35.415368
dynamic_TF_carry/RUR              2025-03-11 22:31:35.415598
dynamic_TF_carry/GBP              2025-03-11 22:31:35.415827
dynamic_TF_carry/EU-CHEM          2025-03-11 22:31:35.416056
dynamic_TF_carry/EU-OIL           2025-03-11 22:31:35.416286
dynamic_TF_carry/DJSTX-SMALL      2025-03-11 22:31:35.416515
dynamic_TF_carry/INR              2025-03-11 22:31:35.416745
dynamic_TF_carry/OATIES           2025-03-11 22:31:35.416973
dynamic_TF_carry/FANG             2025-03-11 22:31:35.417202
dynamic_TF_carry/BOBL             2025-03-11 22:31:35.417659
dynamic_TF_carry/EUR_micro        2025-03-11 22:31:35.418137
dynamic_TF_carry/IRS              2025-03-11 22:31:35.418373
dynamic_TF_carry/SP400            2025-03-11 22:31:35.418604
dynamic_TF_carry/EU-MEDIA         2025-03-11 22:31:35.418834
dynamic_TF_carry/US-STAPLES       2025-03-11 22:31:35.419063
dynamic_TF_carry/EUA              2025-03-11 22:31:35.419293
dynamic_TF_carry/US5              2025-03-11 22:31:35.419523
dynamic_TF_carry/GBPCHF           2025-03-11 22:31:35.419752
dynamic_TF_carry/GAS-PEN          2025-03-11 22:31:35.419981
dynamic_TF_carry/EU-BANKS         2025-03-11 22:31:35.420211
dynamic_TF_carry/COPPER-micro     2025-03-11 22:31:35.420439
dynamic_TF_carry/COCOA            2025-03-11 22:31:35.420669
dynamic_TF_carry/SP500_micro      2025-03-11 22:31:35.420897
dynamic_TF_carry/CHFJPY           2025-03-11 22:31:35.421127
dynamic_TF_carry/COTTON           2025-03-11 22:31:35.421356
dynamic_TF_carry/CRUDE_ICE        2025-03-11 22:31:35.421588
dynamic_TF_carry/KOSPI_mini       2025-03-11 22:31:35.421817
dynamic_TF_carry/EUROSTX-SMALL    2025-03-11 22:31:35.422046
dynamic_TF_carry/COPPER           2025-03-11 22:31:35.422274
dynamic_TF_carry/US3              2025-03-11 22:31:35.422507
dynamic_TF_carry/US10U            2025-03-11 22:31:35.422966
dynamic_TF_carry/MSCITAIWAN       2025-03-11 22:31:35.423195
dynamic_TF_carry/STEEL            2025-03-11 22:31:35.423424
dynamic_TF_carry/EURO600          2025-03-11 22:31:35.423653
dynamic_TF_carry/KOSPI            2025-03-11 22:31:35.423881
dynamic_TF_carry/US-ENERGY        2025-03-11 22:31:35.424110
dynamic_TF_carry/YENEUR           2025-03-11 22:31:35.424339
dynamic_TF_carry/EU-DJ-TELECOM    2025-03-11 22:31:35.424568
dynamic_TF_carry/RUBBER           2025-03-11 22:31:35.424794
dynamic_TF_carry/COAL-GEORDIE     2025-03-11 22:31:35.425270
dynamic_TF_carry/EU-HEALTH        2025-03-11 22:31:35.425500
dynamic_TF_carry/CAD5             2025-03-11 22:31:35.425730
dynamic_TF_carry/US2              2025-03-11 22:31:35.425958
dynamic_TF_carry/CLP              2025-03-11 22:31:35.426186
dynamic_TF_carry/PLAT             2025-03-11 22:31:35.426419
dynamic_TF_carry/MILKDRY          2025-03-11 22:31:35.426875
dynamic_TF_carry/SEK              2025-03-11 22:31:35.427102
dynamic_TF_carry/IG               2025-03-11 22:31:35.427329
dynamic_TF_carry/EUROSTX-LARGE    2025-03-11 22:31:35.427558
dynamic_TF_carry/HANG_mini        2025-03-11 22:31:35.427785
dynamic_TF_carry/BTP              2025-03-11 22:31:35.428014
dynamic_TF_carry/LIVECOW          2025-03-11 22:31:35.428243
dynamic_TF_carry/US-HEALTH        2025-03-11 22:31:35.428472
dynamic_TF_carry/KRWUSD           2025-03-11 22:31:35.428700
dynamic_TF_carry/GICS             2025-03-11 22:31:35.429155
dynamic_TF_carry/CORN             2025-03-11 22:31:35.429383
dynamic_TF_carry/NIKKEI400        2025-03-11 22:31:35.429610
dynamic_TF_carry/EURIBOR-ICE      2025-03-11 22:31:35.429840
dynamic_TF_carry/EU-BASIC         2025-03-11 22:31:35.430070
dynamic_TF_carry/BBCOMM           2025-03-11 22:31:35.430299
dynamic_TF_carry/DX               2025-03-11 22:31:35.430530
dynamic_TF_carry/FTSECHINAA       2025-03-11 22:31:35.430760
dynamic_TF_carry/EU-TRAVEL        2025-03-11 22:31:35.430988
dynamic_TF_carry/KRWUSD_mini      2025-03-11 22:31:35.431216
dynamic_TF_carry/MUMMY            2025-03-11 22:31:35.431445
dynamic_TF_carry/AUDJPY           2025-03-11 22:31:35.431676
dynamic_TF_carry/RICE             2025-03-11 22:31:35.431904
dynamic_TF_carry/SHATZ            2025-03-11 22:31:35.432133
dynamic_TF_carry/HANGENT_mini     2025-03-11 22:31:35.432361
dynamic_TF_carry/US-MATERIAL      2025-03-11 22:31:35.432591
dynamic_TF_carry/EU-MID           2025-03-11 22:31:35.432841
dynamic_TF_carry/WHEY             2025-03-11 22:31:35.433071
dynamic_TF_carry/MILK             2025-03-11 22:31:35.433300
dynamic_TF_carry/MSCIWORLD        2025-03-11 22:31:35.433530
dynamic_TF_carry/NIKKEI           2025-03-11 22:31:35.433760
dynamic_TF_carry/WHEAT_ICE        2025-03-11 22:31:35.433990
dynamic_TF_carry/ZINC_LME         2025-03-11 22:31:35.434220
dynamic_TF_carry/CAC              2025-03-11 22:31:35.434454
dynamic_TF_carry/EU-TECH          2025-03-11 22:31:35.434687
dynamic_TF_carry/NOK              2025-03-11 22:31:35.434917
dynamic_TF_carry/IRON             2025-03-11 22:31:35.435146
dynamic_TF_carry/PLN              2025-03-11 22:31:35.435376
dynamic_TF_carry/LUMBER-new       2025-03-11 22:31:35.435621
dynamic_TF_carry/JP-REALESTATE    2025-03-11 22:31:35.435852
dynamic_TF_carry/FTSE250          2025-03-11 22:31:35.436081
dynamic_TF_carry/CZK              2025-03-11 22:31:35.436312
dynamic_TF_carry/SOFR             2025-03-11 22:31:35.436542
dynamic_TF_carry/US-UTILS         2025-03-11 22:31:35.436773
dynamic_TF_carry/BITCOIN          2025-03-11 22:31:35.437002
dynamic_TF_carry/EURIBOR          2025-03-11 22:31:35.437231
dynamic_TF_carry/IBEX_mini        2025-03-11 22:31:35.437460
dynamic_TF_carry/OJ               2025-03-11 22:31:35.437689
dynamic_TF_carry/FTSETAIWAN       2025-03-11 22:31:35.437918
dynamic_TF_carry/GAS-LAST         2025-03-11 22:31:35.438145
dynamic_TF_carry/HIGHYIELD        2025-03-11 22:31:35.438379
dynamic_TF_carry/SUGAR16          2025-03-11 22:31:35.438609
dynamic_TF_carry/SPI200           2025-03-11 22:31:35.438839
dynamic_TF_carry/US20             2025-03-11 22:31:35.439068
dynamic_TF_carry/BTP3             2025-03-11 22:31:35.439297
dynamic_TF_carry/AEX              2025-03-11 22:31:35.439527
dynamic_TF_carry/ALUMINIUM        2025-03-11 22:31:35.439755
dynamic_TF_carry/LEAD_LME         2025-03-11 22:31:35.439984
dynamic_TF_carry/EU-CONSTRUCTION  2025-03-11 22:31:35.440214
dynamic_TF_carry/OAT              2025-03-11 22:31:35.440442
dynamic_TF_carry/CH10             2025-03-11 22:31:35.440670
dynamic_TF_carry/SGD              2025-03-11 22:31:35.440900
dynamic_TF_carry/GBPJPY           2025-03-11 22:31:35.441129
dynamic_TF_carry/EUROSTX200-LARGE 2025-03-11 22:31:35.441357
dynamic_TF_carry/COAL             2025-03-11 22:31:35.441585


======================================================================================================================
                                                Status of trade limits                                                
======================================================================================================================

                   period_days  trade_limit  trades_since_last_reset  trade_capacity_remaining   time_since_last_reset
 BUXL                       30            4                      2.0                       2.0 18 days 14:56:58.524585
 GBP                        14            4                      2.0                       2.0  8 days 07:56:59.278945
 BTP                        14            4                      1.0                       3.0  6 days 14:56:50.203853
 CAD                        14            4                      1.0                       3.0  4 days 07:56:39.028840
 LEANHOG                    14            4                      1.0                       3.0  8 days 07:26:59.699900
 BUND                       30            4                      1.0                       3.0 25 days 14:56:48.417618
 CHF                        30            4                      1.0                       3.0  4 days 07:56:34.900598
 BTP                        30            4                      1.0                       3.0  6 days 14:56:50.205610
 CHF                        14            4                      1.0                       3.0  4 days 07:56:34.901791
 CORN                        1            4                      0.0                       4.0  0 days 00:00:00.000003
 EU-HOUSE                    1            4                      0.0                       4.0  0 days 00:00:00.000002
 EU-DJ-UTIL                  1            4                      0.0                       4.0  0 days 00:00:00.000002
 EU-DJ-TELECOM               1            4                      0.0                       4.0  0 days 00:00:00.000001
 EU-DJ-TECH                  1            4                      0.0                       4.0  0 days 00:00:00.000002
 EU-DJ-OIL                   1            4                      0.0                       4.0  0 days 00:00:00.000001
 CZK                         1            4                      0.0                       4.0  0 days 00:00:00.000002
 ETHANOL                     1            4                      0.0                       4.0  0 days 00:00:00.000002
 EU-MEDIA                    1            4                      0.0                       4.0  0 days 00:00:00.000001
 COTTON                      1            4                      0.0                       4.0  0 days 00:00:00.000001
 COPPER-mini                 1            4                      0.0                       4.0  0 days 00:00:00.000002
 CNH-onshore                 1            4                      0.0                       4.0  0 days 00:00:00.000001
 CLP                         1            4                      0.0                       4.0  0 days 00:00:00.000002
 CH10                        1            4                      0.0                       4.0  0 days 00:00:00.000002
 BUTTER                      1            4                      0.0                       4.0  0 days 00:00:00.000001
 BOVESPA                     1            4                      0.0                       4.0  0 days 00:00:00.000002
 EU-CONSTRUCTION             1            4                      0.0                       4.0  0 days 00:00:00.000002
 EU-MID                      1            4                      0.0                       4.0  0 days 00:00:00.000002
 EURIBOR                     1            4                      0.0                       4.0  0 days 00:00:00.000001
 EURCHF                      1            4                      0.0                       4.0  0 days 00:00:00.000001
 US-HEALTH                   1            4                      0.0                       4.0  0 days 00:00:00.000002
 US-ENERGY                   1            4                      0.0                       4.0  0 days 00:00:00.000001
 US-DISCRETE                 1            4                      0.0                       4.0  0 days 00:00:00.000001
 SMI-MID                     1            4                      0.0                       4.0  0 days 00:00:00.000002
 SGX                         1            4                      0.0                       4.0  0 days 00:00:00.000001
 SGD                         1            4                      0.0                       4.0  0 days 00:00:00.000002
 OMX                         1            4                      0.0                       4.0  0 days 00:00:00.000001
 MSCIASIA                    1            4                      0.0                       4.0  0 days 00:00:00.000002
 MILKWET                     1            4                      0.0                       4.0  0 days 00:00:00.000001
 MILKDRY                     1            4                      0.0                       4.0  0 days 00:00:00.000002
 MID-DAX                     1            4                      0.0                       4.0  0 days 00:00:00.000001
 JP-REALESTATE               1            4                      0.0                       4.0  0 days 00:00:00.000002
 JGB-SGX-mini                1            4                      0.0                       4.0  0 days 00:00:00.000002
 IRS                         1            4                      0.0                       4.0  0 days 00:00:00.000002
 FTSEINDO                    1            4                      0.0                       4.0  0 days 00:00:00.000001
 EUROSTX200-LARGE            1            4                      0.0                       4.0  0 days 00:00:00.000002
 EUROSTX-SMALL               1            4                      0.0                       4.0  0 days 00:00:00.000001
 EUROSTX-LARGE               1            4                      0.0                       4.0  0 days 00:00:00.000002
