
********************************************************************************
                   Status report produced on 05/03/2026 22:58                   
********************************************************************************


Delayed methods: No delays

=============================
Delayed adjusted / FX prices 
=============================

                  last_update
HIGHYIELD 2026-02-27 15:00:01
IG        2026-02-27 20:00:01


===============================================
           Delayed optimal positions           
===============================================

                                    last_update
dynamic_TF_carry/SGX 2024-12-02 22:31:28.544775


==========================================================================================================
                                        Instruments at trade limit                                        
==========================================================================================================

       period_days  trade_limit  trades_since_last_reset  trade_capacity_remaining   time_since_last_reset
 BUND           30            4                      4.0                       0.0 27 days 14:58:10.721685


================================================
         Instruments at position limit          
================================================

                 keys  position pos_limit  spare
79                CZK         0       0.0    0.0
104            EURCAD         0       0.0    0.0
103                IG         0       0.0    0.0
101            EURCHF         0       0.0    0.0
100          AEX_mini         0       0.0    0.0
96        COPPER-mini         0       0.0    0.0
228              WHEY         0       0.0    0.0
176            NASDAQ         0       0.0    0.0
230               MIB         1       1.0    0.0
83              COCOA        -1       1.0    0.0
106      COAL-GEORDIE         0       0.0    0.0
82                PLN         0       0.0    0.0
182     EUROSTX-LARGE         0       0.0    0.0
75             KRWUSD         0       0.0    0.0
235               SEK         0       0.0    0.0
184       HEATOIL-ICE         0       0.0    0.0
188         HIGHYIELD         0       0.0    0.0
60         EU-DJ-TECH         0       0.0    0.0
59    EU-CONSTRUCTION         0       0.0    0.0
236           MILKDRY         0       0.0    0.0
57          EU-TRAVEL         0       0.0    0.0
80           HOUSE-US         0       0.0    0.0
109             R1000         0       0.0    0.0
173            GBPJPY         0       0.0    0.0
172            EURAUD         0       0.0    0.0
208              BUXL         1       1.0    0.0
211          EU-HOUSE         0       0.0    0.0
154           TIN_LME         0       0.0    0.0
152            BUTTER         0       0.0    0.0
145            PALLAD         0       0.0    0.0
164          TWD-mini         0       0.0    0.0
206              GICS         0       0.0    0.0
138            COTTON         0       0.0    0.0
137           BOVESPA         0       0.0    0.0
213       EPRA-EUROPE         0       0.0    0.0
214       CNH-onshore         0       0.0    0.0
131           EU-CHEM         0       0.0    0.0
216          SGD_mini         0       0.0    0.0
126        MSCIEMASIA         1       1.0    0.0
166              COAL         0       0.0    0.0
167              VNKI         0       0.0    0.0
220        BRENT-LAST         1       1.0    0.0
205               OMX         0       0.0    0.0
169         EU-RETAIL         0       0.0    0.0
118   GASOILINE_micro         0       0.0    0.0
203               IRS         0       0.0    0.0
52                NOK         0       0.0    0.0
50                CLP         0       0.0    0.0
159          JPY_mini         0       0.0    0.0
10   EUROSTX200-LARGE         0       0.0    0.0
33                JGB         0       0.0    0.0
32           EU-MEDIA         0       0.0    0.0
241     EU-DJ-TELECOM         0       0.0    0.0
29         COPPER_LME         0       0.0    0.0
27             CHFJPY         0       0.0    0.0
237               SGX         0       0.0    0.0
24           ETHEREUM         0       0.0    0.0
22                TWD         0       0.0    0.0
19               CH10         0       0.0    0.0
41            SMI-MID         0       0.0    0.0
35          SWISSLEAD         0       0.0    0.0
17              SP400         0       0.0    0.0
44           JGB-mini         0       0.0    0.0
240             STEEL         0       0.0    0.0
45            MILKWET         0       0.0    0.0
242         CHF_micro         0       0.0    0.0
13             AUDJPY         0       0.0    0.0


=========================================================
         Overrides in database consider deleting         
=========================================================

                                                 override
NICKEL_LME             Override Close because in database
SILVER           Override Reduce only because in database
VNKI             Override Reduce only because in database
FTSE100          Override Reduce only because in database
JGB-mini         Override Reduce only because in database
SPI200           Override Reduce only because in database
GOLD-mini        Override Reduce only because in database
OATIES           Override Reduce only because in database
STEEL            Override Reduce only because in database
CH10             Override Reduce only because in database
GASOILINE_micro  Override Reduce only because in database
VIX_mini         Override Reduce only because in database
IRS              Override Reduce only because in database
JP-REALESTATE    Override Reduce only because in database
GICS             Override Reduce only because in database
SGD              Override Reduce only because in database
KRWUSD           Override Reduce only because in database
TOPIX            Override Reduce only because in database
PLN              Override Reduce only because in database
NIKKEI400        Override Reduce only because in database
CZK              Override Reduce only because in database
EURCAD           Override Reduce only because in database
CHF_micro        Override Reduce only because in database
NOK              Override Reduce only because in database
R1000            Override Reduce only because in database
IBEX_mini        Override Reduce only because in database
GBP_micro        Override Reduce only because in database
EU-CHEM          Override Reduce only because in database
EU-INSURE        Override Reduce only because in database
KOSDAQ           Override Reduce only because in database
IBEX             Override Reduce only because in database
AUDJPY           Override Reduce only because in database
EUR_mini         Override Reduce only because in database
RICE             Override Reduce only because in database
KOSPI_mini       Override Reduce only because in database
KOSPI            Override Reduce only because in database
GBPCHF           Override Reduce only because in database
MXP              Override Reduce only because in database
YENEUR           Override Reduce only because in database
CHFJPY           Override Reduce only because in database
CNH-onshore      Override Reduce only because in database
CRUDE_W_mini     Override Reduce only because in database
SEK              Override Reduce only because in database
OMX              Override Reduce only because in database
GBPEUR           Override Reduce only because in database
GBPJPY           Override Reduce only because in database
EURAUD           Override Reduce only because in database
TWD-mini         Override Reduce only because in database
JPY_mini         Override Reduce only because in database
EURCHF           Override Reduce only because in database
EU-BANKS         Override Reduce only because in database
EU-CONSTRUCTION  Override Reduce only because in database
BBCOMM           Override Reduce only because in database

Locked instruments (position mismatch): []

==============================================
Status of adjusted price / FX price collection
==============================================

                         last_update
HIGHYIELD        2026-02-27 15:00:01
IG               2026-02-27 20:00:01
SGX              2026-03-02 23:00:00
MILKWET          2026-03-04 23:00:00
CZK              2026-03-04 23:00:00
MILKDRY          2026-03-04 23:00:00
EPRA-EUROPE      2026-03-04 23:00:00
COAL-GEORDIE     2026-03-04 23:00:00
CNH-onshore      2026-03-04 23:00:00
CLP              2026-03-04 23:00:00
JGB-mini         2026-03-04 23:00:00
IRS              2026-03-04 23:00:00
HOUSE-US         2026-03-04 23:00:00
SMI-MID          2026-03-04 23:00:00
SUGAR16          2026-03-04 23:00:00
COTTON           2026-03-04 23:00:00
TWD-mini         2026-03-04 23:00:00
SWISSLEAD        2026-03-04 23:00:00
TIN_LME          2026-03-04 23:00:00
BOVESPA          2026-03-04 23:00:00
GBPCHF           2026-03-04 23:00:00
GASOILINE_micro  2026-03-04 23:00:00
TWD              2026-03-04 23:00:00
SGD              2026-03-05 01:00:00
VNKI             2026-03-05 02:00:00
FTSEVIET         2026-03-05 04:00:00
FTSEINDO         2026-03-05 04:00:00
JP-REALESTATE    2026-03-05 04:00:00
JGB-SGX-mini     2026-03-05 04:00:00
SGD_mini         2026-03-05 04:00:00
IRON             2026-03-05 04:00:00
MSCITAIWAN       2026-03-05 04:00:00
SPI200           2026-03-05 04:00:00
JGB              2026-03-05 04:00:00
MSCISING         2026-03-05 05:00:00
FTSETAIWAN       2026-03-05 05:00:00
HANGENT_mini     2026-03-05 05:00:00
KRWUSD_mini      2026-03-05 05:00:00
KR3              2026-03-05 05:00:00
KOSPI_mini       2026-03-05 05:00:00
FTSECHINAH       2026-03-05 05:00:00
KOSPI            2026-03-05 05:00:00
HANG_mini*       2026-03-05 05:00:00
KOSDAQ           2026-03-05 05:00:00
FTSECHINAA*      2026-03-05 05:00:00
HANGENT          2026-03-05 05:00:00
KR10*            2026-03-05 05:00:00
HANG             2026-03-05 05:00:00
HANGTECH*        2026-03-05 05:00:00
NIKKEI           2026-03-05 05:00:00
RUBBER           2026-03-05 05:00:00
MUMMY*           2026-03-05 05:00:00
CNH              2026-03-05 05:00:00
CHINAA-CON       2026-03-05 05:00:00
NIKKEI400        2026-03-05 05:00:00
TOPIX            2026-03-05 05:00:00
MSCIWORLD        2026-03-05 11:00:00
OMX              2026-03-05 11:00:00
LEAD_LME         2026-03-05 12:00:00
NICKEL_LME       2026-03-05 12:00:00
MSCIEMASIA*      2026-03-05 14:00:00
AEX_mini         2026-03-05 14:00:00
PLN              2026-03-05 14:30:00
CHFJPY           2026-03-05 14:30:00
EURIBOR-ICE      2026-03-05 15:00:00
CRUDE_ICE        2026-03-05 15:00:00
HEATOIL-ICE      2026-03-05 15:00:00
SARONA           2026-03-05 15:00:00
EURIBOR          2026-03-05 15:00:00
SONIA3           2026-03-05 15:00:00
BRENT_W          2026-03-05 15:00:00
EUROSTX-SMALL    2026-03-05 15:00:00
EUROSTX200-LARGE 2026-03-05 15:00:00
IBEX             2026-03-05 15:00:00
GILT             2026-03-05 15:00:00
BONO             2026-03-05 15:00:00
FTSE100          2026-03-05 15:00:00
FTSE250          2026-03-05 15:00:00
WHEAT_ICE        2026-03-05 15:00:00
ALUMINIUM_LME    2026-03-05 15:00:00
ZINC_LME         2026-03-05 15:00:00
EUROSTX-LARGE    2026-03-05 15:00:00
EUA              2026-03-05 15:00:00
EU-RETAIL        2026-03-05 15:00:00
EU-TRAVEL        2026-03-05 15:00:00
MILLWHEAT        2026-03-05 15:00:00
COPPER_LME       2026-03-05 15:00:00
GAS-PEN          2026-03-05 15:00:00
MIB*             2026-03-05 15:00:00
COCOA_LDN        2026-03-05 15:00:00
COAL             2026-03-05 15:00:00
IBEX_mini        2026-03-05 15:00:00
EU-DJ-OIL        2026-03-05 15:00:00
EU-CONSTRUCTION  2026-03-05 15:00:00
EU-DJ-TELECOM    2026-03-05 15:00:00
EU-DJ-UTIL       2026-03-05 15:00:00
EU-HOUSE         2026-03-05 15:00:00
EU-MID           2026-03-05 15:00:00
ROBUSTA          2026-03-05 15:00:00
CH10             2026-03-05 15:00:00
EU-DJ-TECH       2026-03-05 15:00:00
GASOIL           2026-03-05 15:00:00
SUGAR_WHITE      2026-03-05 16:00:00
SMI              2026-03-05 16:00:00
OAT              2026-03-05 16:00:00
KRWUSD           2026-03-05 16:00:00
V2X              2026-03-05 16:00:00
SHATZ            2026-03-05 16:00:00
MSCIASIA         2026-03-05 16:00:00
GASOILINE_ICE    2026-03-05 16:00:00
AEX              2026-03-05 16:00:00
DAX*             2026-03-05 16:00:00
EU-INSURE        2026-03-05 16:00:00
EU-MEDIA         2026-03-05 16:00:00
EU-OIL           2026-03-05 16:00:00
EU-REALESTATE    2026-03-05 16:00:00
EU-TECH*         2026-03-05 16:00:00
EU-UTILS         2026-03-05 16:00:00
BTP              2026-03-05 16:00:00
EURO600          2026-03-05 16:00:00
BTP3             2026-03-05 16:00:00
EU-HEALTH        2026-03-05 16:00:00
EU-DIV30         2026-03-05 16:00:00
EUROSTX          2026-03-05 16:00:00
EU-BASIC*        2026-03-05 16:00:00
BUXL*            2026-03-05 16:00:00
CAC              2026-03-05 16:00:00
EU-CHEM          2026-03-05 16:00:00
BOBL             2026-03-05 16:00:00
EU-FOOD          2026-03-05 16:00:00
EU-AUTO          2026-03-05 16:00:00
EU-BANKS         2026-03-05 16:00:00
BUND*            2026-03-05 16:00:00
EURCAD           2026-03-05 17:00:00
NOK              2026-03-05 17:00:00
SUGAR11          2026-03-05 17:00:00
EURAUD           2026-03-05 17:00:00
OJ               2026-03-05 18:00:00
COCOA*           2026-03-05 18:00:00
COFFEE           2026-03-05 18:00:00
BBCOMM           2026-03-05 19:00:00
US-DISCRETE      2026-03-05 19:00:00
CORN             2026-03-05 19:00:00
CORN_mini        2026-03-05 19:00:00
LUMBER-new       2026-03-05 19:00:00
STEEL            2026-03-05 19:00:00
R1000            2026-03-05 19:00:00
REDWHEAT         2026-03-05 19:00:00
RICE             2026-03-05 19:00:00
CHEESE           2026-03-05 19:00:00
CANOLA*          2026-03-05 19:00:00
CAD_micro        2026-03-05 19:00:00
CAD2             2026-03-05 19:00:00
SOYOIL           2026-03-05 19:00:00
CAD              2026-03-05 19:00:00
SOYMEAL          2026-03-05 19:00:00
COTTON2          2026-03-05 19:00:00
OATIES           2026-03-05 19:00:00
SOYBEAN          2026-03-05 19:00:00
ETHER-micro      2026-03-05 19:00:00
MILK             2026-03-05 19:00:00
GOLD             2026-03-05 19:00:00
WHEAT            2026-03-05 19:00:00
INR              2026-03-05 19:00:00
GICS             2026-03-05 19:00:00
GBPJPY           2026-03-05 19:00:00
DX               2026-03-05 19:00:00
WHEAT_mini       2026-03-05 19:00:00
VIX_mini         2026-03-05 19:00:00
LIVECOW          2026-03-05 19:00:00
SOYBEAN_mini     2026-03-05 19:00:00
WHEY             2026-03-05 19:00:00
ALUMINIUM        2026-03-05 19:00:00
FEEDCOW          2026-03-05 19:00:00
LEANHOG          2026-03-05 19:00:00
AUDJPY           2026-03-05 20:00:00
SP400            2026-03-05 20:00:00
SP500            2026-03-05 20:00:00
SP500_micro*     2026-03-05 20:00:00
AUD              2026-03-05 20:00:00
YENEUR           2026-03-05 20:00:00
ZAR              2026-03-05 20:00:00
US-STAPLES       2026-03-05 20:00:00
US30             2026-03-05 20:00:00
AUD_micro*       2026-03-05 20:00:00
US-UTILS         2026-03-05 20:00:00
US-REALESTATE    2026-03-05 20:00:00
US-MATERIAL      2026-03-05 20:00:00
US-INDUSTRY      2026-03-05 20:00:00
US-HEALTH        2026-03-05 20:00:00
US-ENERGY        2026-03-05 20:00:00
BITCOIN*         2026-03-05 20:00:00
US10             2026-03-05 20:00:00
BRE*             2026-03-05 20:00:00
US10U            2026-03-05 20:00:00
US2              2026-03-05 20:00:00
BRENT-LAST*      2026-03-05 20:00:00
US20             2026-03-05 20:00:00
US3              2026-03-05 20:00:00
US5              2026-03-05 20:00:00
VIX              2026-03-05 20:00:00
GAS-LAST         2026-03-05 20:00:00
CHF              2026-03-05 20:00:00
SOFR             2026-03-05 20:00:00
DOW_mini         2026-03-05 20:00:00
ETHEREUM         2026-03-05 20:00:00
JPY_mini         2026-03-05 20:00:00
BUTTER           2026-03-05 20:00:00
EUR              2026-03-05 20:00:00
EURCHF           2026-03-05 20:00:00
HEATOIL          2026-03-05 20:00:00
EUR_micro        2026-03-05 20:00:00
DOW              2026-03-05 20:00:00
EUR_mini         2026-03-05 20:00:00
GOLD-mini        2026-03-05 20:00:00
FANG             2026-03-05 20:00:00
GBP_micro        2026-03-05 20:00:00
GBPEUR           2026-03-05 20:00:00
FED              2026-03-05 20:00:00
GBP              2026-03-05 20:00:00
GAS_US_mini      2026-03-05 20:00:00
GAS_US           2026-03-05 20:00:00
GOLD_micro       2026-03-05 20:00:00
CRUDE_W_mini     2026-03-05 20:00:00
JPY*             2026-03-05 20:00:00
MSCIEAFA         2026-03-05 20:00:00
SILVER           2026-03-05 20:00:00
CAD10*           2026-03-05 20:00:00
CAD5             2026-03-05 20:00:00
SEK              2026-03-05 20:00:00
CRUDE_W_micro*   2026-03-05 20:00:00
RUSSELL*         2026-03-05 20:00:00
GASOILINE        2026-03-05 20:00:00
PLAT             2026-03-05 20:00:00
PALLAD           2026-03-05 20:00:00
RUSSELL_mini     2026-03-05 20:00:00
NZD*             2026-03-05 20:00:00
COPPER           2026-03-05 20:00:00
COPPER-micro*    2026-03-05 20:00:00
NASDAQ_micro     2026-03-05 20:00:00
NASDAQ           2026-03-05 20:00:00
MXP*             2026-03-05 20:00:00
COPPER-mini      2026-03-05 20:00:00
CRUDE_W          2026-03-05 20:00:00
CHF_micro        2026-03-05 20:00:00
CHFUSD           2026-03-05 23:00:00
JPYUSD           2026-03-05 23:00:00
EURUSD           2026-03-05 23:00:00
CADUSD           2026-03-05 23:00:00
KRWUSD           2026-03-05 23:00:00
SGDUSD           2026-03-05 23:00:00
SEKUSD           2026-03-05 23:00:00
GBPUSD           2026-03-05 23:00:00
MXPUSD           2026-03-05 23:00:00
HKDUSD           2026-03-05 23:00:00
CNHUSD           2026-03-05 23:00:00
AUDUSD           2026-03-05 23:00:00


============================================================
           Status of optimal position generation            
============================================================

                                                 last_update
dynamic_TF_carry/SGX              2024-12-02 22:31:28.544775
dynamic_TF_carry/EU-BANKS         2026-03-05 22:31:40.437364
dynamic_TF_carry/MUMMY            2026-03-05 22:31:40.437623
dynamic_TF_carry/MSCIEMASIA       2026-03-05 22:31:40.437861
dynamic_TF_carry/KOSPI            2026-03-05 22:31:40.438325
dynamic_TF_carry/GAS-PEN          2026-03-05 22:31:40.438554
dynamic_TF_carry/STEEL            2026-03-05 22:31:40.438783
dynamic_TF_carry/EU-MID           2026-03-05 22:31:40.439011
dynamic_TF_carry/CANOLA           2026-03-05 22:31:40.439240
dynamic_TF_carry/EURCAD           2026-03-05 22:31:40.439471
dynamic_TF_carry/MSCIASIA         2026-03-05 22:31:40.439700
dynamic_TF_carry/GAS-LAST         2026-03-05 22:31:40.439928
dynamic_TF_carry/SP400            2026-03-05 22:31:40.440155
dynamic_TF_carry/BRE              2026-03-05 22:31:40.440382
dynamic_TF_carry/LIVECOW          2026-03-05 22:31:40.440609
dynamic_TF_carry/DOW              2026-03-05 22:31:40.440838
dynamic_TF_carry/CHEESE           2026-03-05 22:31:40.441066
dynamic_TF_carry/AUD              2026-03-05 22:31:40.441296
dynamic_TF_carry/RUSSELL          2026-03-05 22:31:40.441527
dynamic_TF_carry/GBP              2026-03-05 22:31:40.441760
dynamic_TF_carry/AEX              2026-03-05 22:31:40.441987
dynamic_TF_carry/DX               2026-03-05 22:31:40.442213
dynamic_TF_carry/FTSE100          2026-03-05 22:31:40.442443
dynamic_TF_carry/KOSPI_mini       2026-03-05 22:31:40.442670
dynamic_TF_carry/NZD              2026-03-05 22:31:40.442897
dynamic_TF_carry/EU-DJ-TELECOM    2026-03-05 22:31:40.443126
dynamic_TF_carry/COPPER_LME       2026-03-05 22:31:40.443352
dynamic_TF_carry/OMX              2026-03-05 22:31:40.443580
dynamic_TF_carry/KRWUSD           2026-03-05 22:31:40.443806
dynamic_TF_carry/LEAD_LME         2026-03-05 22:31:40.444035
dynamic_TF_carry/BOVESPA          2026-03-05 22:31:40.444264
dynamic_TF_carry/EU-CONSTRUCTION  2026-03-05 22:31:40.444490
dynamic_TF_carry/EUR              2026-03-05 22:31:40.444716
dynamic_TF_carry/SOYOIL           2026-03-05 22:31:40.444942
dynamic_TF_carry/EUA              2026-03-05 22:31:40.445172
dynamic_TF_carry/SWISSLEAD        2026-03-05 22:31:40.445402
dynamic_TF_carry/COCOA_LDN        2026-03-05 22:31:40.445635
dynamic_TF_carry/CAD2             2026-03-05 22:31:40.445862
dynamic_TF_carry/EU-RETAIL        2026-03-05 22:31:40.446090
dynamic_TF_carry/GBPEUR           2026-03-05 22:31:40.446318
dynamic_TF_carry/CHFJPY           2026-03-05 22:31:40.446546
dynamic_TF_carry/JGB-SGX-mini     2026-03-05 22:31:40.446774
dynamic_TF_carry/COAL-GEORDIE     2026-03-05 22:31:40.447002
dynamic_TF_carry/US30             2026-03-05 22:31:40.447228
dynamic_TF_carry/US-INDUSTRY      2026-03-05 22:31:40.447456
dynamic_TF_carry/KR3              2026-03-05 22:31:40.447685
dynamic_TF_carry/HOUSE-US         2026-03-05 22:31:40.447912
dynamic_TF_carry/US-MATERIAL      2026-03-05 22:31:40.448139
dynamic_TF_carry/SEK              2026-03-05 22:31:40.448367
dynamic_TF_carry/BITCOIN          2026-03-05 22:31:40.448594
dynamic_TF_carry/SMI-MID          2026-03-05 22:31:40.448823
dynamic_TF_carry/COCOA            2026-03-05 22:31:40.449053
dynamic_TF_carry/CRUDE_W_mini     2026-03-05 22:31:40.449280
dynamic_TF_carry/BTP3             2026-03-05 22:31:40.449507
dynamic_TF_carry/BUTTER           2026-03-05 22:31:40.449738
dynamic_TF_carry/EU-HOUSE         2026-03-05 22:31:40.449965
dynamic_TF_carry/JPY              2026-03-05 22:31:40.450193
dynamic_TF_carry/OAT              2026-03-05 22:31:40.450422
dynamic_TF_carry/IRON             2026-03-05 22:31:40.450649
dynamic_TF_carry/MILKDRY          2026-03-05 22:31:40.450877
dynamic_TF_carry/EUROSTX          2026-03-05 22:31:40.451333
dynamic_TF_carry/SOYBEAN_mini     2026-03-05 22:31:40.451560
dynamic_TF_carry/BONO             2026-03-05 22:31:40.451788
dynamic_TF_carry/US3              2026-03-05 22:31:40.452015
dynamic_TF_carry/TIN_LME          2026-03-05 22:31:40.452472
dynamic_TF_carry/MXP              2026-03-05 22:31:40.452699
dynamic_TF_carry/SUGAR16          2026-03-05 22:31:40.453152
dynamic_TF_carry/SOYBEAN          2026-03-05 22:31:40.453379
dynamic_TF_carry/SOYMEAL          2026-03-05 22:31:40.453610
dynamic_TF_carry/IBEX_mini        2026-03-05 22:31:40.453838
dynamic_TF_carry/US5              2026-03-05 22:31:40.454065
dynamic_TF_carry/HANGENT_mini     2026-03-05 22:31:40.454293
dynamic_TF_carry/CAC              2026-03-05 22:31:40.454521
dynamic_TF_carry/FEEDCOW          2026-03-05 22:31:40.454750
dynamic_TF_carry/PLAT             2026-03-05 22:31:40.454978
dynamic_TF_carry/SUGAR_WHITE      2026-03-05 22:31:40.455208
dynamic_TF_carry/EU-HEALTH        2026-03-05 22:31:40.455436
dynamic_TF_carry/GBPCHF           2026-03-05 22:31:40.455665
dynamic_TF_carry/CAD10            2026-03-05 22:31:40.455918
dynamic_TF_carry/CORN             2026-03-05 22:31:40.456149
dynamic_TF_carry/SGD              2026-03-05 22:31:40.456378
dynamic_TF_carry/COPPER           2026-03-05 22:31:40.456608
dynamic_TF_carry/US-STAPLES       2026-03-05 22:31:40.456835
dynamic_TF_carry/WHEAT_ICE        2026-03-05 22:31:40.457064
dynamic_TF_carry/ALUMINIUM        2026-03-05 22:31:40.457294
dynamic_TF_carry/EU-DIV30         2026-03-05 22:31:40.457542
dynamic_TF_carry/EU-CHEM          2026-03-05 22:31:40.457777
dynamic_TF_carry/HEATOIL          2026-03-05 22:31:40.458007
dynamic_TF_carry/SMI              2026-03-05 22:31:40.458237
dynamic_TF_carry/FTSE250          2026-03-05 22:31:40.458466
dynamic_TF_carry/BOBL             2026-03-05 22:31:40.458693
dynamic_TF_carry/CHINAA-CON       2026-03-05 22:31:40.459148
dynamic_TF_carry/BTP              2026-03-05 22:31:40.459376
dynamic_TF_carry/FANG             2026-03-05 22:31:40.459604
dynamic_TF_carry/FTSECHINAH       2026-03-05 22:31:40.459831
dynamic_TF_carry/NOK              2026-03-05 22:31:40.460062
dynamic_TF_carry/SONIA3           2026-03-05 22:31:40.460290
dynamic_TF_carry/EURAUD           2026-03-05 22:31:40.460518
dynamic_TF_carry/MIB              2026-03-05 22:31:40.460746
dynamic_TF_carry/EURIBOR          2026-03-05 22:31:40.460973
dynamic_TF_carry/EU-INSURE        2026-03-05 22:31:40.461200
dynamic_TF_carry/TOPIX            2026-03-05 22:31:40.461427
dynamic_TF_carry/GOLD_micro       2026-03-05 22:31:40.461659
dynamic_TF_carry/WHEY             2026-03-05 22:31:40.461888
dynamic_TF_carry/EUROSTX-LARGE    2026-03-05 22:31:40.462116
dynamic_TF_carry/EPRA-EUROPE      2026-03-05 22:31:40.462343
dynamic_TF_carry/KR10             2026-03-05 22:31:40.462573
dynamic_TF_carry/FTSETAIWAN       2026-03-05 22:31:40.462801
dynamic_TF_carry/SP500_micro      2026-03-05 22:31:40.463029
dynamic_TF_carry/COFFEE           2026-03-05 22:31:40.463256
dynamic_TF_carry/CZK              2026-03-05 22:31:40.463484
dynamic_TF_carry/COTTON           2026-03-05 22:31:40.463712
dynamic_TF_carry/RUBBER           2026-03-05 22:31:40.463940
dynamic_TF_carry/NASDAQ_micro     2026-03-05 22:31:40.464171
dynamic_TF_carry/FTSEINDO         2026-03-05 22:31:40.464399
dynamic_TF_carry/HANG_mini        2026-03-05 22:31:40.464627
dynamic_TF_carry/SARONA           2026-03-05 22:31:40.464856
dynamic_TF_carry/COTTON2          2026-03-05 22:31:40.465084
dynamic_TF_carry/MSCIEAFA         2026-03-05 22:31:40.465312
dynamic_TF_carry/LUMBER-new       2026-03-05 22:31:40.465539
dynamic_TF_carry/EU-BASIC         2026-03-05 22:31:40.465998
dynamic_TF_carry/EURIBOR-ICE      2026-03-05 22:31:40.466228
dynamic_TF_carry/US10             2026-03-05 22:31:40.466455
dynamic_TF_carry/NICKEL_LME       2026-03-05 22:31:40.466682
dynamic_TF_carry/GILT             2026-03-05 22:31:40.467138
dynamic_TF_carry/GASOILINE        2026-03-05 22:31:40.467366
dynamic_TF_carry/SILVER           2026-03-05 22:31:40.467821
dynamic_TF_carry/COAL             2026-03-05 22:31:40.468047
dynamic_TF_carry/JGB              2026-03-05 22:31:40.468276
dynamic_TF_carry/US-HEALTH        2026-03-05 22:31:40.468504
dynamic_TF_carry/FTSEVIET         2026-03-05 22:31:40.468730
dynamic_TF_carry/US-UTILS         2026-03-05 22:31:40.468958
dynamic_TF_carry/DAX              2026-03-05 22:31:40.469186
dynamic_TF_carry/US-ENERGY        2026-03-05 22:31:40.469414
dynamic_TF_carry/ZINC_LME         2026-03-05 22:31:40.469648
dynamic_TF_carry/GICS             2026-03-05 22:31:40.469875
dynamic_TF_carry/CAD5             2026-03-05 22:31:40.470103
dynamic_TF_carry/MILLWHEAT        2026-03-05 22:31:40.470329
dynamic_TF_carry/ROBUSTA          2026-03-05 22:31:40.470557
dynamic_TF_carry/INR              2026-03-05 22:31:40.470784
dynamic_TF_carry/IG               2026-03-05 22:31:40.471015
dynamic_TF_carry/EU-TECH          2026-03-05 22:31:40.471242
dynamic_TF_carry/US-REALESTATE    2026-03-05 22:31:40.471472
dynamic_TF_carry/SOFR             2026-03-05 22:31:40.471701
dynamic_TF_carry/WHEAT            2026-03-05 22:31:40.471928
dynamic_TF_carry/SHATZ            2026-03-05 22:31:40.472158
dynamic_TF_carry/PLN              2026-03-05 22:31:40.472387
dynamic_TF_carry/RICE             2026-03-05 22:31:40.472851
dynamic_TF_carry/MILK             2026-03-05 22:31:40.473081
dynamic_TF_carry/EU-AUTO          2026-03-05 22:31:40.473311
dynamic_TF_carry/US10U            2026-03-05 22:31:40.473542
dynamic_TF_carry/NIKKEI400        2026-03-05 22:31:40.473777
dynamic_TF_carry/EU-TRAVEL        2026-03-05 22:31:40.474008
dynamic_TF_carry/FTSECHINAA       2026-03-05 22:31:40.474238
dynamic_TF_carry/COPPER-micro     2026-03-05 22:31:40.474468
dynamic_TF_carry/AUD_micro        2026-03-05 22:31:40.474699
dynamic_TF_carry/MSCIWORLD        2026-03-05 22:31:40.474929
dynamic_TF_carry/REDWHEAT         2026-03-05 22:31:40.475158
dynamic_TF_carry/R1000            2026-03-05 22:31:40.475388
dynamic_TF_carry/PALLAD           2026-03-05 22:31:40.475617
dynamic_TF_carry/EURCHF           2026-03-05 22:31:40.475848
dynamic_TF_carry/JP-REALESTATE    2026-03-05 22:31:40.476078
dynamic_TF_carry/LEANHOG          2026-03-05 22:31:40.476308
dynamic_TF_carry/SPI200           2026-03-05 22:31:40.476538
dynamic_TF_carry/CRUDE_W_micro    2026-03-05 22:31:40.476769
dynamic_TF_carry/BRENT-LAST       2026-03-05 22:31:40.476999
dynamic_TF_carry/KRWUSD_mini      2026-03-05 22:31:40.477229
dynamic_TF_carry/CAD              2026-03-05 22:31:40.477460
dynamic_TF_carry/CH10             2026-03-05 22:31:40.477694
dynamic_TF_carry/GASOIL           2026-03-05 22:31:40.477925
dynamic_TF_carry/MILKWET          2026-03-05 22:31:40.478153
dynamic_TF_carry/CRUDE_ICE        2026-03-05 22:31:40.478613
dynamic_TF_carry/EURO600          2026-03-05 22:31:40.478846
dynamic_TF_carry/GAS_US_mini      2026-03-05 22:31:40.479077
dynamic_TF_carry/OATIES           2026-03-05 22:31:40.479305
dynamic_TF_carry/EU-FOOD          2026-03-05 22:31:40.479536
dynamic_TF_carry/BRENT_W          2026-03-05 22:31:40.479997
dynamic_TF_carry/BUXL             2026-03-05 22:31:40.480226
dynamic_TF_carry/EUR_micro        2026-03-05 22:31:40.480455
dynamic_TF_carry/FED              2026-03-05 22:31:40.480685
dynamic_TF_carry/HIGHYIELD        2026-03-05 22:31:40.481368
dynamic_TF_carry/NIKKEI           2026-03-05 22:31:40.481599
dynamic_TF_carry/CNH              2026-03-05 22:31:40.482057
dynamic_TF_carry/BBCOMM           2026-03-05 22:31:40.482285
dynamic_TF_carry/EU-DJ-UTIL       2026-03-05 22:31:40.482513
dynamic_TF_carry/BUND             2026-03-05 22:31:40.482744
dynamic_TF_carry/V2X              2026-03-05 22:31:40.482973
dynamic_TF_carry/EU-MEDIA         2026-03-05 22:31:40.483204
dynamic_TF_carry/CLP              2026-03-05 22:31:40.483432
dynamic_TF_carry/TWD              2026-03-05 22:31:40.483661
dynamic_TF_carry/VNKI             2026-03-05 22:31:40.483891
dynamic_TF_carry/MSCISING         2026-03-05 22:31:40.484120
dynamic_TF_carry/EU-UTILS         2026-03-05 22:31:40.484352
dynamic_TF_carry/EUROSTX-SMALL    2026-03-05 22:31:40.484579
dynamic_TF_carry/AUDJPY           2026-03-05 22:31:40.484806
dynamic_TF_carry/US2              2026-03-05 22:31:40.485033
dynamic_TF_carry/KOSDAQ           2026-03-05 22:31:40.485259
dynamic_TF_carry/VIX              2026-03-05 22:31:40.485487
dynamic_TF_carry/IRS              2026-03-05 22:31:40.485719
dynamic_TF_carry/EUROSTX200-LARGE 2026-03-05 22:31:40.485947
dynamic_TF_carry/GBPJPY           2026-03-05 22:31:40.486174
dynamic_TF_carry/EU-OIL           2026-03-05 22:31:40.486405
dynamic_TF_carry/ETHEREUM         2026-03-05 22:31:40.486633
dynamic_TF_carry/OJ               2026-03-05 22:31:40.486861
dynamic_TF_carry/CHF              2026-03-05 22:31:40.487088
dynamic_TF_carry/YENEUR           2026-03-05 22:31:40.487315
dynamic_TF_carry/EU-REALESTATE    2026-03-05 22:31:40.487543
dynamic_TF_carry/US-DISCRETE      2026-03-05 22:31:40.487771
dynamic_TF_carry/MSCITAIWAN       2026-03-05 22:31:40.487998
dynamic_TF_carry/US20             2026-03-05 22:31:40.488226
dynamic_TF_carry/ZAR              2026-03-05 22:31:40.488453
dynamic_TF_carry/SUGAR11          2026-03-05 22:31:40.488681
dynamic_TF_carry/HANGTECH         2026-03-05 22:31:40.488910


======================================================================================================================
                                                Status of trade limits                                                
======================================================================================================================

                   period_days  trade_limit  trades_since_last_reset  trade_capacity_remaining   time_since_last_reset
 BUND                       30            4                      4.0                       0.0 27 days 14:59:12.652323
 BUND                       14            4                      2.0                       2.0  3 days 14:59:13.864647
 AEX                        30            4                      1.0                       3.0 10 days 14:59:08.609440
 CAD                        14            4                      1.0                       3.0 10 days 07:59:00.814558
 BTP                        30            4                      1.0                       3.0 17 days 14:59:09.476313
 AEX                        14            4                      1.0                       3.0 10 days 14:59:08.607525
 CORN                        1            4                      0.0                       4.0  0 days 00:00:00.000003
 EU-MEDIA                    1            4                      0.0                       4.0  0 days 00:00:00.000002
 EU-HOUSE                    1            4                      0.0                       4.0  0 days 00:00:00.000002
 EU-DJ-UTIL                  1            4                      0.0                       4.0  0 days 00:00:00.000001
 EU-DJ-TELECOM               1            4                      0.0                       4.0  0 days 00:00:00.000002
 EU-DJ-TECH                  1            4                      0.0                       4.0  0 days 00:00:00.000002
 EU-DJ-OIL                   1            4                      0.0                       4.0  0 days 00:00:00.000002
 EU-CONSTRUCTION             1            4                      0.0                       4.0  0 days 00:00:00.000001
 COTTON                      1            4                      0.0                       4.0  0 days 00:00:00.000001
 EU-MID                      1            4                      0.0                       4.0  0 days 00:00:00.000001
 COPPER-mini                 1            4                      0.0                       4.0  0 days 00:00:00.000001
 CNH-onshore                 1            4                      0.0                       4.0  0 days 00:00:00.000001
 CLP                         1            4                      0.0                       4.0  0 days 00:00:00.000002
 CH10                        1            4                      0.0                       4.0  0 days 00:00:00.000002
 BUTTER                      1            4                      0.0                       4.0  0 days 00:00:00.000001
 BOVESPA                     1            4                      0.0                       4.0  0 days 00:00:00.000002
 BEL20                       1            4                      0.0                       4.0  0 days 00:00:00.000002
 CZK                         1            4                      0.0                       4.0  0 days 00:00:00.000002
 EU-REALESTATE               1            4                      0.0                       4.0  0 days 00:00:00.000002
 EURIBOR                     1            4                      0.0                       4.0  0 days 00:00:00.000001
 ALUMINIUM                   1            4                      0.0                       4.0  0 days 00:00:00.000002
 US-INDUSTRY                 1            4                      0.0                       4.0  0 days 00:00:00.000001
 US-HEALTH                   1            4                      0.0                       4.0  0 days 00:00:00.000001
 US-ENERGY                   1            4                      0.0                       4.0  0 days 00:00:00.000002
 US-DISCRETE                 1            4                      0.0                       4.0  0 days 00:00:00.000001
 SMI-MID                     1            4                      0.0                       4.0  0 days 00:00:00.000001
 SGX                         1            4                      0.0                       4.0  0 days 00:00:00.000002
 SGD                         1            4                      0.0                       4.0  0 days 00:00:00.000002
 OMX                         1            4                      0.0                       4.0  0 days 00:00:00.000002
 MSCIASIA                    1            4                      0.0                       4.0  0 days 00:00:00.000001
 MILKWET                     1            4                      0.0                       4.0  0 days 00:00:00.000001
 MILKDRY                     1            4                      0.0                       4.0  0 days 00:00:00.000002
 MID-DAX                     1            4                      0.0                       4.0  0 days 00:00:00.000002
 JP-REALESTATE               1            4                      0.0                       4.0  0 days 00:00:00.000001
 JGB-SGX-mini                1            4                      0.0                       4.0  0 days 00:00:00.000002
 IRS                         1            4                      0.0                       4.0  0 days 00:00:00.000002
 FTSEINDO                    1            4                      0.0                       4.0  0 days 00:00:00.000001
 EUROSTX200-LARGE            1            4                      0.0                       4.0  0 days 00:00:00.000002
 EUROSTX-SMALL               1            4                      0.0                       4.0  0 days 00:00:00.000002
 EUROSTX-LARGE               1            4                      0.0                       4.0  0 days 00:00:00.000001
 EURCHF                      1            4                      0.0                       4.0  0 days 00:00:00.000002
 YENEUR                     30            4                      0.0                       4.0  0 days 00:00:00.000001
 US3                        30            4                      0.0                       4.0  0 days 00:00:00.000002
 US-MATERIAL                 1            4                      0.0                       4.0  0 days 00:00:00.000002
 ZAR                         1            4                      0.0                       4.0  0 days 00:00:00.000002
 JGB                        14            4                      0.0                       4.0  0 days 00:00:00.000001
 HEATOIL                    14            4                      0.0                       4.0  0 days 00:00:00.000002
 GBPEUR                     14            4                      0.0                       4.0  0 days 00:00:00.000001
 GAS-LAST                   14            4                      0.0                       4.0  0 days 00:00:00.000001
 FTSETAIWAN                 14            4                      0.0                       4.0  0 days 00:00:00.000002
 EU-TECH                    14            4                      0.0                       4.0  1 days 14:59:09.274148
 EU-CHEM                    14            4                      0.0                       4.0  0 days 00:00:00.000001
 ETHEREUM                   14            4                      0.0                       4.0  0 days 00:00:00.000001
 NOK                        14            4                      0.0                       4.0  0 days 00:00:00.000002
 CNH                        14            4                      0.0                       4.0  0 days 00:00:00.000002
 BTP3                       14            4                      0.0                       4.0  0 days 00:00:00.000001
 BRENT-LAST                 14            4                      0.0                       4.0  0 days 00:00:00.000002
 BONO                       14            4                      0.0                       4.0  0 days 00:00:00.000002
 YENEUR                      1            4                      0.0                       4.0  0 days 00:00:00.000001
 US3                         1            4                      0.0                       4.0  0 days 00:00:00.000002
 US10U                       1            4                      0.0                       4.0  0 days 00:00:00.000002
 US-REALESTATE               1            4                      0.0                       4.0  0 days 00:00:00.000001
 TOPIX                       1            4                      0.0                       4.0  0 days 00:00:00.000002
 SP400                       1            4                      0.0                       4.0  0 days 00:00:00.000002
 BUXL                       14            4                      0.0                       4.0  2 days 14:59:13.985082
