
********************************************************************************
                   Status report produced on 09/10/2025 22:57                   
********************************************************************************


Delayed methods: No delays

==============================
 Delayed adjusted / FX prices 
==============================

                   last_update
HIGHYIELD  2025-08-22 19:00:02
IG         2025-08-22 19:00:02
KOSPI      2025-10-02 23:00:00
KR10       2025-10-02 23:00:00
KR3        2025-10-02 23:00:00
KOSDAQ     2025-10-02 23:00:00
KOSPI_mini 2025-10-02 23:00:01


===============================================
           Delayed optimal positions           
===============================================

                                    last_update
dynamic_TF_carry/SGX 2024-12-02 22:31:28.544775

Instruments at trade limit: No constraints

================================================
         Instruments at position limit          
================================================

                 keys  position pos_limit  spare
122       EPRA-EUROPE         0       0.0    0.0
139       CNH-onshore         0       0.0    0.0
141   GASOILINE_micro         0       0.0    0.0
56                OMX         0       0.0    0.0
146              WHEY         0       0.0    0.0
54               VNKI         0       0.0    0.0
147            EURAUD         0       0.0    0.0
138               IRS         0       0.0    0.0
52              SP400         0       0.0    0.0
50             GBPJPY         0       0.0    0.0
148            CHFJPY         0       0.0    0.0
96           JPY_mini         0       0.0    0.0
165               CZK         0       0.0    0.0
169            BUTTER         0       0.0    0.0
40           ETHEREUM         0       0.0    0.0
51            GAS-PEN        -1       1.0    0.0
62              R1000         0       0.0    0.0
130     EUROSTX-LARGE         0       0.0    0.0
64        COPPER-mini         0       0.0    0.0
98           AEX_mini         0       0.0    0.0
99               CH10         0       0.0    0.0
102               SEK         0       0.0    0.0
82           TWD-mini         0       0.0    0.0
107            AUDJPY         0       0.0    0.0
79                 IG         0       0.0    0.0
109              GICS         0       0.0    0.0
76        HEATOIL-ICE         0       0.0    0.0
74             COTTON         0       0.0    0.0
112              COAL         0       0.0    0.0
113      COAL-GEORDIE         0       0.0    0.0
243  EUROSTX200-LARGE         0       0.0    0.0
125            NASDAQ         0       0.0    0.0
126        COPPER_LME         0       0.0    0.0
65           EU-MEDIA         0       0.0    0.0
176               CLP         0       0.0    0.0
37            EU-CHEM         0       0.0    0.0
90              STEEL         0       0.0    0.0
180            PALLAD         0       0.0    0.0
20            MILKWET         0       0.0    0.0
19             EURCHF         0       0.0    0.0
216         EU-RETAIL         0       0.0    0.0
222          HOUSE-US         0       0.0    0.0
15            SMI-MID         0       0.0    0.0
13          EU-TRAVEL         0       0.0    0.0
11          CHF_micro         0       0.0    0.0
10           JGB-mini         0       0.0    0.0
9             BOVESPA         0       0.0    0.0
7                 MIB         1       1.0    0.0
240               PLN         0       0.0    0.0
241            EURCAD         0       0.0    0.0
3     EU-CONSTRUCTION         0       0.0    0.0
2                 JGB         0       0.0    0.0
1                 SGX         0       0.0    0.0
214        EU-DJ-TECH         0       0.0    0.0
22             KRWUSD         0       0.0    0.0
218               NOK         0       0.0    0.0
206         SWISSLEAD         0       0.0    0.0
184           TIN_LME         0       0.0    0.0
26                TWD         0       0.0    0.0
201           MILKDRY         0       0.0    0.0
197     EU-DJ-TELECOM         0       0.0    0.0
208         HIGHYIELD         0       0.0    0.0
193          SGD_mini         0       0.0    0.0
30           MSCIEAFA         2       2.0    0.0
191               AEX         1       1.0    0.0
188          EU-HOUSE         0       0.0    0.0


=========================================================
         Overrides in database consider deleting         
=========================================================

                                                 override
NICKEL_LME             Override Close because in database
OATIES           Override Reduce only because in database
VIX_mini         Override Reduce only because in database
CRUDE_W_mini     Override Reduce only because in database
GASOILINE_micro  Override Reduce only because in database
IBEX_mini        Override Reduce only because in database
IBEX             Override Reduce only because in database
GICS             Override Reduce only because in database
SGD              Override Reduce only because in database
CNH-onshore      Override Reduce only because in database
GAS_US_mini      Override Reduce only because in database
TWD-mini         Override Reduce only because in database
BOVESPA          Override Reduce only because in database
RICE             Override Reduce only because in database
CHINAA-CON       Override Reduce only because in database
KRWUSD           Override Reduce only because in database
COAL-GEORDIE     Override Reduce only because in database
AEX              Override Reduce only because in database
VNKI             Override Reduce only because in database
WHEAT            Override Reduce only because in database
AEX_mini         Override Reduce only because in database
CAC              Override Reduce only because in database

Locked instruments (position mismatch): []

==============================================
Status of adjusted price / FX price collection
==============================================

                         last_update
HIGHYIELD        2025-08-22 19:00:02
IG               2025-08-22 19:00:02
KOSPI            2025-10-02 23:00:00
KR10             2025-10-02 23:00:00
KR3              2025-10-02 23:00:00
KOSDAQ           2025-10-02 23:00:00
KOSPI_mini       2025-10-02 23:00:01
CNH-onshore      2025-10-06 23:00:00
SGX              2025-10-06 23:00:00
OMX              2025-10-07 23:00:00
SWISSLEAD        2025-10-07 23:00:00
SMI-MID          2025-10-07 23:00:00
EU-CHEM          2025-10-08 23:00:00
CH10             2025-10-08 23:00:00
EPRA-EUROPE      2025-10-08 23:00:00
EU-DJ-TELECOM    2025-10-08 23:00:00
COTTON           2025-10-08 23:00:00
CZK              2025-10-08 23:00:00
JGB-mini         2025-10-08 23:00:00
GASOILINE_micro  2025-10-08 23:00:00
TWD-mini         2025-10-08 23:00:00
CHFJPY           2025-10-08 23:00:00
CLP              2025-10-08 23:00:00
MSCIWORLD        2025-10-08 23:00:00
BOVESPA          2025-10-08 23:00:00
COAL-GEORDIE     2025-10-08 23:00:00
GICS             2025-10-08 23:00:00
EUROSTX200-LARGE 2025-10-08 23:00:00
TWD              2025-10-08 23:00:00
HOUSE-US         2025-10-08 23:00:00
MSCIEMASIA       2025-10-08 23:00:00
VNKI             2025-10-09 01:00:00
SGD_mini         2025-10-09 02:00:00
FTSEVIET         2025-10-09 03:00:00
SGD              2025-10-09 03:00:00
KRWUSD_mini*     2025-10-09 04:00:00
HANGTECH         2025-10-09 04:00:00
FTSEINDO         2025-10-09 04:00:00
HANG_mini        2025-10-09 04:00:00
SPI200           2025-10-09 04:00:00
HANGENT_mini     2025-10-09 04:00:00
HANGENT          2025-10-09 04:00:00
HANG             2025-10-09 04:00:00
JP-REALESTATE    2025-10-09 04:00:00
JGB-SGX-mini     2025-10-09 05:00:00
JGB              2025-10-09 05:00:00
FTSECHINAA*      2025-10-09 05:00:00
FTSECHINAH       2025-10-09 05:00:00
IRON             2025-10-09 05:00:00
FTSETAIWAN       2025-10-09 05:00:00
RUBBER           2025-10-09 05:00:00
TOPIX            2025-10-09 05:00:00
MSCISING         2025-10-09 05:00:00
MSCITAIWAN*      2025-10-09 05:00:00
MUMMY            2025-10-09 05:00:00
NIKKEI           2025-10-09 05:00:00
CNH              2025-10-09 05:00:00
CHINAA-CON       2025-10-09 05:00:00
NIKKEI400        2025-10-09 05:00:00
EU-MEDIA         2025-10-09 08:00:00
EU-DJ-TECH       2025-10-09 10:00:00
EU-MID           2025-10-09 14:00:00
EUROSTX-LARGE    2025-10-09 14:00:00
IRS              2025-10-09 14:30:00
TIN_LME          2025-10-09 15:00:00
MILLWHEAT        2025-10-09 15:00:00
BONO             2025-10-09 15:00:00
BRENT_W          2025-10-09 15:00:00
SONIA3           2025-10-09 15:00:00
GILT             2025-10-09 15:00:00
EURIBOR-ICE      2025-10-09 15:00:00
GBPJPY           2025-10-09 15:00:00
HEATOIL-ICE      2025-10-09 15:00:00
V2X              2025-10-09 15:00:00
GASOIL           2025-10-09 15:00:00
ALUMINIUM_LME    2025-10-09 15:00:00
FTSE100          2025-10-09 15:00:00
FTSE250          2025-10-09 15:00:00
WHEAT_ICE        2025-10-09 15:00:00
ZINC_LME         2025-10-09 15:00:00
EUROSTX-SMALL    2025-10-09 15:00:00
EUA              2025-10-09 15:00:00
IBEX             2025-10-09 15:00:00
EU-TRAVEL        2025-10-09 15:00:00
MIB*             2025-10-09 15:00:00
COPPER_LME       2025-10-09 15:00:00
NICKEL_LME       2025-10-09 15:00:00
COCOA_LDN        2025-10-09 15:00:00
COAL             2025-10-09 15:00:00
PLN              2025-10-09 15:00:00
ROBUSTA          2025-10-09 15:00:00
EU-FOOD          2025-10-09 15:00:00
EU-DJ-OIL        2025-10-09 15:00:00
IBEX_mini        2025-10-09 15:00:00
EU-INSURE        2025-10-09 15:00:00
CRUDE_ICE        2025-10-09 15:00:00
EU-REALESTATE    2025-10-09 15:00:00
EU-TECH          2025-10-09 15:00:00
SARONA           2025-10-09 15:00:00
LEAD_LME         2025-10-09 15:00:00
SMI              2025-10-09 16:00:00
OAT*             2025-10-09 16:00:00
GASOILINE_ICE    2025-10-09 16:00:00
SUGAR_WHITE      2025-10-09 16:00:00
SHATZ            2025-10-09 16:00:00
MSCIASIA         2025-10-09 16:00:00
AEX*             2025-10-09 16:00:00
DAX              2025-10-09 16:00:00
BUND             2025-10-09 16:00:00
BOBL             2025-10-09 16:00:00
EU-AUTO          2025-10-09 16:00:00
EU-BANKS         2025-10-09 16:00:00
EU-BASIC         2025-10-09 16:00:00
EU-CONSTRUCTION  2025-10-09 16:00:00
EU-DIV30         2025-10-09 16:00:00
EU-DJ-UTIL       2025-10-09 16:00:00
BTP              2025-10-09 16:00:00
EU-HEALTH        2025-10-09 16:00:00
EU-HOUSE         2025-10-09 16:00:00
EU-OIL           2025-10-09 16:00:00
EU-RETAIL        2025-10-09 16:00:00
EURIBOR          2025-10-09 16:00:00
EU-UTILS         2025-10-09 16:00:00
EUROSTX          2025-10-09 16:00:00
CAC              2025-10-09 16:00:00
AEX_mini         2025-10-09 16:00:00
BUXL             2025-10-09 16:00:00
BTP3             2025-10-09 16:00:00
EURO600          2025-10-09 16:00:00
SUGAR16          2025-10-09 17:00:00
WHEY             2025-10-09 17:00:00
SUGAR11          2025-10-09 17:00:00
EURCHF           2025-10-09 18:00:00
OJ               2025-10-09 18:00:00
COPPER-mini      2025-10-09 18:00:00
GBPEUR           2025-10-09 18:00:00
ALUMINIUM        2025-10-09 18:00:00
COFFEE           2025-10-09 18:00:00
COCOA            2025-10-09 18:00:00
MILKDRY          2025-10-09 18:00:00
CORN_mini        2025-10-09 19:00:00
CORN             2025-10-09 19:00:00
COTTON2          2025-10-09 19:00:00
BBCOMM           2025-10-09 19:00:00
REDWHEAT         2025-10-09 19:00:00
SOYBEAN          2025-10-09 19:00:00
RICE*            2025-10-09 19:00:00
SOYBEAN_mini     2025-10-09 19:00:00
SOYMEAL          2025-10-09 19:00:00
SOYOIL           2025-10-09 19:00:00
US-DISCRETE      2025-10-09 19:00:00
OATIES           2025-10-09 19:00:00
CHEESE           2025-10-09 19:00:00
FEEDCOW*         2025-10-09 19:00:00
CANOLA           2025-10-09 19:00:00
R1000            2025-10-09 19:00:00
STEEL            2025-10-09 19:00:00
CAD2             2025-10-09 19:00:00
BUTTER           2025-10-09 19:00:00
US-HEALTH        2025-10-09 19:00:00
US-ENERGY        2025-10-09 19:00:00
AUDJPY           2025-10-09 19:00:00
INR              2025-10-09 19:00:00
DX               2025-10-09 19:00:00
WHEAT*           2025-10-09 19:00:00
EURCAD           2025-10-09 19:00:00
WHEAT_mini       2025-10-09 19:00:00
KRWUSD           2025-10-09 19:00:00
LEANHOG*         2025-10-09 19:00:00
LIVECOW          2025-10-09 19:00:00
FED              2025-10-09 19:00:00
GAS-PEN*         2025-10-09 19:00:00
GASOILINE        2025-10-09 19:00:00
ZAR              2025-10-09 20:00:00
YENEUR*          2025-10-09 20:00:00
SOFR             2025-10-09 20:00:00
AUD              2025-10-09 20:00:00
SP400            2025-10-09 20:00:00
VIX_mini         2025-10-09 20:00:00
VIX              2025-10-09 20:00:00
SP500            2025-10-09 20:00:00
US20             2025-10-09 20:00:00
US30             2025-10-09 20:00:00
US-INDUSTRY      2025-10-09 20:00:00
AUD_micro        2025-10-09 20:00:00
US-MATERIAL      2025-10-09 20:00:00
US-REALESTATE    2025-10-09 20:00:00
BITCOIN          2025-10-09 20:00:00
US-STAPLES       2025-10-09 20:00:00
US5              2025-10-09 20:00:00
BRE              2025-10-09 20:00:00
US-UTILS         2025-10-09 20:00:00
US10             2025-10-09 20:00:00
US10U            2025-10-09 20:00:00
US2              2025-10-09 20:00:00
SP500_micro      2025-10-09 20:00:00
US3              2025-10-09 20:00:00
BRENT-LAST       2025-10-09 20:00:00
GAS-LAST         2025-10-09 20:00:00
PALLAD           2025-10-09 20:00:00
CAD              2025-10-09 20:00:00
DOW_mini         2025-10-09 20:00:00
ETHER-micro      2025-10-09 20:00:00
ETHEREUM         2025-10-09 20:00:00
SILVER*          2025-10-09 20:00:00
JPY*             2025-10-09 20:00:00
EUR              2025-10-09 20:00:00
HEATOIL          2025-10-09 20:00:00
EURAUD           2025-10-09 20:00:00
GOLD_micro*      2025-10-09 20:00:00
GOLD-mini        2025-10-09 20:00:00
GOLD             2025-10-09 20:00:00
GBP_micro        2025-10-09 20:00:00
EUR_micro        2025-10-09 20:00:00
GBPCHF           2025-10-09 20:00:00
GBP*             2025-10-09 20:00:00
GAS_US_mini*     2025-10-09 20:00:00
GAS_US           2025-10-09 20:00:00
EUR_mini         2025-10-09 20:00:00
FANG             2025-10-09 20:00:00
DOW              2025-10-09 20:00:00
CRUDE_W_mini     2025-10-09 20:00:00
JPY_mini         2025-10-09 20:00:00
CRUDE_W_micro    2025-10-09 20:00:00
CAD10*           2025-10-09 20:00:00
SEK              2025-10-09 20:00:00
RUSSELL_mini     2025-10-09 20:00:00
RUSSELL          2025-10-09 20:00:00
CAD5             2025-10-09 20:00:00
LUMBER-new       2025-10-09 20:00:00
PLAT*            2025-10-09 20:00:00
CHF              2025-10-09 20:00:00
NZD              2025-10-09 20:00:00
NOK              2025-10-09 20:00:00
CAD_micro        2025-10-09 20:00:00
NASDAQ_micro     2025-10-09 20:00:00
NASDAQ           2025-10-09 20:00:00
MXP*             2025-10-09 20:00:00
COPPER           2025-10-09 20:00:00
COPPER-micro     2025-10-09 20:00:00
MSCIEAFA*        2025-10-09 20:00:00
CRUDE_W          2025-10-09 20:00:00
MILKWET          2025-10-09 20:00:00
MILK             2025-10-09 20:00:00
CHF_micro        2025-10-09 20:00:00
HKDUSD           2025-10-09 23:00:00
CHFUSD           2025-10-09 23:00:00
JPYUSD           2025-10-09 23:00:00
EURUSD           2025-10-09 23:00:00
CADUSD           2025-10-09 23:00:00
MXPUSD           2025-10-09 23:00:00
CNHUSD           2025-10-09 23:00:00
SEKUSD           2025-10-09 23:00:00
GBPUSD           2025-10-09 23:00:00
SGDUSD           2025-10-09 23:00:00
KRWUSD           2025-10-09 23:00:00
AUDUSD           2025-10-09 23:00:00


============================================================
           Status of optimal position generation            
============================================================

                                                 last_update
dynamic_TF_carry/SGX              2024-12-02 22:31:28.544775
dynamic_TF_carry/NASDAQ_micro     2025-10-09 22:31:38.954800
dynamic_TF_carry/BRENT-LAST       2025-10-09 22:31:38.955058
dynamic_TF_carry/CRUDE_ICE        2025-10-09 22:31:38.955297
dynamic_TF_carry/LEAD_LME         2025-10-09 22:31:38.955531
dynamic_TF_carry/TOPIX            2025-10-09 22:31:38.955764
dynamic_TF_carry/RICE             2025-10-09 22:31:38.955996
dynamic_TF_carry/JGB              2025-10-09 22:31:38.956225
dynamic_TF_carry/COPPER           2025-10-09 22:31:38.956453
dynamic_TF_carry/EU-AUTO          2025-10-09 22:31:38.956907
dynamic_TF_carry/HIGHYIELD        2025-10-09 22:31:38.957136
dynamic_TF_carry/EU-DJ-TELECOM    2025-10-09 22:31:38.957367
dynamic_TF_carry/MIB              2025-10-09 22:31:38.957601
dynamic_TF_carry/SARONA           2025-10-09 22:31:38.957830
dynamic_TF_carry/COTTON2          2025-10-09 22:31:38.958060
dynamic_TF_carry/ETHEREUM         2025-10-09 22:31:38.958289
dynamic_TF_carry/KRWUSD           2025-10-09 22:31:38.958518
dynamic_TF_carry/SILVER           2025-10-09 22:31:38.958747
dynamic_TF_carry/CRUDE_W_mini     2025-10-09 22:31:38.958977
dynamic_TF_carry/BUXL             2025-10-09 22:31:38.959205
dynamic_TF_carry/AEX              2025-10-09 22:31:38.959433
dynamic_TF_carry/MILLWHEAT        2025-10-09 22:31:38.959661
dynamic_TF_carry/FTSEVIET         2025-10-09 22:31:38.959891
dynamic_TF_carry/SHATZ            2025-10-09 22:31:38.960120
dynamic_TF_carry/FED              2025-10-09 22:31:38.960347
dynamic_TF_carry/EURAUD           2025-10-09 22:31:38.960577
dynamic_TF_carry/EU-DIV30         2025-10-09 22:31:38.961033
dynamic_TF_carry/EUROSTX          2025-10-09 22:31:38.961262
dynamic_TF_carry/MILKWET          2025-10-09 22:31:38.961491
dynamic_TF_carry/OATIES           2025-10-09 22:31:38.961723
dynamic_TF_carry/GAS-PEN          2025-10-09 22:31:38.961954
dynamic_TF_carry/VNKI             2025-10-09 22:31:38.962412
dynamic_TF_carry/IG               2025-10-09 22:31:38.962870
dynamic_TF_carry/BBCOMM           2025-10-09 22:31:38.963098
dynamic_TF_carry/CAD2             2025-10-09 22:31:38.963326
dynamic_TF_carry/HOUSE-US         2025-10-09 22:31:38.963553
dynamic_TF_carry/COAL-GEORDIE     2025-10-09 22:31:38.964011
dynamic_TF_carry/SOYBEAN_mini     2025-10-09 22:31:38.964240
dynamic_TF_carry/LUMBER-new       2025-10-09 22:31:38.964697
dynamic_TF_carry/BONO             2025-10-09 22:31:38.964924
dynamic_TF_carry/US30             2025-10-09 22:31:38.965151
dynamic_TF_carry/COFFEE           2025-10-09 22:31:38.965379
dynamic_TF_carry/PALLAD           2025-10-09 22:31:38.965611
dynamic_TF_carry/DOW              2025-10-09 22:31:38.965842
dynamic_TF_carry/HEATOIL          2025-10-09 22:31:38.966074
dynamic_TF_carry/JPY              2025-10-09 22:31:38.966304
dynamic_TF_carry/EU-OIL           2025-10-09 22:31:38.966534
dynamic_TF_carry/SOYBEAN          2025-10-09 22:31:38.966762
dynamic_TF_carry/EU-DJ-UTIL       2025-10-09 22:31:38.966991
dynamic_TF_carry/FTSE100          2025-10-09 22:31:38.967220
dynamic_TF_carry/EU-CONSTRUCTION  2025-10-09 22:31:38.967448
dynamic_TF_carry/SMI-MID          2025-10-09 22:31:38.967677
dynamic_TF_carry/COCOA_LDN        2025-10-09 22:31:38.967906
dynamic_TF_carry/BOBL             2025-10-09 22:31:38.968134
dynamic_TF_carry/EU-UTILS         2025-10-09 22:31:38.968362
dynamic_TF_carry/FEEDCOW          2025-10-09 22:31:38.968591
dynamic_TF_carry/SP400            2025-10-09 22:31:38.968819
dynamic_TF_carry/BTP3             2025-10-09 22:31:38.969047
dynamic_TF_carry/OMX              2025-10-09 22:31:38.969506
dynamic_TF_carry/HANGTECH         2025-10-09 22:31:38.969738
dynamic_TF_carry/NZD              2025-10-09 22:31:38.969967
dynamic_TF_carry/BUND             2025-10-09 22:31:38.970196
dynamic_TF_carry/ALUMINIUM        2025-10-09 22:31:38.970424
dynamic_TF_carry/FTSECHINAH       2025-10-09 22:31:38.970651
dynamic_TF_carry/EU-HOUSE         2025-10-09 22:31:38.970880
dynamic_TF_carry/DAX              2025-10-09 22:31:38.971108
dynamic_TF_carry/BRE              2025-10-09 22:31:38.971337
dynamic_TF_carry/GICS             2025-10-09 22:31:38.971565
dynamic_TF_carry/GOLD_micro       2025-10-09 22:31:38.971795
dynamic_TF_carry/RUSSELL          2025-10-09 22:31:38.972023
dynamic_TF_carry/TWD              2025-10-09 22:31:38.972250
dynamic_TF_carry/SUGAR11          2025-10-09 22:31:38.972480
dynamic_TF_carry/US-DISCRETE      2025-10-09 22:31:38.972710
dynamic_TF_carry/IRON             2025-10-09 22:31:38.972940
dynamic_TF_carry/YENEUR           2025-10-09 22:31:38.973169
dynamic_TF_carry/ZAR              2025-10-09 22:31:38.973396
dynamic_TF_carry/CZK              2025-10-09 22:31:38.973628
dynamic_TF_carry/GBPCHF           2025-10-09 22:31:38.973855
dynamic_TF_carry/EURO600          2025-10-09 22:31:38.974083
dynamic_TF_carry/US10U            2025-10-09 22:31:38.974310
dynamic_TF_carry/SOYOIL           2025-10-09 22:31:38.974538
dynamic_TF_carry/COCOA            2025-10-09 22:31:38.974765
dynamic_TF_carry/FTSECHINAA       2025-10-09 22:31:38.974992
dynamic_TF_carry/OAT              2025-10-09 22:31:38.975219
dynamic_TF_carry/R1000            2025-10-09 22:31:38.975446
dynamic_TF_carry/US-STAPLES       2025-10-09 22:31:38.975673
dynamic_TF_carry/WHEAT_ICE        2025-10-09 22:31:38.975899
dynamic_TF_carry/US-ENERGY        2025-10-09 22:31:38.976126
dynamic_TF_carry/PLN              2025-10-09 22:31:38.976355
dynamic_TF_carry/EPRA-EUROPE      2025-10-09 22:31:38.976582
dynamic_TF_carry/MSCIASIA         2025-10-09 22:31:38.976809
dynamic_TF_carry/SPI200           2025-10-09 22:31:38.977035
dynamic_TF_carry/EUR_micro        2025-10-09 22:31:38.977262
dynamic_TF_carry/EU-CHEM          2025-10-09 22:31:38.977489
dynamic_TF_carry/ZINC_LME         2025-10-09 22:31:38.977720
dynamic_TF_carry/US20             2025-10-09 22:31:38.977946
dynamic_TF_carry/EU-TECH          2025-10-09 22:31:38.978172
dynamic_TF_carry/AUD              2025-10-09 22:31:38.978398
dynamic_TF_carry/AUDJPY           2025-10-09 22:31:38.978624
dynamic_TF_carry/IBEX_mini        2025-10-09 22:31:38.978851
dynamic_TF_carry/SMI              2025-10-09 22:31:38.979076
dynamic_TF_carry/MSCISING         2025-10-09 22:31:38.979303
dynamic_TF_carry/EU-MEDIA         2025-10-09 22:31:38.979530
dynamic_TF_carry/EUROSTX-SMALL    2025-10-09 22:31:38.979756
dynamic_TF_carry/CHF              2025-10-09 22:31:38.980207
dynamic_TF_carry/COTTON           2025-10-09 22:31:38.980433
dynamic_TF_carry/EUR              2025-10-09 22:31:38.980659
dynamic_TF_carry/US2              2025-10-09 22:31:38.981111
dynamic_TF_carry/SP500_micro      2025-10-09 22:31:38.981336
dynamic_TF_carry/FTSEINDO         2025-10-09 22:31:38.981790
dynamic_TF_carry/KOSPI_mini       2025-10-09 22:31:38.982016
dynamic_TF_carry/EU-INSURE        2025-10-09 22:31:38.982243
dynamic_TF_carry/US-REALESTATE    2025-10-09 22:31:38.982471
dynamic_TF_carry/BUTTER           2025-10-09 22:31:38.982699
dynamic_TF_carry/GILT             2025-10-09 22:31:38.982926
dynamic_TF_carry/NIKKEI           2025-10-09 22:31:38.983153
dynamic_TF_carry/EU-BANKS         2025-10-09 22:31:38.983379
dynamic_TF_carry/CLP              2025-10-09 22:31:38.983606
dynamic_TF_carry/NICKEL_LME       2025-10-09 22:31:38.983832
dynamic_TF_carry/EU-BASIC         2025-10-09 22:31:38.984058
dynamic_TF_carry/GAS-LAST         2025-10-09 22:31:38.984285
dynamic_TF_carry/NOK              2025-10-09 22:31:38.984512
dynamic_TF_carry/CAD5             2025-10-09 22:31:38.984741
dynamic_TF_carry/EUROSTX200-LARGE 2025-10-09 22:31:38.985198
dynamic_TF_carry/CAD              2025-10-09 22:31:38.985425
dynamic_TF_carry/DX               2025-10-09 22:31:38.985657
dynamic_TF_carry/EU-MID           2025-10-09 22:31:38.985885
dynamic_TF_carry/CAD10            2025-10-09 22:31:38.986112
dynamic_TF_carry/VIX              2025-10-09 22:31:38.986340
dynamic_TF_carry/CHINAA-CON       2025-10-09 22:31:38.986570
dynamic_TF_carry/EURCAD           2025-10-09 22:31:38.986798
dynamic_TF_carry/WHEY             2025-10-09 22:31:38.987484
dynamic_TF_carry/EU-HEALTH        2025-10-09 22:31:38.987714
dynamic_TF_carry/CRUDE_W_micro    2025-10-09 22:31:38.987943
dynamic_TF_carry/EU-REALESTATE    2025-10-09 22:31:38.988171
dynamic_TF_carry/CHFJPY           2025-10-09 22:31:38.988401
dynamic_TF_carry/SGD              2025-10-09 22:31:38.988629
dynamic_TF_carry/COPPER-micro     2025-10-09 22:31:38.988858
dynamic_TF_carry/MSCIEMASIA       2025-10-09 22:31:38.989320
dynamic_TF_carry/HANGENT_mini     2025-10-09 22:31:38.989549
dynamic_TF_carry/EUA              2025-10-09 22:31:38.989782
dynamic_TF_carry/SWISSLEAD        2025-10-09 22:31:38.990011
dynamic_TF_carry/GAS_US_mini      2025-10-09 22:31:38.990239
dynamic_TF_carry/COPPER_LME       2025-10-09 22:31:38.990467
dynamic_TF_carry/SUGAR16          2025-10-09 22:31:38.990696
dynamic_TF_carry/COAL             2025-10-09 22:31:38.990923
dynamic_TF_carry/FANG             2025-10-09 22:31:38.991152
dynamic_TF_carry/AUD_micro        2025-10-09 22:31:38.991382
dynamic_TF_carry/INR              2025-10-09 22:31:38.991611
dynamic_TF_carry/MUMMY            2025-10-09 22:31:38.991839
dynamic_TF_carry/MSCITAIWAN       2025-10-09 22:31:38.992068
dynamic_TF_carry/MSCIWORLD        2025-10-09 22:31:38.992296
dynamic_TF_carry/EURIBOR          2025-10-09 22:31:38.992527
dynamic_TF_carry/MILKDRY          2025-10-09 22:31:38.992756
dynamic_TF_carry/EU-RETAIL        2025-10-09 22:31:38.992985
dynamic_TF_carry/CAC              2025-10-09 22:31:38.993214
dynamic_TF_carry/SOFR             2025-10-09 22:31:38.993443
dynamic_TF_carry/MXP              2025-10-09 22:31:38.993677
dynamic_TF_carry/CHEESE           2025-10-09 22:31:38.993906
dynamic_TF_carry/SEK              2025-10-09 22:31:38.994136
dynamic_TF_carry/V2X              2025-10-09 22:31:38.994366
dynamic_TF_carry/OJ               2025-10-09 22:31:38.994597
dynamic_TF_carry/SOYMEAL          2025-10-09 22:31:38.994825
dynamic_TF_carry/US10             2025-10-09 22:31:38.995053
dynamic_TF_carry/GBPJPY           2025-10-09 22:31:38.995281
dynamic_TF_carry/GBP              2025-10-09 22:31:38.995509
dynamic_TF_carry/FTSE250          2025-10-09 22:31:38.995737
dynamic_TF_carry/BTP              2025-10-09 22:31:38.995966
dynamic_TF_carry/US-UTILS         2025-10-09 22:31:38.996193
dynamic_TF_carry/GBPEUR           2025-10-09 22:31:38.996420
dynamic_TF_carry/RUBBER           2025-10-09 22:31:38.996647
dynamic_TF_carry/US3              2025-10-09 22:31:38.996877
dynamic_TF_carry/US5              2025-10-09 22:31:38.997103
dynamic_TF_carry/CORN             2025-10-09 22:31:38.997332
dynamic_TF_carry/KR10             2025-10-09 22:31:38.997561
dynamic_TF_carry/EU-TRAVEL        2025-10-09 22:31:38.997793
dynamic_TF_carry/FTSETAIWAN       2025-10-09 22:31:38.998021
dynamic_TF_carry/LEANHOG          2025-10-09 22:31:38.998249
dynamic_TF_carry/MILK             2025-10-09 22:31:38.998479
dynamic_TF_carry/US-HEALTH        2025-10-09 22:31:38.998708
dynamic_TF_carry/WHEAT            2025-10-09 22:31:38.998937
dynamic_TF_carry/TIN_LME          2025-10-09 22:31:38.999165
dynamic_TF_carry/EUROSTX-LARGE    2025-10-09 22:31:38.999394
dynamic_TF_carry/EURCHF           2025-10-09 22:31:38.999620
dynamic_TF_carry/PLAT             2025-10-09 22:31:38.999848
dynamic_TF_carry/US-MATERIAL      2025-10-09 22:31:39.000076
dynamic_TF_carry/GASOIL           2025-10-09 22:31:39.000306
dynamic_TF_carry/KRWUSD_mini      2025-10-09 22:31:39.000534
dynamic_TF_carry/JGB-SGX-mini     2025-10-09 22:31:39.000761
dynamic_TF_carry/SONIA3           2025-10-09 22:31:39.000992
dynamic_TF_carry/STEEL            2025-10-09 22:31:39.001220
dynamic_TF_carry/KR3              2025-10-09 22:31:39.001448
dynamic_TF_carry/SUGAR_WHITE      2025-10-09 22:31:39.001679
dynamic_TF_carry/CNH              2025-10-09 22:31:39.001909
dynamic_TF_carry/MSCIEAFA         2025-10-09 22:31:39.002138
dynamic_TF_carry/US-INDUSTRY      2025-10-09 22:31:39.002365
dynamic_TF_carry/GASOILINE        2025-10-09 22:31:39.002596
dynamic_TF_carry/HANG_mini        2025-10-09 22:31:39.002824
dynamic_TF_carry/ROBUSTA          2025-10-09 22:31:39.003054
dynamic_TF_carry/KOSPI            2025-10-09 22:31:39.003282
dynamic_TF_carry/CH10             2025-10-09 22:31:39.003509
dynamic_TF_carry/LIVECOW          2025-10-09 22:31:39.003737
dynamic_TF_carry/BITCOIN          2025-10-09 22:31:39.003966
dynamic_TF_carry/KOSDAQ           2025-10-09 22:31:39.004193
dynamic_TF_carry/CANOLA           2025-10-09 22:31:39.004421
dynamic_TF_carry/REDWHEAT         2025-10-09 22:31:39.004648
dynamic_TF_carry/JP-REALESTATE    2025-10-09 22:31:39.004876
dynamic_TF_carry/IRS              2025-10-09 22:31:39.005103
dynamic_TF_carry/EU-FOOD          2025-10-09 22:31:39.005331
dynamic_TF_carry/BOVESPA          2025-10-09 22:31:39.005559
dynamic_TF_carry/BRENT_W          2025-10-09 22:31:39.005791
dynamic_TF_carry/NIKKEI400        2025-10-09 22:31:39.006019
dynamic_TF_carry/EURIBOR-ICE      2025-10-09 22:31:39.006245


======================================================================================================================
                                                Status of trade limits                                                
======================================================================================================================

                   period_days  trade_limit  trades_since_last_reset  trade_capacity_remaining   time_since_last_reset
 GAS_US_mini                30            6                      4.0                       2.0 23 days 08:52:56.778550
 US30                       30            4                      1.0                       3.0 23 days 07:57:54.570684
 CORN                        1            4                      0.0                       4.0  0 days 00:00:00.000003
 EU-DJ-TELECOM               1            4                      0.0                       4.0  0 days 00:00:00.000002
 EU-DJ-TECH                  1            4                      0.0                       4.0  0 days 00:00:00.000002
 EU-DJ-OIL                   1            4                      0.0                       4.0  0 days 00:00:00.000001
 EU-CONSTRUCTION             1            4                      0.0                       4.0  0 days 00:00:00.000001
 CZK                         1            4                      0.0                       4.0  0 days 00:00:00.000002
 COTTON                      1            4                      0.0                       4.0  0 days 00:00:00.000001
 COPPER-mini                 1            4                      0.0                       4.0  0 days 00:00:00.000001
 CNH-onshore                 1            4                      0.0                       4.0  0 days 00:00:00.000002
 CH10                        1            4                      0.0                       4.0  0 days 00:00:00.000001
 EU-DJ-UTIL                  1            4                      0.0                       4.0  0 days 00:00:00.000001
 BUTTER                      1            4                      0.0                       4.0  0 days 00:00:00.000001
 BOVESPA                     1            4                      0.0                       4.0  0 days 00:00:00.000002
 BEL20                       1            4                      0.0                       4.0  0 days 00:00:00.000002
 ALUMINIUM                   1            4                      0.0                       4.0  0 days 00:00:00.000001
 YENEUR                     30            4                      0.0                       4.0 20 days 07:58:10.714688
 US3                        30            4                      0.0                       4.0  0 days 00:00:00.000002
 US10U                      30            4                      0.0                       4.0  0 days 00:00:00.000001
 CLP                         1            4                      0.0                       4.0  0 days 00:00:00.000002
 EU-HOUSE                    1            4                      0.0                       4.0  0 days 00:00:00.000001
 EU-MEDIA                    1            4                      0.0                       4.0  0 days 00:00:00.000002
 EU-MID                      1            4                      0.0                       4.0  0 days 00:00:00.000002
 US-ENERGY                   1            4                      0.0                       4.0  0 days 00:00:00.000002
 US-DISCRETE                 1            4                      0.0                       4.0  0 days 00:00:00.000002
 SMI-MID                     1            4                      0.0                       4.0  0 days 00:00:00.000001
 SGX                         1            4                      0.0                       4.0  0 days 00:00:00.000001
 SGD                         1            4                      0.0                       4.0  0 days 00:00:00.000001
 OMX                         1            4                      0.0                       4.0  0 days 00:00:00.000002
 MSCIASIA                    1            4                      0.0                       4.0  0 days 00:00:00.000002
 MILKWET                     1            4                      0.0                       4.0  0 days 00:00:00.000002
 MILKDRY                     1            4                      0.0                       4.0  0 days 00:00:00.000001
 SP400                      30            4                      0.0                       4.0  0 days 00:00:00.000002
 MID-DAX                     1            4                      0.0                       4.0  0 days 00:00:00.000001
 JGB-SGX-mini                1            4                      0.0                       4.0  0 days 00:00:00.000002
 IRS                         1            4                      0.0                       4.0  0 days 00:00:00.000001
 FTSEINDO                    1            4                      0.0                       4.0  0 days 00:00:00.000001
 EUROSTX200-LARGE            1            4                      0.0                       4.0  0 days 00:00:00.000001
 EUROSTX-SMALL               1            4                      0.0                       4.0  0 days 00:00:00.000002
 EUROSTX-LARGE               1            4                      0.0                       4.0  0 days 00:00:00.000002
 EURIBOR                     1            4                      0.0                       4.0  0 days 00:00:00.000001
 EURCHF                      1            4                      0.0                       4.0  0 days 00:00:00.000001
 EU-REALESTATE               1            4                      0.0                       4.0  0 days 00:00:00.000001
 JP-REALESTATE               1            4                      0.0                       4.0  0 days 00:00:00.000002
 SEK                        30            4                      0.0                       4.0  0 days 00:00:00.000002
 NOK                        30            4                      0.0                       4.0  0 days 00:00:00.000002
 JGB                        30            4                      0.0                       4.0  0 days 00:00:00.000001
 GAS-LAST                   14            4                      0.0                       4.0  0 days 00:00:00.000002
 FTSETAIWAN                 14            4                      0.0                       4.0  0 days 00:00:00.000001
 EU-TECH                    14            4                      0.0                       4.0  0 days 00:00:00.000002
 EU-CHEM                    14            4                      0.0                       4.0  0 days 00:00:00.000001
 ETHEREUM                   14            4                      0.0                       4.0  0 days 00:00:00.000002
 CNH                        14            4                      0.0                       4.0  0 days 00:00:00.000001
 BUXL                       14            4                      0.0                       4.0  0 days 00:00:00.000001
 BTP3                       14            4                      0.0                       4.0  0 days 00:00:00.000001
 BRENT-LAST                 14            4                      0.0                       4.0  0 days 00:00:00.000001
 BONO                       14            4                      0.0                       4.0  0 days 00:00:00.000002
 YENEUR                      1            4                      0.0                       4.0  0 days 00:00:00.000001
 US3                         1            4                      0.0                       4.0  0 days 00:00:00.000002
 US10U                       1            4                      0.0                       4.0  0 days 00:00:00.000002
 US-REALESTATE               1            4                      0.0                       4.0  0 days 00:00:00.000001
 TOPIX                       1            4                      0.0                       4.0  0 days 20:56:16.147159
 SP400                       1            4                      0.0                       4.0  0 days 00:00:00.000001
 SEK                         1            4                      0.0                       4.0  0 days 00:00:00.000002
 RUSSELL                     1            4                      0.0                       4.0  0 days 00:00:00.000002
 RICE                        1            4                      0.0                       4.0  0 days 00:00:00.000001
 GBPEUR                     14            4                      0.0                       4.0  0 days 00:00:00.000001
 US-HEALTH                   1            4                      0.0                       4.0  0 days 00:00:00.000002
 HEATOIL                    14            4                      0.0                       4.0  0 days 00:00:00.000001
 ZAR                         1            4                      0.0                       4.0  0 days 00:00:00.000001
 HEATOIL                    30            4                      0.0                       4.0  0 days 00:00:00.000001
 GBPEUR                     30            4                      0.0                       4.0  0 days 00:00:00.000002
 GASOILINE                  30            4                      0.0                       4.0  0 days 00:00:00.000002
 GAS-LAST                   30            4                      0.0                       4.0  0 days 00:00:00.000002
 ETHEREUM                   30            4                      0.0                       4.0  0 days 00:00:00.000002
 CHF                        30            4                      0.0                       4.0  0 days 00:00:00.000002
 BUXL                       30            4                      0.0                       4.0  0 days 00:00:00.000001
 BTP3                       30            4                      0.0                       4.0  0 days 00:00:00.000002
 BRENT-LAST                 30            4                      0.0                       4.0  0 days 00:00:00.000002
 BONO                       30            4                      0.0                       4.0  0 days 00:00:00.000002
 YENEUR                     14            4                      0.0                       4.0  0 days 00:00:00.000001
 US30                       14            4                      0.0                       4.0  0 days 00:00:00.000001
 US3                        14            4                      0.0                       4.0  0 days 00:00:00.000002
 US10U                      14            4                      0.0                       4.0  0 days 00:00:00.000001
 SP400                      14            4                      0.0                       4.0  0 days 00:00:00.000001
 SEK                        14            4                      0.0                       4.0  0 days 00:00:00.000002
 REDWHEAT                   14            4                      0.0                       4.0  0 days 00:00:00.000002
 R1000                      14            4                      0.0                       4.0  0 days 00:00:00.000001
