
********************************************************************************
                   Status report produced on 10/11/2025 22:57                   
********************************************************************************



=============================================================================================
                                       Delayed methods                                       
=============================================================================================

               process_name              last_start                last_end currently_running
backup_files    run_backups 2025-11-07 22:55:47.097 2025-11-07 22:56:42.877             False
backup_parquet  run_backups 2025-11-07 22:56:42.880 2025-11-07 22:58:46.691             False


===============================
 Delayed adjusted / FX prices  
===============================

                    last_update
SGX         2025-11-03 23:00:00
CNH-onshore 2025-11-06 23:00:00
TWD-mini    2025-11-06 23:00:00


===============================================
           Delayed optimal positions           
===============================================

                                    last_update
dynamic_TF_carry/SGX 2024-12-02 22:31:28.544775

Instruments at trade limit: No constraints

================================================
         Instruments at position limit          
================================================

                 keys  position pos_limit  spare
0               R1000         0       0.0    0.0
59           JPY_mini         0       0.0    0.0
137       EPRA-EUROPE         0       0.0    0.0
141       CNH-onshore         0       0.0    0.0
142               OMX         0       0.0    0.0
144               AEX         1       1.0    0.0
53                MIB         1       1.0    0.0
145          TWD-mini         0       0.0    0.0
146             SP400         0       0.0    0.0
147              COAL         0       0.0    0.0
148        COPPER_LME         0       0.0    0.0
47          EU-RETAIL         0       0.0    0.0
152           GAS-PEN        -1       1.0    0.0
89             CHFJPY         0       0.0    0.0
165          ETHEREUM         0       0.0    0.0
39           JGB-mini         0       0.0    0.0
61             KRWUSD         0       0.0    0.0
167               NOK         0       0.0    0.0
132           MILKDRY         0       0.0    0.0
125     EU-DJ-TELECOM         0       0.0    0.0
93          SWISSLEAD         0       0.0    0.0
81                TWD         0       0.0    0.0
94                JGB         0       0.0    0.0
96             EURCHF         0       0.0    0.0
100              CH10         0       0.0    0.0
102               CZK         0       0.0    0.0
103               IRS         0       0.0    0.0
105      COAL-GEORDIE         0       0.0    0.0
108              WHEY         0       0.0    0.0
110       HEATOIL-ICE         0       0.0    0.0
69             BUTTER         0       0.0    0.0
117         HIGHYIELD         0       0.0    0.0
121                IG         0       0.0    0.0
243          EU-MEDIA         0       0.0    0.0
65    GASOILINE_micro         0       0.0    0.0
129           MILKWET         0       0.0    0.0
168   EU-CONSTRUCTION         0       0.0    0.0
42             EURAUD         0       0.0    0.0
19                PLN         0       0.0    0.0
169          EU-HOUSE         0       0.0    0.0
202             STEEL         0       0.0    0.0
205            AUDJPY         0       0.0    0.0
207           BOVESPA         0       0.0    0.0
208            COTTON         0       0.0    0.0
210     EUROSTX-LARGE         0       0.0    0.0
213            NASDAQ         0       0.0    0.0
214            GBPJPY         0       0.0    0.0
217            EURCAD         0       0.0    0.0
219              GICS         0       0.0    0.0
221           SMI-MID         0       0.0    0.0
230               SGX         0       0.0    0.0
4            AEX_mini         0       0.0    0.0
231        EU-DJ-TECH         0       0.0    0.0
232           EU-CHEM         0       0.0    0.0
201               CLP         0       0.0    0.0
196       COPPER-mini         0       0.0    0.0
88             PALLAD         0       0.0    0.0
178          HOUSE-US         0       0.0    0.0
180         EU-TRAVEL         0       0.0    0.0
33               VNKI         0       0.0    0.0
181               SEK         0       0.0    0.0
26          CHF_micro         0       0.0    0.0
29           SGD_mini         0       0.0    0.0
191  EUROSTX200-LARGE         0       0.0    0.0
190           TIN_LME         0       0.0    0.0


=========================================================
         Overrides in database consider deleting         
=========================================================

                                                 override
NICKEL_LME             Override Close because in database
OATIES           Override Reduce only because in database
RICE             Override Reduce only because in database
VNKI             Override Reduce only because in database
WHEAT            Override Reduce only because in database
CRUDE_W_mini     Override Reduce only because in database
COPPER-mini      Override Reduce only because in database
GOLD-mini        Override Reduce only because in database
STEEL            Override Reduce only because in database
IBEX_mini        Override Reduce only because in database
VIX_mini         Override Reduce only because in database
IBEX             Override Reduce only because in database
GICS             Override Reduce only because in database
SGD              Override Reduce only because in database
CORN_mini        Override Reduce only because in database
INR              Override Reduce only because in database
COAL             Override Reduce only because in database
FTSE100          Override Reduce only because in database
FTSECHINAA       Override Reduce only because in database
DX               Override Reduce only because in database
CHINAA-CON       Override Reduce only because in database
HOUSE-US         Override Reduce only because in database
GAS-PEN          Override Reduce only because in database
AEX              Override Reduce only because in database
FTSEINDO         Override Reduce only because in database
FTSETAIWAN       Override Reduce only because in database
GAS_US_mini      Override Reduce only because in database
SPI200           Override Reduce only because in database
SILVER           Override Reduce only because in database
AEX_mini         Override Reduce only because in database
CAC              Override Reduce only because in database
GASOILINE_micro  Override Reduce only because in database
COTTON           Override Reduce only because in database
SGX              Override Reduce only because in database

Locked instruments (position mismatch): []

==============================================
Status of adjusted price / FX price collection
==============================================

                         last_update
SGX              2025-11-03 23:00:00
CNH-onshore      2025-11-06 23:00:00
TWD-mini         2025-11-06 23:00:00
CLP              2025-11-07 23:00:00
OMX              2025-11-07 23:00:00
MSCIWORLD        2025-11-07 23:00:00
COTTON           2025-11-07 23:00:00
MSCIEMASIA       2025-11-07 23:00:00
MILKWET          2025-11-07 23:00:00
KRWUSD           2025-11-07 23:00:00
CZK              2025-11-07 23:00:00
EU-MEDIA         2025-11-07 23:00:00
EU-MID           2025-11-07 23:00:00
HOUSE-US         2025-11-07 23:00:00
EURCAD           2025-11-07 23:00:00
EUROSTX-LARGE    2025-11-07 23:00:00
GICS             2025-11-07 23:00:00
GBPCHF           2025-11-07 23:00:00
GASOILINE_micro  2025-11-07 23:00:00
CHFJPY           2025-11-07 23:00:00
IRS              2025-11-07 23:00:00
FTSEVIET         2025-11-07 23:00:00
SWISSLEAD        2025-11-07 23:00:00
BOVESPA          2025-11-07 23:00:00
TIN_LME          2025-11-07 23:00:00
SGD_mini         2025-11-08 23:00:00
JGB-mini         2025-11-09 23:45:00
SGD              2025-11-10 02:00:00
FTSEINDO         2025-11-10 04:00:00
JGB-SGX-mini     2025-11-10 04:00:00
TWD              2025-11-10 04:00:00
CNH              2025-11-10 04:00:00
SPI200           2025-11-10 04:00:00
IRON             2025-11-10 04:00:00
JP-REALESTATE    2025-11-10 04:00:00
VNKI             2025-11-10 04:00:00
KRWUSD_mini      2025-11-10 05:00:00
KR3              2025-11-10 05:00:00
KR10*            2025-11-10 05:00:00
KOSPI_mini       2025-11-10 05:00:00
KOSDAQ           2025-11-10 05:00:00
KOSPI            2025-11-10 05:00:00
FTSETAIWAN*      2025-11-10 05:00:00
HANG_mini        2025-11-10 05:00:00
HANGENT_mini     2025-11-10 05:00:00
HANGENT          2025-11-10 05:00:00
HANG             2025-11-10 05:00:00
FTSECHINAA*      2025-11-10 05:00:00
FTSECHINAH       2025-11-10 05:00:00
JGB              2025-11-10 05:00:00
TOPIX*           2025-11-10 05:00:00
HANGTECH         2025-11-10 05:00:00
MSCISING         2025-11-10 05:00:00
MSCITAIWAN       2025-11-10 05:00:00
RUBBER           2025-11-10 05:00:00
MUMMY            2025-11-10 05:00:00
CHINAA-CON       2025-11-10 05:00:00
NIKKEI400        2025-11-10 05:00:00
NIKKEI           2025-11-10 05:00:00
CH10             2025-11-10 10:00:00
EU-RETAIL        2025-11-10 12:00:00
EURIBOR          2025-11-10 14:00:00
COAL-GEORDIE     2025-11-10 14:00:00
EU-DJ-UTIL       2025-11-10 14:00:00
EUROSTX200-LARGE 2025-11-10 14:00:00
ALUMINIUM_LME    2025-11-10 14:00:00
ZINC_LME         2025-11-10 14:00:00
NICKEL_LME       2025-11-10 14:00:00
COPPER_LME       2025-11-10 14:00:00
LEAD_LME         2025-11-10 14:00:00
SMI-MID          2025-11-10 14:00:00
BUTTER           2025-11-10 14:30:00
GASOIL           2025-11-10 15:00:00
FTSE100          2025-11-10 15:00:00
GILT             2025-11-10 15:00:00
WHEAT_ICE        2025-11-10 15:00:00
FTSE250          2025-11-10 15:00:00
ROBUSTA          2025-11-10 15:00:00
EURIBOR-ICE      2025-11-10 15:00:00
SARONA           2025-11-10 15:00:00
SONIA3           2025-11-10 15:00:00
AEX_mini         2025-11-10 15:00:00
HEATOIL-ICE      2025-11-10 15:00:00
MSCIASIA         2025-11-10 15:00:00
IBEX             2025-11-10 15:00:00
CRUDE_ICE        2025-11-10 15:00:00
EU-TECH          2025-11-10 15:00:00
IBEX_mini        2025-11-10 15:00:00
MILLWHEAT        2025-11-10 15:00:00
COAL             2025-11-10 15:00:00
BONO             2025-11-10 15:00:00
MIB*             2025-11-10 15:00:00
COCOA_LDN        2025-11-10 15:00:00
EU-DJ-TELECOM    2025-11-10 15:00:00
EUA              2025-11-10 15:00:00
EU-DJ-OIL        2025-11-10 15:00:00
EPRA-EUROPE      2025-11-10 15:00:00
BRENT_W          2025-11-10 15:00:00
V2X              2025-11-10 16:00:00
OAT*             2025-11-10 16:00:00
GASOILINE_ICE    2025-11-10 16:00:00
SMI              2025-11-10 16:00:00
SUGAR16          2025-11-10 16:00:00
IG               2025-11-10 16:00:00
PLN              2025-11-10 16:00:00
SUGAR_WHITE      2025-11-10 16:00:00
SHATZ            2025-11-10 16:00:00
AEX*             2025-11-10 16:00:00
BUXL             2025-11-10 16:00:00
EU-TRAVEL        2025-11-10 16:00:00
EU-OIL           2025-11-10 16:00:00
EU-INSURE        2025-11-10 16:00:00
EU-HOUSE         2025-11-10 16:00:00
EU-HEALTH        2025-11-10 16:00:00
EU-FOOD          2025-11-10 16:00:00
EU-DJ-TECH       2025-11-10 16:00:00
EU-DIV30         2025-11-10 16:00:00
EU-CONSTRUCTION  2025-11-10 16:00:00
EU-CHEM          2025-11-10 16:00:00
EU-BASIC         2025-11-10 16:00:00
EU-BANKS         2025-11-10 16:00:00
EU-AUTO          2025-11-10 16:00:00
BTP3             2025-11-10 16:00:00
BTP              2025-11-10 16:00:00
BOBL             2025-11-10 16:00:00
DAX*             2025-11-10 16:00:00
EU-UTILS         2025-11-10 16:00:00
EURAUD           2025-11-10 16:00:00
EU-REALESTATE    2025-11-10 16:00:00
AUDJPY           2025-11-10 16:00:00
CAC              2025-11-10 16:00:00
EURO600          2025-11-10 16:00:00
EUROSTX          2025-11-10 16:00:00
BUND             2025-11-10 16:00:00
EUROSTX-SMALL    2025-11-10 16:00:00
MILKDRY          2025-11-10 17:00:00
SUGAR11          2025-11-10 17:00:00
INR              2025-11-10 17:00:00
ALUMINIUM        2025-11-10 18:00:00
COFFEE           2025-11-10 18:00:00
WHEY             2025-11-10 18:00:00
CAD10*           2025-11-10 18:00:00
CAD2             2025-11-10 18:00:00
CAD5             2025-11-10 18:00:00
R1000            2025-11-10 18:00:00
STEEL            2025-11-10 18:00:00
COCOA            2025-11-10 18:00:00
OJ               2025-11-10 18:00:00
OATIES           2025-11-10 19:00:00
GAS-LAST         2025-11-10 19:00:00
CORN_mini        2025-11-10 19:00:00
CORN             2025-11-10 19:00:00
COPPER-mini      2025-11-10 19:00:00
SOYBEAN_mini     2025-11-10 19:00:00
SOYMEAL          2025-11-10 19:00:00
COTTON2          2025-11-10 19:00:00
REDWHEAT         2025-11-10 19:00:00
RICE*            2025-11-10 19:00:00
CHEESE           2025-11-10 19:00:00
CANOLA           2025-11-10 19:00:00
SOYOIL           2025-11-10 19:00:00
CHF_micro        2025-11-10 19:00:00
NOK              2025-11-10 19:00:00
CRUDE_W_micro    2025-11-10 19:00:00
GAS-PEN*         2025-11-10 19:00:00
LEANHOG*         2025-11-10 19:00:00
EURCHF           2025-11-10 19:00:00
BBCOMM           2025-11-10 19:00:00
VIX_mini         2025-11-10 19:00:00
GBPJPY           2025-11-10 19:00:00
WHEAT            2025-11-10 19:00:00
SOYBEAN          2025-11-10 19:00:00
LIVECOW          2025-11-10 19:00:00
DX               2025-11-10 19:00:00
YENEUR*          2025-11-10 19:00:00
FEEDCOW          2025-11-10 19:00:00
US-HEALTH        2025-11-10 19:00:00
US-ENERGY        2025-11-10 19:00:00
US-DISCRETE      2025-11-10 19:00:00
WHEAT_mini       2025-11-10 19:00:00
VIX              2025-11-10 20:00:00
AUD              2025-11-10 20:00:00
ZAR              2025-11-10 20:00:00
SP400            2025-11-10 20:00:00
SP500            2025-11-10 20:00:00
SP500_micro      2025-11-10 20:00:00
AUD_micro*       2025-11-10 20:00:00
BITCOIN*         2025-11-10 20:00:00
US30             2025-11-10 20:00:00
US20             2025-11-10 20:00:00
US2              2025-11-10 20:00:00
US10U            2025-11-10 20:00:00
US10             2025-11-10 20:00:00
US-UTILS         2025-11-10 20:00:00
US-STAPLES       2025-11-10 20:00:00
US-REALESTATE    2025-11-10 20:00:00
US-MATERIAL      2025-11-10 20:00:00
BRENT-LAST       2025-11-10 20:00:00
BRE*             2025-11-10 20:00:00
US-INDUSTRY      2025-11-10 20:00:00
US5              2025-11-10 20:00:00
US3              2025-11-10 20:00:00
PLAT             2025-11-10 20:00:00
CAD              2025-11-10 20:00:00
JPY_mini         2025-11-10 20:00:00
JPY*             2025-11-10 20:00:00
HIGHYIELD        2025-11-10 20:00:00
SOFR             2025-11-10 20:00:00
HEATOIL          2025-11-10 20:00:00
GOLD_micro*      2025-11-10 20:00:00
GOLD-mini        2025-11-10 20:00:00
GOLD             2025-11-10 20:00:00
ETHEREUM         2025-11-10 20:00:00
EUR_micro*       2025-11-10 20:00:00
GBPEUR           2025-11-10 20:00:00
EUR_mini         2025-11-10 20:00:00
GBP              2025-11-10 20:00:00
GAS_US_mini      2025-11-10 20:00:00
GAS_US           2025-11-10 20:00:00
FANG             2025-11-10 20:00:00
FED              2025-11-10 20:00:00
GASOILINE        2025-11-10 20:00:00
GBP_micro        2025-11-10 20:00:00
ETHER-micro      2025-11-10 20:00:00
EUR              2025-11-10 20:00:00
DOW_mini         2025-11-10 20:00:00
SILVER*          2025-11-10 20:00:00
CAD_micro        2025-11-10 20:00:00
SEK              2025-11-10 20:00:00
RUSSELL_mini     2025-11-10 20:00:00
LUMBER-new       2025-11-10 20:00:00
CHF              2025-11-10 20:00:00
PALLAD           2025-11-10 20:00:00
NZD              2025-11-10 20:00:00
COPPER           2025-11-10 20:00:00
RUSSELL          2025-11-10 20:00:00
NASDAQ_micro     2025-11-10 20:00:00
NASDAQ           2025-11-10 20:00:00
MXP*             2025-11-10 20:00:00
CRUDE_W          2025-11-10 20:00:00
MSCIEAFA         2025-11-10 20:00:00
CRUDE_W_mini     2025-11-10 20:00:00
DOW*             2025-11-10 20:00:00
MILK             2025-11-10 20:00:00
COPPER-micro     2025-11-10 20:00:00
CHFUSD           2025-11-10 23:00:00
JPYUSD           2025-11-10 23:00:00
EURUSD           2025-11-10 23:00:00
CADUSD           2025-11-10 23:00:00
KRWUSD           2025-11-10 23:00:00
SGDUSD           2025-11-10 23:00:00
SEKUSD           2025-11-10 23:00:00
GBPUSD           2025-11-10 23:00:00
MXPUSD           2025-11-10 23:00:00
HKDUSD           2025-11-10 23:00:00
CNHUSD           2025-11-10 23:00:00
AUDUSD           2025-11-10 23:00:00


============================================================
           Status of optimal position generation            
============================================================

                                                 last_update
dynamic_TF_carry/SGX              2024-12-02 22:31:28.544775
dynamic_TF_carry/EU-REALESTATE    2025-11-10 22:31:37.103132
dynamic_TF_carry/EURIBOR-ICE      2025-11-10 22:31:37.103392
dynamic_TF_carry/US-UTILS         2025-11-10 22:31:37.103632
dynamic_TF_carry/RICE             2025-11-10 22:31:37.104098
dynamic_TF_carry/EU-TRAVEL        2025-11-10 22:31:37.104331
dynamic_TF_carry/MSCISING         2025-11-10 22:31:37.104562
dynamic_TF_carry/STEEL            2025-11-10 22:31:37.104794
dynamic_TF_carry/TWD              2025-11-10 22:31:37.105027
dynamic_TF_carry/WHEAT            2025-11-10 22:31:37.105260
dynamic_TF_carry/COPPER-micro     2025-11-10 22:31:37.105490
dynamic_TF_carry/BBCOMM           2025-11-10 22:31:37.105725
dynamic_TF_carry/FTSETAIWAN       2025-11-10 22:31:37.105956
dynamic_TF_carry/EU-MID           2025-11-10 22:31:37.106185
dynamic_TF_carry/R1000            2025-11-10 22:31:37.106415
dynamic_TF_carry/PLAT             2025-11-10 22:31:37.106644
dynamic_TF_carry/HANGTECH         2025-11-10 22:31:37.106875
dynamic_TF_carry/LUMBER-new       2025-11-10 22:31:37.107103
dynamic_TF_carry/COTTON2          2025-11-10 22:31:37.107334
dynamic_TF_carry/BRE              2025-11-10 22:31:37.107565
dynamic_TF_carry/MUMMY            2025-11-10 22:31:37.107795
dynamic_TF_carry/CAD5             2025-11-10 22:31:37.108023
dynamic_TF_carry/US10U            2025-11-10 22:31:37.108252
dynamic_TF_carry/US-INDUSTRY      2025-11-10 22:31:37.108481
dynamic_TF_carry/ALUMINIUM        2025-11-10 22:31:37.108711
dynamic_TF_carry/EU-HEALTH        2025-11-10 22:31:37.108942
dynamic_TF_carry/VNKI             2025-11-10 22:31:37.109172
dynamic_TF_carry/SUGAR11          2025-11-10 22:31:37.109401
dynamic_TF_carry/US10             2025-11-10 22:31:37.109636
dynamic_TF_carry/INR              2025-11-10 22:31:37.109866
dynamic_TF_carry/CH10             2025-11-10 22:31:37.110096
dynamic_TF_carry/FTSE250          2025-11-10 22:31:37.110327
dynamic_TF_carry/JGB-SGX-mini     2025-11-10 22:31:37.110556
dynamic_TF_carry/US-DISCRETE      2025-11-10 22:31:37.110785
dynamic_TF_carry/CAC              2025-11-10 22:31:37.111014
dynamic_TF_carry/EURCHF           2025-11-10 22:31:37.111244
dynamic_TF_carry/BTP3             2025-11-10 22:31:37.111475
dynamic_TF_carry/EU-FOOD          2025-11-10 22:31:37.111705
dynamic_TF_carry/SMI              2025-11-10 22:31:37.111934
dynamic_TF_carry/ZINC_LME         2025-11-10 22:31:37.112164
dynamic_TF_carry/CAD              2025-11-10 22:31:37.112393
dynamic_TF_carry/FEEDCOW          2025-11-10 22:31:37.112624
dynamic_TF_carry/IG               2025-11-10 22:31:37.112854
dynamic_TF_carry/AUD_micro        2025-11-10 22:31:37.113083
dynamic_TF_carry/SPI200           2025-11-10 22:31:37.113313
dynamic_TF_carry/NOK              2025-11-10 22:31:37.113542
dynamic_TF_carry/US-STAPLES       2025-11-10 22:31:37.113787
dynamic_TF_carry/AEX              2025-11-10 22:31:37.114248
dynamic_TF_carry/SMI-MID          2025-11-10 22:31:37.114477
dynamic_TF_carry/MIB              2025-11-10 22:31:37.114707
dynamic_TF_carry/CLP              2025-11-10 22:31:37.114939
dynamic_TF_carry/COPPER_LME       2025-11-10 22:31:37.115169
dynamic_TF_carry/CAD2             2025-11-10 22:31:37.115401
dynamic_TF_carry/EU-HOUSE         2025-11-10 22:31:37.115631
dynamic_TF_carry/MSCITAIWAN       2025-11-10 22:31:37.115860
dynamic_TF_carry/CHEESE           2025-11-10 22:31:37.116089
dynamic_TF_carry/PALLAD           2025-11-10 22:31:37.116319
dynamic_TF_carry/EU-RETAIL        2025-11-10 22:31:37.116780
dynamic_TF_carry/CNH              2025-11-10 22:31:37.117008
dynamic_TF_carry/GILT             2025-11-10 22:31:37.117470
dynamic_TF_carry/US30             2025-11-10 22:31:37.117706
dynamic_TF_carry/US5              2025-11-10 22:31:37.117935
dynamic_TF_carry/EU-MEDIA         2025-11-10 22:31:37.118163
dynamic_TF_carry/NICKEL_LME       2025-11-10 22:31:37.118396
dynamic_TF_carry/GBPEUR           2025-11-10 22:31:37.118629
dynamic_TF_carry/GBP              2025-11-10 22:31:37.118860
dynamic_TF_carry/FTSEINDO         2025-11-10 22:31:37.119324
dynamic_TF_carry/CORN             2025-11-10 22:31:37.119555
dynamic_TF_carry/EU-DJ-TELECOM    2025-11-10 22:31:37.119787
dynamic_TF_carry/ROBUSTA          2025-11-10 22:31:37.120016
dynamic_TF_carry/GOLD_micro       2025-11-10 22:31:37.120247
dynamic_TF_carry/EUA              2025-11-10 22:31:37.120478
dynamic_TF_carry/CHFJPY           2025-11-10 22:31:37.120710
dynamic_TF_carry/EU-DJ-UTIL       2025-11-10 22:31:37.120943
dynamic_TF_carry/MILK             2025-11-10 22:31:37.121174
dynamic_TF_carry/EURO600          2025-11-10 22:31:37.121864
dynamic_TF_carry/VIX              2025-11-10 22:31:37.122092
dynamic_TF_carry/KOSDAQ           2025-11-10 22:31:37.122324
dynamic_TF_carry/OJ               2025-11-10 22:31:37.122557
dynamic_TF_carry/MSCIWORLD        2025-11-10 22:31:37.122785
dynamic_TF_carry/GAS-LAST         2025-11-10 22:31:37.123013
dynamic_TF_carry/REDWHEAT         2025-11-10 22:31:37.123240
dynamic_TF_carry/SOYMEAL          2025-11-10 22:31:37.123468
dynamic_TF_carry/JGB              2025-11-10 22:31:37.123698
dynamic_TF_carry/DX               2025-11-10 22:31:37.123926
dynamic_TF_carry/SUGAR_WHITE      2025-11-10 22:31:37.124155
dynamic_TF_carry/FTSE100          2025-11-10 22:31:37.124388
dynamic_TF_carry/BONO             2025-11-10 22:31:37.124616
dynamic_TF_carry/CANOLA           2025-11-10 22:31:37.124846
dynamic_TF_carry/EURAUD           2025-11-10 22:31:37.125077
dynamic_TF_carry/HEATOIL          2025-11-10 22:31:37.125305
dynamic_TF_carry/RUBBER           2025-11-10 22:31:37.125534
dynamic_TF_carry/US3              2025-11-10 22:31:37.125769
dynamic_TF_carry/CAD10            2025-11-10 22:31:37.126000
dynamic_TF_carry/KRWUSD           2025-11-10 22:31:37.126232
dynamic_TF_carry/IRS              2025-11-10 22:31:37.126462
dynamic_TF_carry/US20             2025-11-10 22:31:37.126692
dynamic_TF_carry/AUD              2025-11-10 22:31:37.126925
dynamic_TF_carry/GAS-PEN          2025-11-10 22:31:37.127157
dynamic_TF_carry/EU-OIL           2025-11-10 22:31:37.127385
dynamic_TF_carry/IBEX_mini        2025-11-10 22:31:37.127616
dynamic_TF_carry/OATIES           2025-11-10 22:31:37.127847
dynamic_TF_carry/V2X              2025-11-10 22:31:37.128075
dynamic_TF_carry/EURCAD           2025-11-10 22:31:37.128309
dynamic_TF_carry/SHATZ            2025-11-10 22:31:37.128537
dynamic_TF_carry/EU-AUTO          2025-11-10 22:31:37.128766
dynamic_TF_carry/MSCIASIA         2025-11-10 22:31:37.128995
dynamic_TF_carry/EUR              2025-11-10 22:31:37.129224
dynamic_TF_carry/FANG             2025-11-10 22:31:37.129450
dynamic_TF_carry/JPY              2025-11-10 22:31:37.129683
dynamic_TF_carry/NZD              2025-11-10 22:31:37.129912
dynamic_TF_carry/NIKKEI           2025-11-10 22:31:37.130143
dynamic_TF_carry/MSCIEMASIA       2025-11-10 22:31:37.130373
dynamic_TF_carry/KRWUSD_mini      2025-11-10 22:31:37.130600
dynamic_TF_carry/EU-INSURE        2025-11-10 22:31:37.130830
dynamic_TF_carry/ZAR              2025-11-10 22:31:37.131058
dynamic_TF_carry/GAS_US_mini      2025-11-10 22:31:37.131288
dynamic_TF_carry/SILVER           2025-11-10 22:31:37.131518
dynamic_TF_carry/HOUSE-US         2025-11-10 22:31:37.131745
dynamic_TF_carry/EUROSTX          2025-11-10 22:31:37.131973
dynamic_TF_carry/EUROSTX-SMALL    2025-11-10 22:31:37.132203
dynamic_TF_carry/EUROSTX200-LARGE 2025-11-10 22:31:37.132429
dynamic_TF_carry/GICS             2025-11-10 22:31:37.132658
dynamic_TF_carry/MILKDRY          2025-11-10 22:31:37.132891
dynamic_TF_carry/COTTON           2025-11-10 22:31:37.133120
dynamic_TF_carry/OMX              2025-11-10 22:31:37.133352
dynamic_TF_carry/RUSSELL          2025-11-10 22:31:37.133582
dynamic_TF_carry/SOFR             2025-11-10 22:31:37.133813
dynamic_TF_carry/TOPIX            2025-11-10 22:31:37.134043
dynamic_TF_carry/KR10             2025-11-10 22:31:37.134274
dynamic_TF_carry/BUXL             2025-11-10 22:31:37.134503
dynamic_TF_carry/EUR_micro        2025-11-10 22:31:37.134734
dynamic_TF_carry/BTP              2025-11-10 22:31:37.134963
dynamic_TF_carry/CRUDE_ICE        2025-11-10 22:31:37.135192
dynamic_TF_carry/US-MATERIAL      2025-11-10 22:31:37.135422
dynamic_TF_carry/FTSECHINAH       2025-11-10 22:31:37.135650
dynamic_TF_carry/GBPJPY           2025-11-10 22:31:37.135879
dynamic_TF_carry/TIN_LME          2025-11-10 22:31:37.136107
dynamic_TF_carry/EU-CHEM          2025-11-10 22:31:37.136338
dynamic_TF_carry/EU-TECH          2025-11-10 22:31:37.136566
dynamic_TF_carry/SOYBEAN_mini     2025-11-10 22:31:37.136800
dynamic_TF_carry/MXP              2025-11-10 22:31:37.137029
dynamic_TF_carry/KOSPI_mini       2025-11-10 22:31:37.137257
dynamic_TF_carry/SGD              2025-11-10 22:31:37.137486
dynamic_TF_carry/FTSECHINAA       2025-11-10 22:31:37.137720
dynamic_TF_carry/EU-UTILS         2025-11-10 22:31:37.137950
dynamic_TF_carry/BUTTER           2025-11-10 22:31:37.138179
dynamic_TF_carry/BOVESPA          2025-11-10 22:31:37.138410
dynamic_TF_carry/BOBL             2025-11-10 22:31:37.138641
dynamic_TF_carry/FED              2025-11-10 22:31:37.138870
dynamic_TF_carry/GASOILINE        2025-11-10 22:31:37.139098
dynamic_TF_carry/LIVECOW          2025-11-10 22:31:37.139327
dynamic_TF_carry/EU-CONSTRUCTION  2025-11-10 22:31:37.139556
dynamic_TF_carry/GBPCHF           2025-11-10 22:31:37.139785
dynamic_TF_carry/MILLWHEAT        2025-11-10 22:31:37.140015
dynamic_TF_carry/HANG_mini        2025-11-10 22:31:37.140244
dynamic_TF_carry/SP500_micro      2025-11-10 22:31:37.140473
dynamic_TF_carry/ETHEREUM         2025-11-10 22:31:37.140702
dynamic_TF_carry/SARONA           2025-11-10 22:31:37.141157
dynamic_TF_carry/KR3              2025-11-10 22:31:37.141385
dynamic_TF_carry/US-ENERGY        2025-11-10 22:31:37.141618
dynamic_TF_carry/US-HEALTH        2025-11-10 22:31:37.141848
dynamic_TF_carry/WHEY             2025-11-10 22:31:37.142078
dynamic_TF_carry/SUGAR16          2025-11-10 22:31:37.142306
dynamic_TF_carry/COCOA_LDN        2025-11-10 22:31:37.142533
dynamic_TF_carry/COAL             2025-11-10 22:31:37.142761
dynamic_TF_carry/CHINAA-CON       2025-11-10 22:31:37.142989
dynamic_TF_carry/NASDAQ_micro     2025-11-10 22:31:37.143220
dynamic_TF_carry/LEANHOG          2025-11-10 22:31:37.143450
dynamic_TF_carry/SWISSLEAD        2025-11-10 22:31:37.143682
dynamic_TF_carry/BUND             2025-11-10 22:31:37.143912
dynamic_TF_carry/COAL-GEORDIE     2025-11-10 22:31:37.144373
dynamic_TF_carry/BRENT-LAST       2025-11-10 22:31:37.144603
dynamic_TF_carry/OAT              2025-11-10 22:31:37.144836
dynamic_TF_carry/IRON             2025-11-10 22:31:37.145068
dynamic_TF_carry/NIKKEI400        2025-11-10 22:31:37.145300
dynamic_TF_carry/CRUDE_W_micro    2025-11-10 22:31:37.145531
dynamic_TF_carry/COPPER           2025-11-10 22:31:37.145767
dynamic_TF_carry/AUDJPY           2025-11-10 22:31:37.146230
dynamic_TF_carry/MSCIEAFA         2025-11-10 22:31:37.146459
dynamic_TF_carry/DOW              2025-11-10 22:31:37.146690
dynamic_TF_carry/LEAD_LME         2025-11-10 22:31:37.146925
dynamic_TF_carry/HANGENT_mini     2025-11-10 22:31:37.147159
dynamic_TF_carry/CHF              2025-11-10 22:31:37.147621
dynamic_TF_carry/SOYBEAN          2025-11-10 22:31:37.147854
dynamic_TF_carry/EU-BASIC         2025-11-10 22:31:37.148085
dynamic_TF_carry/MILKWET          2025-11-10 22:31:37.148314
dynamic_TF_carry/SP400            2025-11-10 22:31:37.148545
dynamic_TF_carry/SOYOIL           2025-11-10 22:31:37.148776
dynamic_TF_carry/US2              2025-11-10 22:31:37.149006
dynamic_TF_carry/EU-BANKS         2025-11-10 22:31:37.149236
dynamic_TF_carry/DAX              2025-11-10 22:31:37.149468
dynamic_TF_carry/KOSPI            2025-11-10 22:31:37.149938
dynamic_TF_carry/SONIA3           2025-11-10 22:31:37.150170
dynamic_TF_carry/BITCOIN          2025-11-10 22:31:37.150401
dynamic_TF_carry/CZK              2025-11-10 22:31:37.150631
dynamic_TF_carry/EPRA-EUROPE      2025-11-10 22:31:37.150861
dynamic_TF_carry/HIGHYIELD        2025-11-10 22:31:37.151091
dynamic_TF_carry/EUROSTX-LARGE    2025-11-10 22:31:37.151322
dynamic_TF_carry/YENEUR           2025-11-10 22:31:37.151549
dynamic_TF_carry/WHEAT_ICE        2025-11-10 22:31:37.151779
dynamic_TF_carry/US-REALESTATE    2025-11-10 22:31:37.152009
dynamic_TF_carry/CRUDE_W_mini     2025-11-10 22:31:37.152238
dynamic_TF_carry/EURIBOR          2025-11-10 22:31:37.152469
dynamic_TF_carry/BRENT_W          2025-11-10 22:31:37.152698
dynamic_TF_carry/PLN              2025-11-10 22:31:37.152931
dynamic_TF_carry/COCOA            2025-11-10 22:31:37.153163
dynamic_TF_carry/COFFEE           2025-11-10 22:31:37.153393
dynamic_TF_carry/SEK              2025-11-10 22:31:37.153629
dynamic_TF_carry/GASOIL           2025-11-10 22:31:37.153862
dynamic_TF_carry/EU-DIV30         2025-11-10 22:31:37.154321
dynamic_TF_carry/FTSEVIET         2025-11-10 22:31:37.154553
dynamic_TF_carry/JP-REALESTATE    2025-11-10 22:31:37.154784


======================================================================================================================
                                                Status of trade limits                                                
======================================================================================================================

                   period_days  trade_limit  trades_since_last_reset  trade_capacity_remaining   time_since_last_reset
 GAS_US_mini                30            6                      4.0                       2.0 25 days 08:52:31.975416
 KRWUSD_mini                 1            4                      2.0                       2.0  0 days 20:56:07.641486
 US10U                      30            4                      1.0                       3.0 25 days 07:57:45.715640
 US30                       30            4                      1.0                       3.0 20 days 07:58:11.569655
 JPY                        30            5                      2.0                       3.0 27 days 07:57:49.728264
 GASOILINE                  30            4                      1.0                       3.0 25 days 08:58:11.458409
 KR10                       14            4                      1.0                       3.0 11 days 20:56:09.961063
 EU-DJ-TELECOM               1            4                      0.0                       4.0  0 days 00:00:00.000003
 EU-DJ-TECH                  1            4                      0.0                       4.0  0 days 00:00:00.000002
 EU-DJ-OIL                   1            4                      0.0                       4.0  0 days 00:00:00.000003
 EU-CONSTRUCTION             1            4                      0.0                       4.0  0 days 00:00:00.000003
 CZK                         1            4                      0.0                       4.0  0 days 00:00:00.000003
 COTTON                      1            4                      0.0                       4.0  0 days 00:00:00.000003
 COPPER-mini                 1            4                      0.0                       4.0  0 days 00:00:00.000002
 CLP                         1            4                      0.0                       4.0  0 days 00:00:00.000003
 EU-DJ-UTIL                  1            4                      0.0                       4.0  0 days 00:00:00.000003
 CH10                        1            4                      0.0                       4.0  0 days 00:00:00.000003
 BUTTER                      1            4                      0.0                       4.0  0 days 00:00:00.000003
 BOVESPA                     1            4                      0.0                       4.0  0 days 00:00:00.000002
 BEL20                       1            4                      0.0                       4.0  0 days 00:00:00.000003
 ALUMINIUM                   1            4                      0.0                       4.0  0 days 00:00:00.000003
 YENEUR                     30            4                      0.0                       4.0  0 days 00:00:00.000002
 CNH-onshore                 1            4                      0.0                       4.0  0 days 00:00:00.000003
 EU-HOUSE                    1            4                      0.0                       4.0  0 days 00:00:00.000002
 CORN                        1            4                      0.0                       4.0  0 days 00:00:00.000004
 US3                        30            4                      0.0                       4.0  0 days 00:00:00.000003
 US-ENERGY                   1            4                      0.0                       4.0  0 days 00:00:00.000002
 US-DISCRETE                 1            4                      0.0                       4.0  0 days 00:00:00.000003
 SMI-MID                     1            4                      0.0                       4.0  0 days 00:00:00.000003
 SGX                         1            4                      0.0                       4.0  0 days 00:00:00.000003
 SGD                         1            4                      0.0                       4.0  0 days 00:00:00.000003
 OMX                         1            4                      0.0                       4.0  0 days 00:00:00.000002
 MSCIASIA                    1            4                      0.0                       4.0  0 days 00:00:00.000003
 MILKWET                     1            4                      0.0                       4.0  0 days 00:00:00.000003
 MILKDRY                     1            4                      0.0                       4.0  0 days 00:00:00.000002
 EU-MEDIA                    1            4                      0.0                       4.0  0 days 00:00:00.000002
 MID-DAX                     1            4                      0.0                       4.0  0 days 00:00:00.000003
 JGB-SGX-mini                1            4                      0.0                       4.0  0 days 00:00:00.000003
 IRS                         1            4                      0.0                       4.0  0 days 00:00:00.000002
 FTSEINDO                    1            4                      0.0                       4.0  0 days 00:00:00.000003
 EUROSTX200-LARGE            1            4                      0.0                       4.0  0 days 00:00:00.000003
 EUROSTX-SMALL               1            4                      0.0                       4.0  0 days 00:00:00.000002
 EUROSTX-LARGE               1            4                      0.0                       4.0  0 days 00:00:00.000003
 EURIBOR                     1            4                      0.0                       4.0  0 days 00:00:00.000003
 EURCHF                      1            4                      0.0                       4.0  0 days 00:00:00.000002
 EU-REALESTATE               1            4                      0.0                       4.0  0 days 00:00:00.000003
 JP-REALESTATE               1            4                      0.0                       4.0  0 days 00:00:00.000003
 EU-MID                      1            4                      0.0                       4.0  0 days 00:00:00.000003
 NOK                        30            4                      0.0                       4.0  0 days 00:00:00.000003
 SEK                        30            4                      0.0                       4.0  0 days 00:00:00.000003
 GBPEUR                     14            4                      0.0                       4.0  0 days 00:00:00.000002
 GAS-LAST                   14            4                      0.0                       4.0  0 days 00:00:00.000003
 FTSETAIWAN                 14            4                      0.0                       4.0 10 days 20:57:50.471939
 EU-TECH                    14            4                      0.0                       4.0  0 days 00:00:00.000003
 EU-CHEM                    14            4                      0.0                       4.0  0 days 00:00:00.000003
 ETHEREUM                   14            4                      0.0                       4.0  0 days 00:00:00.000003
 CNH                        14            4                      0.0                       4.0  0 days 00:00:00.000002
 BUXL                       14            4                      0.0                       4.0  0 days 00:00:00.000003
 BTP3                       14            4                      0.0                       4.0  0 days 00:00:00.000003
 BRENT-LAST                 14            4                      0.0                       4.0  0 days 00:00:00.000002
 BONO                       14            4                      0.0                       4.0  0 days 00:00:00.000003
 YENEUR                      1            4                      0.0                       4.0  0 days 00:00:00.000003
 US3                         1            4                      0.0                       4.0  0 days 00:00:00.000002
 US10U                       1            4                      0.0                       4.0  0 days 00:00:00.000003
 US-REALESTATE               1            4                      0.0                       4.0  0 days 00:00:00.000003
 TOPIX                       1            4                      0.0                       4.0  0 days 00:00:00.000003
 SP400                       1            4                      0.0                       4.0  0 days 00:00:00.000003
 SEK                         1            4                      0.0                       4.0  0 days 00:00:00.000002
 RUSSELL                     1            4                      0.0                       4.0  0 days 00:00:00.000003
 HEATOIL                    14            4                      0.0                       4.0  0 days 00:00:00.000002
 SP400                      30            4                      0.0                       4.0  0 days 00:00:00.000003
 JGB                        14            4                      0.0                       4.0  0 days 00:00:00.000002
 NOK                        14            4                      0.0                       4.0  0 days 00:00:00.000002
 US-HEALTH                   1            4                      0.0                       4.0  0 days 00:00:00.000003
 JGB                        30            4                      0.0                       4.0  0 days 00:00:00.000003
 HEATOIL                    30            4                      0.0                       4.0  0 days 00:00:00.000003
 GBPEUR                     30            4                      0.0                       4.0  0 days 00:00:00.000002
 GAS-LAST                   30            4                      0.0                       4.0  0 days 00:00:00.000002
 ETHEREUM                   30            4                      0.0                       4.0  0 days 00:00:00.000003
 CHF                        30            4                      0.0                       4.0  0 days 00:00:00.000002
