
********************************************************************************
                   Status report produced on 05/06/2025 22:56                   
********************************************************************************


Delayed methods: No delays

=============================
Delayed adjusted / FX prices 
=============================

                  last_update
HIGHYIELD 2025-05-29 23:00:01
IG        2025-05-30 15:00:01


===============================================
           Delayed optimal positions           
===============================================

                                    last_update
dynamic_TF_carry/SGX 2024-12-02 22:31:28.544775

Instruments at trade limit: No constraints

================================================
         Instruments at position limit          
================================================

                 keys  position pos_limit  spare
44               WHEY         0       0.0    0.0
146               IRS         0       0.0    0.0
154       COPPER-mini         0       0.0    0.0
156              CH10         0       0.0    0.0
57             PALLAD         0       0.0    0.0
56         COPPER_LME         0       0.0    0.0
160          JGB-mini         0       0.0    0.0
161          TWD-mini         0       0.0    0.0
164   GASOILINE_micro         0       0.0    0.0
172  EUROSTX200-LARGE         0       0.0    0.0
48                NOK         0       0.0    0.0
178             R1000         0       0.0    0.0
180         SWISSLEAD         0       0.0    0.0
181             STEEL         0       0.0    0.0
87             COTTON         0       0.0    0.0
41    EU-CONSTRUCTION         0       0.0    0.0
143         CHF_micro         0       0.0    0.0
186              COAL         0       0.0    0.0
141            KRWUSD         0       0.0    0.0
136               RUR         0       0.0    0.0
91           ETHEREUM         0       0.0    0.0
92      EUROSTX-LARGE         0       0.0    0.0
98                JGB         0       0.0    0.0
99            GAS-PEN        -1       1.0    0.0
81                CZK         0       0.0    0.0
100                IG         0       0.0    0.0
104          JPY_mini         0       0.0    0.0
115          HOUSE-US         0       0.0    0.0
75            MILKWET         0       0.0    0.0
127             SP400         0       0.0    0.0
72            SMI-MID         0       0.0    0.0
131            AUDJPY         0       0.0    0.0
69             BUTTER         0       0.0    0.0
133       EPRA-EUROPE         0       0.0    0.0
134          SGD_mini         0       0.0    0.0
137           BOVESPA         0       0.0    0.0
192          EU-HOUSE         0       0.0    0.0
90          EU-TRAVEL         0       0.0    0.0
202          EU-MEDIA         0       0.0    0.0
229           MILKDRY         0       0.0    0.0
228            NASDAQ         0       0.0    0.0
235            GBPJPY         0       0.0    0.0
17      EU-DJ-TELECOM         0       0.0    0.0
18                SGX         0       0.0    0.0
20                PLN         0       0.0    0.0
237               TWD         0       0.0    0.0
214              VNKI         0       0.0    0.0
23           AEX_mini         0       0.0    0.0
24       COAL-GEORDIE         0       0.0    0.0
212           EU-CHEM         0       0.0    0.0
241        EU-DJ-TECH         0       0.0    0.0
200         HIGHYIELD         0       0.0    0.0
10             EURCAD         0       0.0    0.0
199       HEATOIL-ICE         0       0.0    0.0
195       CNH-onshore         0       0.0    0.0
34                SEK         0       0.0    0.0
2              EURCHF         0       0.0    0.0
4           EU-RETAIL         0       0.0    0.0
32             EURAUD         0       0.0    0.0
196               CLP         0       0.0    0.0
30             CHFJPY         0       0.0    0.0
197              GICS         0       0.0    0.0
3                 OMX         0       0.0    0.0
31            TIN_LME         0       0.0    0.0


=========================================================
         Overrides in database consider deleting         
=========================================================

                                                 override
NICKEL_LME             Override Close because in database
OATIES           Override Reduce only because in database
RICE             Override Reduce only because in database
MILKWET          Override Reduce only because in database
VNKI             Override Reduce only because in database
FTSE100          Override Reduce only because in database
JGB-mini         Override Reduce only because in database
LUMBER-new       Override Reduce only because in database
JGB-SGX-mini     Override Reduce only because in database
COPPER-mini      Override Reduce only because in database
GAS_US_mini      Override Reduce only because in database
SPI200           Override Reduce only because in database
GAS-LAST         Override Reduce only because in database
NZD              Override Reduce only because in database
GICS             Override Reduce only because in database
SGD              Override Reduce only because in database
KRWUSD           Override Reduce only because in database
PLN              Override Reduce only because in database
BONO             Override Reduce only because in database
SOYBEAN_mini     Override Reduce only because in database
CZK              Override Reduce only because in database
EURCAD           Override Reduce only because in database
TWD              Override Reduce only because in database
AUD              Override Reduce only because in database
CHF_micro        Override Reduce only because in database
NOK              Override Reduce only because in database
R1000            Override Reduce only because in database
AUD_micro        Override Reduce only because in database
IBEX_mini        Override Reduce only because in database
VIX_mini         Override Reduce only because in database
GBP_micro        Override Reduce only because in database
EU-CHEM          Override Reduce only because in database
EU-INSURE        Override Reduce only because in database
KOSDAQ           Override Reduce only because in database
JP-REALESTATE    Override Reduce only because in database
IBEX             Override Reduce only because in database
COAL             Override Reduce only because in database
AUDJPY           Override Reduce only because in database
CAD_micro        Override Reduce only because in database
EUR_mini         Override Reduce only because in database
KOSPI_mini       Override Reduce only because in database
KOSPI            Override Reduce only because in database
GBPCHF           Override Reduce only because in database
MXP              Override Reduce only because in database
GAS-PEN          Override Reduce only because in database
YENEUR           Override Reduce only because in database
CHFJPY           Override Reduce only because in database
CNH-onshore      Override Reduce only because in database
GBP              Override Reduce only because in database
SEK              Override Reduce only because in database
OMX              Override Reduce only because in database
GBPEUR           Override Reduce only because in database
GBPJPY           Override Reduce only because in database
EURAUD           Override Reduce only because in database
NIKKEI400        Override Reduce only because in database
RUR              Override Reduce only because in database
JPY_mini         Override Reduce only because in database
EURCHF           Override Reduce only because in database
EU-BANKS         Override Reduce only because in database
EU-CONSTRUCTION  Override Reduce only because in database
GASOILINE_micro  Override Reduce only because in database
ZAR              Override Reduce only because in database
BOVESPA          Override Reduce only because in database
BBCOMM           Override Reduce only because in database
CRUDE_W_mini     Override Reduce only because in database

Locked instruments (position mismatch): []

==============================================
Status of adjusted price / FX price collection
==============================================

                         last_update
HIGHYIELD        2025-05-29 23:00:01
IG               2025-05-30 15:00:01
SGX              2025-06-02 23:00:00
GICS             2025-06-04 23:00:00
SGD_mini         2025-06-04 23:00:00
RUR              2025-06-04 23:00:00
CHFJPY           2025-06-04 23:00:00
CLP              2025-06-04 23:00:00
CNH-onshore      2025-06-04 23:00:00
COAL-GEORDIE     2025-06-04 23:00:00
COTTON           2025-06-04 23:00:00
CZK              2025-06-04 23:00:00
MILKWET          2025-06-04 23:00:00
HOUSE-US         2025-06-04 23:00:00
IRS              2025-06-04 23:00:00
GBPJPY           2025-06-04 23:00:00
SUGAR16          2025-06-04 23:00:00
OMX              2025-06-04 23:00:00
VNKI             2025-06-04 23:00:00
SWISSLEAD        2025-06-04 23:00:00
GASOILINE_micro  2025-06-04 23:00:00
TIN_LME          2025-06-04 23:00:00
FTSEVIET         2025-06-04 23:00:00
BOVESPA          2025-06-04 23:00:00
TWD-mini         2025-06-04 23:00:00
SGD              2025-06-05 03:00:00
JP-REALESTATE    2025-06-05 04:00:00
KR3              2025-06-05 04:00:00
FTSEINDO         2025-06-05 04:00:00
HANG_mini        2025-06-05 04:00:00
MSCITAIWAN       2025-06-05 04:00:00
HANGENT_mini     2025-06-05 04:00:00
FTSECHINAH       2025-06-05 04:00:00
CNH              2025-06-05 04:00:00
SPI200           2025-06-05 04:00:00
CHINAA-CON       2025-06-05 04:00:00
HANG             2025-06-05 04:00:00
TWD              2025-06-05 04:00:00
HANGENT          2025-06-05 04:00:00
HANGTECH         2025-06-05 04:00:00
JGB-mini         2025-06-05 04:30:00
KRWUSD_mini      2025-06-05 05:00:00
KR10             2025-06-05 05:00:00
KOSPI_mini       2025-06-05 05:00:00
FTSETAIWAN       2025-06-05 05:00:00
KOSPI            2025-06-05 05:00:00
IRON*            2025-06-05 05:00:00
MSCISING*        2025-06-05 05:00:00
JGB              2025-06-05 05:00:00
JGB-SGX-mini     2025-06-05 05:00:00
KOSDAQ           2025-06-05 05:00:00
MUMMY*           2025-06-05 05:00:00
FTSECHINAA       2025-06-05 05:00:00
NIKKEI           2025-06-05 05:00:00
NIKKEI400        2025-06-05 05:00:00
RUBBER           2025-06-05 05:00:00
TOPIX            2025-06-05 05:00:00
NICKEL_LME       2025-06-05 08:00:00
MSCIWORLD        2025-06-05 11:00:00
EU-HOUSE         2025-06-05 13:00:00
EU-RETAIL        2025-06-05 14:00:00
EUROSTX200-LARGE 2025-06-05 14:00:00
CH10             2025-06-05 14:00:00
COAL             2025-06-05 14:00:00
EURAUD           2025-06-05 14:30:00
FTSE250          2025-06-05 15:00:00
EU-TRAVEL        2025-06-05 15:00:00
IBEX             2025-06-05 15:00:00
EUROSTX-LARGE    2025-06-05 15:00:00
GILT             2025-06-05 15:00:00
EUA              2025-06-05 15:00:00
EUROSTX-SMALL    2025-06-05 15:00:00
HEATOIL-ICE      2025-06-05 15:00:00
EURIBOR          2025-06-05 15:00:00
EURIBOR-ICE      2025-06-05 15:00:00
FTSE100          2025-06-05 15:00:00
GBPCHF           2025-06-05 15:00:00
EURCAD           2025-06-05 15:00:00
MIB              2025-06-05 15:00:00
EU-MID           2025-06-05 15:00:00
AEX_mini         2025-06-05 15:00:00
ZINC_LME         2025-06-05 15:00:00
ALUMINIUM_LME    2025-06-05 15:00:00
WHEAT_ICE        2025-06-05 15:00:00
BONO             2025-06-05 15:00:00
BRENT_W          2025-06-05 15:00:00
SONIA3           2025-06-05 15:00:00
SMI-MID          2025-06-05 15:00:00
SARONA           2025-06-05 15:00:00
IBEX_mini*       2025-06-05 15:00:00
COCOA_LDN        2025-06-05 15:00:00
ROBUSTA          2025-06-05 15:00:00
EPRA-EUROPE      2025-06-05 15:00:00
CRUDE_ICE        2025-06-05 15:00:00
EU-MEDIA         2025-06-05 15:00:00
MILLWHEAT        2025-06-05 15:00:00
EU-DJ-TELECOM    2025-06-05 15:00:00
EU-DJ-TECH       2025-06-05 15:00:00
GASOIL           2025-06-05 15:00:00
LEAD_LME         2025-06-05 15:00:00
COPPER_LME       2025-06-05 15:00:00
EU-CHEM          2025-06-05 15:00:00
WHEY             2025-06-05 16:00:00
OAT*             2025-06-05 16:00:00
KRWUSD           2025-06-05 16:00:00
SUGAR_WHITE      2025-06-05 16:00:00
SMI              2025-06-05 16:00:00
SHATZ            2025-06-05 16:00:00
MSCIASIA         2025-06-05 16:00:00
V2X*             2025-06-05 16:00:00
GASOILINE_ICE    2025-06-05 16:00:00
AEX              2025-06-05 16:00:00
EU-INSURE        2025-06-05 16:00:00
EU-BANKS         2025-06-05 16:00:00
EU-AUTO          2025-06-05 16:00:00
EU-DIV30         2025-06-05 16:00:00
EU-DJ-OIL        2025-06-05 16:00:00
EU-DJ-UTIL       2025-06-05 16:00:00
EU-FOOD          2025-06-05 16:00:00
EU-HEALTH        2025-06-05 16:00:00
BUXL             2025-06-05 16:00:00
CAC              2025-06-05 16:00:00
EU-OIL           2025-06-05 16:00:00
EU-REALESTATE    2025-06-05 16:00:00
EU-TECH          2025-06-05 16:00:00
EU-UTILS         2025-06-05 16:00:00
EU-CONSTRUCTION  2025-06-05 16:00:00
EURO600          2025-06-05 16:00:00
EU-BASIC         2025-06-05 16:00:00
BUND             2025-06-05 16:00:00
DAX*             2025-06-05 16:00:00
EUROSTX          2025-06-05 16:00:00
BTP3             2025-06-05 16:00:00
BTP*             2025-06-05 16:00:00
BOBL             2025-06-05 16:00:00
PLN              2025-06-05 17:00:00
SUGAR11          2025-06-05 17:00:00
COCOA            2025-06-05 18:00:00
OJ               2025-06-05 18:00:00
CHEESE           2025-06-05 18:00:00
COFFEE           2025-06-05 18:00:00
ALUMINIUM        2025-06-05 18:00:00
CAD2             2025-06-05 19:00:00
CANOLA*          2025-06-05 19:00:00
OATIES           2025-06-05 19:00:00
NOK              2025-06-05 19:00:00
RICE             2025-06-05 19:00:00
REDWHEAT         2025-06-05 19:00:00
GAS-PEN*         2025-06-05 19:00:00
SOYBEAN_mini     2025-06-05 19:00:00
WHEAT_mini       2025-06-05 19:00:00
AUDJPY           2025-06-05 19:00:00
WHEAT*           2025-06-05 19:00:00
VIX_mini         2025-06-05 19:00:00
BBCOMM           2025-06-05 19:00:00
US-MATERIAL      2025-06-05 19:00:00
SOYBEAN          2025-06-05 19:00:00
US-INDUSTRY      2025-06-05 19:00:00
BRENT-LAST       2025-06-05 19:00:00
STEEL            2025-06-05 19:00:00
BUTTER           2025-06-05 19:00:00
SOYOIL           2025-06-05 19:00:00
SOYMEAL          2025-06-05 19:00:00
CORN             2025-06-05 19:00:00
US-DISCRETE      2025-06-05 19:00:00
CORN_mini        2025-06-05 19:00:00
R1000            2025-06-05 19:00:00
MILKDRY          2025-06-05 19:00:00
MSCIEMASIA       2025-06-05 19:00:00
LEANHOG          2025-06-05 19:00:00
COTTON2          2025-06-05 19:00:00
INR              2025-06-05 19:00:00
LIVECOW          2025-06-05 19:00:00
FED              2025-06-05 19:00:00
GAS-LAST         2025-06-05 19:00:00
DX*              2025-06-05 19:00:00
FEEDCOW*         2025-06-05 19:00:00
MILK             2025-06-05 19:00:00
GBP_micro        2025-06-05 20:00:00
US-HEALTH        2025-06-05 20:00:00
US-ENERGY        2025-06-05 20:00:00
CRUDE_W          2025-06-05 20:00:00
FANG             2025-06-05 20:00:00
BITCOIN          2025-06-05 20:00:00
GOLD             2025-06-05 20:00:00
BRE              2025-06-05 20:00:00
GOLD-mini        2025-06-05 20:00:00
GOLD_micro       2025-06-05 20:00:00
EUR_mini         2025-06-05 20:00:00
EUR_micro        2025-06-05 20:00:00
US-REALESTATE    2025-06-05 20:00:00
US-STAPLES       2025-06-05 20:00:00
US10U            2025-06-05 20:00:00
US10             2025-06-05 20:00:00
GAS_US           2025-06-05 20:00:00
ZAR              2025-06-05 20:00:00
YENEUR*          2025-06-05 20:00:00
AUD              2025-06-05 20:00:00
GAS_US_mini*     2025-06-05 20:00:00
GBP              2025-06-05 20:00:00
US-UTILS         2025-06-05 20:00:00
AUD_micro        2025-06-05 20:00:00
VIX              2025-06-05 20:00:00
US5              2025-06-05 20:00:00
US30             2025-06-05 20:00:00
US3              2025-06-05 20:00:00
US20             2025-06-05 20:00:00
US2              2025-06-05 20:00:00
GBPEUR           2025-06-05 20:00:00
HEATOIL          2025-06-05 20:00:00
SP500            2025-06-05 20:00:00
SP500_micro      2025-06-05 20:00:00
LUMBER-new       2025-06-05 20:00:00
GASOILINE        2025-06-05 20:00:00
DOW*             2025-06-05 20:00:00
PLAT             2025-06-05 20:00:00
PALLAD           2025-06-05 20:00:00
CRUDE_W_mini     2025-06-05 20:00:00
CRUDE_W_micro*   2025-06-05 20:00:00
NZD              2025-06-05 20:00:00
MSCIEAFA*        2025-06-05 20:00:00
COPPER           2025-06-05 20:00:00
COPPER-micro     2025-06-05 20:00:00
COPPER-mini      2025-06-05 20:00:00
NASDAQ_micro     2025-06-05 20:00:00
NASDAQ           2025-06-05 20:00:00
MXP*             2025-06-05 20:00:00
EURCHF           2025-06-05 20:00:00
CHF              2025-06-05 20:00:00
CHF_micro        2025-06-05 20:00:00
RUSSELL_mini     2025-06-05 20:00:00
SP400            2025-06-05 20:00:00
EUR              2025-06-05 20:00:00
JPY              2025-06-05 20:00:00
JPY_mini         2025-06-05 20:00:00
RUSSELL          2025-06-05 20:00:00
SOFR             2025-06-05 20:00:00
ETHER-micro      2025-06-05 20:00:00
ETHEREUM         2025-06-05 20:00:00
SILVER           2025-06-05 20:00:00
CAD10            2025-06-05 20:00:00
CAD5             2025-06-05 20:00:00
CAD_micro        2025-06-05 20:00:00
SEK              2025-06-05 20:00:00
DOW_mini         2025-06-05 20:00:00
CAD              2025-06-05 20:00:00
CADUSD           2025-06-05 23:00:00
CHFUSD           2025-06-05 23:00:00
JPYUSD           2025-06-05 23:00:00
EURUSD           2025-06-05 23:00:00
KRWUSD           2025-06-05 23:00:00
HKDUSD           2025-06-05 23:00:00
SEKUSD           2025-06-05 23:00:00
GBPUSD           2025-06-05 23:00:00
SGDUSD           2025-06-05 23:00:00
MXPUSD           2025-06-05 23:00:00
CNHUSD           2025-06-05 23:00:00
AUDUSD           2025-06-05 23:00:00


============================================================
           Status of optimal position generation            
============================================================

                                                 last_update
dynamic_TF_carry/SGX              2024-12-02 22:31:28.544775
dynamic_TF_carry/MILKDRY          2025-06-05 22:31:35.930110
dynamic_TF_carry/NICKEL_LME       2025-06-05 22:31:35.930365
dynamic_TF_carry/CZK              2025-06-05 22:31:35.930601
dynamic_TF_carry/SP500_micro      2025-06-05 22:31:35.930833
dynamic_TF_carry/CRUDE_ICE        2025-06-05 22:31:35.931063
dynamic_TF_carry/EU-BANKS         2025-06-05 22:31:35.931293
dynamic_TF_carry/OAT              2025-06-05 22:31:35.931522
dynamic_TF_carry/SMI              2025-06-05 22:31:35.931749
dynamic_TF_carry/MUMMY            2025-06-05 22:31:35.932203
dynamic_TF_carry/EU-BASIC         2025-06-05 22:31:35.932430
dynamic_TF_carry/STEEL            2025-06-05 22:31:35.932656
dynamic_TF_carry/FEEDCOW          2025-06-05 22:31:35.932882
dynamic_TF_carry/COPPER-micro     2025-06-05 22:31:35.933108
dynamic_TF_carry/KOSPI_mini       2025-06-05 22:31:35.933335
dynamic_TF_carry/CAD2             2025-06-05 22:31:35.933560
dynamic_TF_carry/HANGTECH         2025-06-05 22:31:35.933792
dynamic_TF_carry/YENEUR           2025-06-05 22:31:35.934018
dynamic_TF_carry/JGB              2025-06-05 22:31:35.934245
dynamic_TF_carry/EU-CONSTRUCTION  2025-06-05 22:31:35.934470
dynamic_TF_carry/BTP              2025-06-05 22:31:35.934695
dynamic_TF_carry/DX               2025-06-05 22:31:35.934922
dynamic_TF_carry/INR              2025-06-05 22:31:35.935147
dynamic_TF_carry/EU-OIL           2025-06-05 22:31:35.935373
dynamic_TF_carry/SEK              2025-06-05 22:31:35.935599
dynamic_TF_carry/HANG_mini        2025-06-05 22:31:35.935824
dynamic_TF_carry/WHEAT_ICE        2025-06-05 22:31:35.936050
dynamic_TF_carry/EUA              2025-06-05 22:31:35.936501
dynamic_TF_carry/BRE              2025-06-05 22:31:35.936726
dynamic_TF_carry/BITCOIN          2025-06-05 22:31:35.936952
dynamic_TF_carry/GBPCHF           2025-06-05 22:31:35.937178
dynamic_TF_carry/EU-REALESTATE    2025-06-05 22:31:35.937635
dynamic_TF_carry/BOBL             2025-06-05 22:31:35.937862
dynamic_TF_carry/CAD10            2025-06-05 22:31:35.938087
dynamic_TF_carry/FTSECHINAH       2025-06-05 22:31:35.938312
dynamic_TF_carry/FTSEVIET         2025-06-05 22:31:35.938541
dynamic_TF_carry/JPY              2025-06-05 22:31:35.938768
dynamic_TF_carry/EU-TECH          2025-06-05 22:31:35.938995
dynamic_TF_carry/BONO             2025-06-05 22:31:35.939221
dynamic_TF_carry/CRUDE_W_micro    2025-06-05 22:31:35.939446
dynamic_TF_carry/REDWHEAT         2025-06-05 22:31:35.939672
dynamic_TF_carry/CHF              2025-06-05 22:31:35.939898
dynamic_TF_carry/US-MATERIAL      2025-06-05 22:31:35.940122
dynamic_TF_carry/AUD              2025-06-05 22:31:35.940348
dynamic_TF_carry/ALUMINIUM        2025-06-05 22:31:35.940573
dynamic_TF_carry/NZD              2025-06-05 22:31:35.940800
dynamic_TF_carry/EU-AUTO          2025-06-05 22:31:35.941026
dynamic_TF_carry/GILT             2025-06-05 22:31:35.941250
dynamic_TF_carry/R1000            2025-06-05 22:31:35.941475
dynamic_TF_carry/KOSPI            2025-06-05 22:31:35.941704
dynamic_TF_carry/EUR              2025-06-05 22:31:35.941930
dynamic_TF_carry/EU-FOOD          2025-06-05 22:31:35.942154
dynamic_TF_carry/US10             2025-06-05 22:31:35.942380
dynamic_TF_carry/BRENT_W          2025-06-05 22:31:35.942606
dynamic_TF_carry/PLN              2025-06-05 22:31:35.942831
dynamic_TF_carry/US3              2025-06-05 22:31:35.943057
dynamic_TF_carry/WHEY             2025-06-05 22:31:35.943282
dynamic_TF_carry/CANOLA           2025-06-05 22:31:35.943507
dynamic_TF_carry/COTTON           2025-06-05 22:31:35.943733
dynamic_TF_carry/JGB-SGX-mini     2025-06-05 22:31:35.943959
dynamic_TF_carry/BUTTER           2025-06-05 22:31:35.944183
dynamic_TF_carry/BTP3             2025-06-05 22:31:35.944409
dynamic_TF_carry/EU-MID           2025-06-05 22:31:35.944634
dynamic_TF_carry/MSCIEMASIA       2025-06-05 22:31:35.945083
dynamic_TF_carry/SONIA3           2025-06-05 22:31:35.945308
dynamic_TF_carry/VNKI             2025-06-05 22:31:35.945533
dynamic_TF_carry/AUD_micro        2025-06-05 22:31:35.945763
dynamic_TF_carry/BRENT-LAST       2025-06-05 22:31:35.945989
dynamic_TF_carry/EURIBOR-ICE      2025-06-05 22:31:35.946214
dynamic_TF_carry/KR3              2025-06-05 22:31:35.946438
dynamic_TF_carry/SILVER           2025-06-05 22:31:35.946664
dynamic_TF_carry/EUROSTX200-LARGE 2025-06-05 22:31:35.946889
dynamic_TF_carry/CAD              2025-06-05 22:31:35.947113
dynamic_TF_carry/CORN             2025-06-05 22:31:35.947340
dynamic_TF_carry/MSCISING         2025-06-05 22:31:35.947566
dynamic_TF_carry/PLAT             2025-06-05 22:31:35.947794
dynamic_TF_carry/SPI200           2025-06-05 22:31:35.948020
dynamic_TF_carry/FTSETAIWAN       2025-06-05 22:31:35.948475
dynamic_TF_carry/EURAUD           2025-06-05 22:31:35.948706
dynamic_TF_carry/EU-DIV30         2025-06-05 22:31:35.948931
dynamic_TF_carry/OMX              2025-06-05 22:31:35.949161
dynamic_TF_carry/SUGAR_WHITE      2025-06-05 22:31:35.949386
dynamic_TF_carry/GAS-LAST         2025-06-05 22:31:35.949616
dynamic_TF_carry/GAS-PEN          2025-06-05 22:31:35.949842
dynamic_TF_carry/MILKWET          2025-06-05 22:31:35.950067
dynamic_TF_carry/MSCIWORLD        2025-06-05 22:31:35.950292
dynamic_TF_carry/EU-RETAIL        2025-06-05 22:31:35.950518
dynamic_TF_carry/VIX              2025-06-05 22:31:35.950743
dynamic_TF_carry/FTSE100          2025-06-05 22:31:35.950967
dynamic_TF_carry/EU-UTILS         2025-06-05 22:31:35.951192
dynamic_TF_carry/COFFEE           2025-06-05 22:31:35.951643
dynamic_TF_carry/IRS              2025-06-05 22:31:35.951869
dynamic_TF_carry/US-DISCRETE      2025-06-05 22:31:35.952097
dynamic_TF_carry/US5              2025-06-05 22:31:35.952325
dynamic_TF_carry/CHEESE           2025-06-05 22:31:35.952554
dynamic_TF_carry/NOK              2025-06-05 22:31:35.952783
dynamic_TF_carry/COPPER_LME       2025-06-05 22:31:35.953008
dynamic_TF_carry/EPRA-EUROPE      2025-06-05 22:31:35.953234
dynamic_TF_carry/EUROSTX          2025-06-05 22:31:35.953464
dynamic_TF_carry/FED              2025-06-05 22:31:35.953694
dynamic_TF_carry/GBP              2025-06-05 22:31:35.953920
dynamic_TF_carry/COAL             2025-06-05 22:31:35.954145
dynamic_TF_carry/KOSDAQ           2025-06-05 22:31:35.954370
dynamic_TF_carry/KR10             2025-06-05 22:31:35.954595
dynamic_TF_carry/BUND             2025-06-05 22:31:35.954821
dynamic_TF_carry/SARONA           2025-06-05 22:31:35.955047
dynamic_TF_carry/EURO600          2025-06-05 22:31:35.955274
dynamic_TF_carry/ZINC_LME         2025-06-05 22:31:35.955500
dynamic_TF_carry/EURCHF           2025-06-05 22:31:35.955726
dynamic_TF_carry/COAL-GEORDIE     2025-06-05 22:31:35.955952
dynamic_TF_carry/US10U            2025-06-05 22:31:35.956176
dynamic_TF_carry/COPPER           2025-06-05 22:31:35.956403
dynamic_TF_carry/OJ               2025-06-05 22:31:35.956852
dynamic_TF_carry/V2X              2025-06-05 22:31:35.957077
dynamic_TF_carry/CAD5             2025-06-05 22:31:35.957301
dynamic_TF_carry/GASOIL           2025-06-05 22:31:35.957524
dynamic_TF_carry/DOW              2025-06-05 22:31:35.957755
dynamic_TF_carry/GBPEUR           2025-06-05 22:31:35.957981
dynamic_TF_carry/MXP              2025-06-05 22:31:35.958205
dynamic_TF_carry/LUMBER-new       2025-06-05 22:31:35.958430
dynamic_TF_carry/SP400            2025-06-05 22:31:35.958654
dynamic_TF_carry/NIKKEI           2025-06-05 22:31:35.958880
dynamic_TF_carry/MSCITAIWAN       2025-06-05 22:31:35.959106
dynamic_TF_carry/CHINAA-CON       2025-06-05 22:31:35.959557
dynamic_TF_carry/SWISSLEAD        2025-06-05 22:31:35.959785
dynamic_TF_carry/SOYMEAL          2025-06-05 22:31:35.960011
dynamic_TF_carry/TIN_LME          2025-06-05 22:31:35.960234
dynamic_TF_carry/TWD              2025-06-05 22:31:35.960462
dynamic_TF_carry/GICS             2025-06-05 22:31:35.960911
dynamic_TF_carry/RUR              2025-06-05 22:31:35.961136
dynamic_TF_carry/GAS_US_mini      2025-06-05 22:31:35.961360
dynamic_TF_carry/EURCAD           2025-06-05 22:31:35.961587
dynamic_TF_carry/NASDAQ_micro     2025-06-05 22:31:35.961813
dynamic_TF_carry/KRWUSD_mini      2025-06-05 22:31:35.962038
dynamic_TF_carry/US2              2025-06-05 22:31:35.962265
dynamic_TF_carry/DAX              2025-06-05 22:31:35.962489
dynamic_TF_carry/LEAD_LME         2025-06-05 22:31:35.962716
dynamic_TF_carry/HANGENT_mini     2025-06-05 22:31:35.962941
dynamic_TF_carry/CRUDE_W_mini     2025-06-05 22:31:35.963167
dynamic_TF_carry/US30             2025-06-05 22:31:35.963391
dynamic_TF_carry/CAC              2025-06-05 22:31:35.963616
dynamic_TF_carry/IBEX_mini        2025-06-05 22:31:35.963842
dynamic_TF_carry/CLP              2025-06-05 22:31:35.964067
dynamic_TF_carry/LIVECOW          2025-06-05 22:31:35.964294
dynamic_TF_carry/SHATZ            2025-06-05 22:31:35.964520
dynamic_TF_carry/ETHEREUM         2025-06-05 22:31:35.964745
dynamic_TF_carry/SOYOIL           2025-06-05 22:31:35.964972
dynamic_TF_carry/COTTON2          2025-06-05 22:31:35.965198
dynamic_TF_carry/COCOA            2025-06-05 22:31:35.965424
dynamic_TF_carry/HEATOIL          2025-06-05 22:31:35.965655
dynamic_TF_carry/OATIES           2025-06-05 22:31:35.965881
dynamic_TF_carry/US-INDUSTRY      2025-06-05 22:31:35.966107
dynamic_TF_carry/LEANHOG          2025-06-05 22:31:35.966334
dynamic_TF_carry/HIGHYIELD        2025-06-05 22:31:35.966560
dynamic_TF_carry/MSCIEAFA         2025-06-05 22:31:35.966787
dynamic_TF_carry/AUDJPY           2025-06-05 22:31:35.967012
dynamic_TF_carry/RUBBER           2025-06-05 22:31:35.967238
dynamic_TF_carry/SOYBEAN          2025-06-05 22:31:35.967465
dynamic_TF_carry/US-HEALTH        2025-06-05 22:31:35.967691
dynamic_TF_carry/NIKKEI400        2025-06-05 22:31:35.967917
dynamic_TF_carry/COCOA_LDN        2025-06-05 22:31:35.968145
dynamic_TF_carry/EU-CHEM          2025-06-05 22:31:35.968373
dynamic_TF_carry/US-UTILS         2025-06-05 22:31:35.968599
dynamic_TF_carry/IG               2025-06-05 22:31:35.968827
dynamic_TF_carry/EUR_micro        2025-06-05 22:31:35.969053
dynamic_TF_carry/ZAR              2025-06-05 22:31:35.969280
dynamic_TF_carry/EU-HEALTH        2025-06-05 22:31:35.969508
dynamic_TF_carry/MIB              2025-06-05 22:31:35.969739
dynamic_TF_carry/SOFR             2025-06-05 22:31:35.969964
dynamic_TF_carry/EU-HOUSE         2025-06-05 22:31:35.970190
dynamic_TF_carry/JP-REALESTATE    2025-06-05 22:31:35.970415
dynamic_TF_carry/CHFJPY           2025-06-05 22:31:35.970867
dynamic_TF_carry/EU-TRAVEL        2025-06-05 22:31:35.971093
dynamic_TF_carry/IRON             2025-06-05 22:31:35.971318
dynamic_TF_carry/EU-DJ-UTIL       2025-06-05 22:31:35.971544
dynamic_TF_carry/GOLD_micro       2025-06-05 22:31:35.971770
dynamic_TF_carry/KRWUSD           2025-06-05 22:31:35.971997
dynamic_TF_carry/MILK             2025-06-05 22:31:35.972223
dynamic_TF_carry/SUGAR11          2025-06-05 22:31:35.972448
dynamic_TF_carry/FTSEINDO         2025-06-05 22:31:35.972675
dynamic_TF_carry/SGD              2025-06-05 22:31:35.972902
dynamic_TF_carry/RICE             2025-06-05 22:31:35.973130
dynamic_TF_carry/CNH              2025-06-05 22:31:35.973356
dynamic_TF_carry/PALLAD           2025-06-05 22:31:35.973587
dynamic_TF_carry/US-ENERGY        2025-06-05 22:31:35.973814
dynamic_TF_carry/WHEAT            2025-06-05 22:31:35.974041
dynamic_TF_carry/EU-INSURE        2025-06-05 22:31:35.974269
dynamic_TF_carry/GBPJPY           2025-06-05 22:31:35.974724
dynamic_TF_carry/EUROSTX-LARGE    2025-06-05 22:31:35.974953
dynamic_TF_carry/EU-MEDIA         2025-06-05 22:31:35.975182
dynamic_TF_carry/TOPIX            2025-06-05 22:31:35.975410
dynamic_TF_carry/FTSECHINAA       2025-06-05 22:31:35.975639
dynamic_TF_carry/EUROSTX-SMALL    2025-06-05 22:31:35.975868
dynamic_TF_carry/BOVESPA          2025-06-05 22:31:35.976126
dynamic_TF_carry/BUXL             2025-06-05 22:31:35.976392
dynamic_TF_carry/SOYBEAN_mini     2025-06-05 22:31:35.976619
dynamic_TF_carry/HOUSE-US         2025-06-05 22:31:35.977071
dynamic_TF_carry/SMI-MID          2025-06-05 22:31:35.977299
dynamic_TF_carry/US-STAPLES       2025-06-05 22:31:35.977525
dynamic_TF_carry/SUGAR16          2025-06-05 22:31:35.977756
dynamic_TF_carry/FANG             2025-06-05 22:31:35.977984
dynamic_TF_carry/GASOILINE        2025-06-05 22:31:35.978209
dynamic_TF_carry/RUSSELL          2025-06-05 22:31:35.978436
dynamic_TF_carry/FTSE250          2025-06-05 22:31:35.978662
dynamic_TF_carry/MSCIASIA         2025-06-05 22:31:35.978888
dynamic_TF_carry/EU-DJ-TELECOM    2025-06-05 22:31:35.979114
dynamic_TF_carry/CH10             2025-06-05 22:31:35.979338
dynamic_TF_carry/US20             2025-06-05 22:31:35.979788
dynamic_TF_carry/MILLWHEAT        2025-06-05 22:31:35.980014
dynamic_TF_carry/ROBUSTA          2025-06-05 22:31:35.980240
dynamic_TF_carry/US-REALESTATE    2025-06-05 22:31:35.980466
dynamic_TF_carry/AEX              2025-06-05 22:31:35.980690
dynamic_TF_carry/BBCOMM           2025-06-05 22:31:35.980917
dynamic_TF_carry/EURIBOR          2025-06-05 22:31:35.981142


======================================================================================================================
                                                Status of trade limits                                                
======================================================================================================================

                   period_days  trade_limit  trades_since_last_reset  trade_capacity_remaining   time_since_last_reset
 BTP                        14            4                      1.0                       3.0  2 days 14:56:53.142940
 BTP                        30            4                      1.0                       3.0  2 days 14:56:53.144691
 EU-DJ-UTIL                  1            4                      0.0                       4.0  0 days 00:00:00.000002
 EU-DJ-TELECOM               1            4                      0.0                       4.0  0 days 00:00:00.000001
 EU-DJ-TECH                  1            4                      0.0                       4.0  0 days 00:00:00.000002
 EU-DJ-OIL                   1            4                      0.0                       4.0  0 days 00:00:00.000001
 EU-CONSTRUCTION             1            4                      0.0                       4.0  0 days 00:00:00.000001
 CZK                         1            4                      0.0                       4.0  0 days 00:00:00.000001
 COTTON                      1            4                      0.0                       4.0  0 days 00:00:00.000002
 COPPER-mini                 1            4                      0.0                       4.0  0 days 00:00:00.000002
 CNH-onshore                 1            4                      0.0                       4.0  0 days 00:00:00.000001
 CLP                         1            4                      0.0                       4.0  0 days 00:00:00.000002
 CH10                        1            4                      0.0                       4.0  0 days 00:00:00.000001
 BUTTER                      1            4                      0.0                       4.0  0 days 00:00:00.000002
 BOVESPA                     1            4                      0.0                       4.0  0 days 00:00:00.000001
 BEL20                       1            4                      0.0                       4.0  0 days 00:00:00.000002
 ALUMINIUM                   1            4                      0.0                       4.0  0 days 00:00:00.000002
 YENEUR                     30            4                      0.0                       4.0  0 days 00:00:00.000001
 US30                       30            4                      0.0                       4.0  0 days 00:00:00.000002
 US3                        30            4                      0.0                       4.0  0 days 00:00:00.000001
 EU-HOUSE                    1            4                      0.0                       4.0  0 days 00:00:00.000001
 EU-MEDIA                    1            4                      0.0                       4.0  0 days 00:00:00.000002
 EU-MID                      1            4                      0.0                       4.0  0 days 00:00:00.000001
 EU-REALESTATE               1            4                      0.0                       4.0  0 days 00:00:00.000002
 US-HEALTH                   1            4                      0.0                       4.0  0 days 00:00:00.000002
 US-ENERGY                   1            4                      0.0                       4.0  0 days 00:00:00.000001
 US-DISCRETE                 1            4                      0.0                       4.0  0 days 00:00:00.000002
 SMI-MID                     1            4                      0.0                       4.0  0 days 00:00:00.000001
 SGX                         1            4                      0.0                       4.0  0 days 00:00:00.000002
 SGD                         1            4                      0.0                       4.0  0 days 00:00:00.000001
 OMX                         1            4                      0.0                       4.0  0 days 00:00:00.000002
 MSCIASIA                    1            4                      0.0                       4.0  0 days 00:00:00.000002
 MILKWET                     1            4                      0.0                       4.0  0 days 00:00:00.000001
 US10U                      30            4                      0.0                       4.0  0 days 00:00:00.000002
 MILKDRY                     1            4                      0.0                       4.0  0 days 00:00:00.000002
 JP-REALESTATE               1            4                      0.0                       4.0  0 days 00:00:00.000002
 JGB-SGX-mini                1            4                      0.0                       4.0  0 days 00:00:00.000002
 IRS                         1            4                      0.0                       4.0  0 days 00:00:00.000001
 FTSEINDO                    1            4                      0.0                       4.0  0 days 00:00:00.000002
 EUROSTX200-LARGE            1            4                      0.0                       4.0  0 days 00:00:00.000001
 EUROSTX-SMALL               1            4                      0.0                       4.0  0 days 00:00:00.000002
 EUROSTX-LARGE               1            4                      0.0                       4.0  0 days 00:00:00.000001
 EURIBOR                     1            4                      0.0                       4.0  0 days 00:00:00.000002
 EURCHF                      1            4                      0.0                       4.0  0 days 00:00:00.000001
 MID-DAX                     1            4                      0.0                       4.0  0 days 00:00:00.000002
 SP400                      30            4                      0.0                       4.0  0 days 00:00:00.000002
 SEK                        30            4                      0.0                       4.0  0 days 00:00:00.000002
 NOK                        30            4                      0.0                       4.0  0 days 00:00:00.000001
 GAS-LAST                   14            4                      0.0                       4.0  0 days 00:00:00.000001
 FTSETAIWAN                 14            4                      0.0                       4.0  0 days 00:00:00.000002
 EU-TECH                    14            4                      0.0                       4.0  0 days 00:00:00.000001
 EU-CHEM                    14            4                      0.0                       4.0  0 days 00:00:00.000002
 ETHEREUM                   14            4                      0.0                       4.0  0 days 00:00:00.000002
 CNH                        14            4                      0.0                       4.0  0 days 00:00:00.000002
 BUXL                       14            4                      0.0                       4.0  0 days 00:00:00.000002
 BTP3                       14            4                      0.0                       4.0  0 days 00:00:00.000001
 BRENT-LAST                 14            4                      0.0                       4.0  0 days 00:00:00.000001
 BONO                       14            4                      0.0                       4.0  0 days 00:00:00.000002
 YENEUR                      1            4                      0.0                       4.0  0 days 00:00:00.000002
 US3                         1            4                      0.0                       4.0  0 days 00:00:00.000001
 US10U                       1            4                      0.0                       4.0  0 days 00:00:00.000002
 US-REALESTATE               1            4                      0.0                       4.0  0 days 00:00:00.000002
 TOPIX                       1            4                      0.0                       4.0  0 days 00:00:00.000002
 SP400                       1            4                      0.0                       4.0  0 days 00:00:00.000002
 SEK                         1            4                      0.0                       4.0  0 days 00:00:00.000001
 RUSSELL                     1            4                      0.0                       4.0  0 days 00:00:00.000002
 RUR                         1            4                      0.0                       4.0  0 days 00:00:00.000001
 GBPEUR                     14            4                      0.0                       4.0  0 days 00:00:00.000002
 HEATOIL                    14            4                      0.0                       4.0  0 days 00:00:00.000001
 JGB                        14            4                      0.0                       4.0  0 days 00:00:00.000002
