
********************************************************************************
                   Status report produced on 16/06/2026 22:54                   
********************************************************************************



===================================================================================================
                                          Delayed methods                                          
===================================================================================================

                  process_name                 last_start                last_end currently_running
clean_log_files   run_cleaners 2026-05-14 22:45:04.423207 2026-05-12 22:45:04.575              True
backup_db_to_csv   run_backups 2026-05-15 22:46:04.478052 2026-05-12 22:53:43.982              True


=============================
Delayed adjusted / FX prices 
=============================

                  last_update
SGX       2026-03-02 23:00:04
IG        2026-05-22 20:00:01
HIGHYIELD 2026-05-22 20:00:01
ZAR       2026-06-12 20:00:00


===============================================
           Delayed optimal positions           
===============================================

                                    last_update
dynamic_TF_carry/SGX 2024-12-02 22:31:28.544775

Instruments at trade limit: No constraints

================================================
         Instruments at position limit          
================================================

                 keys  position pos_limit  spare
122          FTSEINDO         0         0      0
211            BUTTER         0         0      0
191              COAL         0         0      0
212     EUROSTX-LARGE         0         0      0
214          TWD-mini         0         0      0
84                SGD         0         0      0
77      EU-DJ-TELECOM         0         0      0
75               BONO         0         0      0
92           HOUSE-US         0         0      0
220        EU-DJ-TECH         0         0      0
225              GICS         0         0      0
61      GASOILINE_ICE         0         0      0
60           EU-HOUSE         0         0      0
58             EURAUD         0         0      0
57          CRUDE_ICE         0         0      0
56               CH10         0         0      0
226               CHF        -3         3      0
224               PLN         0         0      0
40          EU-DJ-OIL         0         0      0
158              VNKI         0         0      0
210             SP400         0         0      0
147            PALLAD         0         0      0
140           MILKWET         0         0      0
139               MIB         0         0      0
138               CLP         0         0      0
137              GOLD         0         0      0
198           BOVESPA         0         0      0
127           HEATOIL         0         0      0
96             AUDJPY         0         0      0
124          ETHEREUM         0         0      0
116        COPPER_LME         0         0      0
203            EURCAD         0         0      0
204            NASDAQ         0         0      0
153            GBPCHF         0         0      0
154               OMX         0         0      0
205          SGD_mini         0         0      0
206               IRS         0         0      0
152           GAS-PEN         0         0      0
39           AEX_mini         0         0      0
72          SWISSLEAD         0         0      0
189            COTTON         0         0      0
169              WHEY         0         0      0
25        CNH-onshore         0         0      0
233            CHFJPY         0         0      0
172               SGX         0         0      0
22        HEATOIL-ICE         0         0      0
173               NOK         0         0      0
27             GBPJPY         0         0      0
19             KRWUSD         0         0      0
17            MILKDRY         0         0      0
174         GOLD-mini         0         0      0
9                 CZK         0         0      0
6     GASOILINE_micro         0         0      0
179          JPY_mini         0         0      0
181             KOSPI         0         0      0
18            TIN_LME         0         0      0
29            SUGAR16         0         0      0
234       EPRA-EUROPE         0         0      0
146  EUROSTX200-LARGE         0         0      0
34       COAL-GEORDIE         0         0      0
229       COPPER-mini         0         0      0


==========================================================
         Overrides in database consider deleting          
==========================================================

                                                  override
NICKEL_LME              Override Close because in database
MILKDRY           Override Reduce only because in database
OATIES            Override Reduce only because in database
COPPER-mini       Override Reduce only because in database
SOYBEAN_mini      Override Reduce only because in database
GAS_US_mini       Override Reduce only because in database
IBEX              Override Reduce only because in database
EU-INSURE         Override Reduce only because in database
OMX               Override Reduce only because in database
SUGAR16           Override Reduce only because in database
IBEX_mini         Override Reduce only because in database
R1000             Override Reduce only because in database
EU-CONSTRUCTION   Override Reduce only because in database
MIB               Override Reduce only because in database
MSCIASIA          Override Reduce only because in database
FTSE250           Override Reduce only because in database
EU-REALESTATE     Override Reduce only because in database
CORN_mini         Override Reduce only because in database
EU-DJ-UTIL        Override Reduce only because in database
CRUDE_W_mini      Override Reduce only because in database
CAC               Override Reduce only because in database
EU-HOUSE          Override Reduce only because in database
FANG              Override Reduce only because in database
EU-UTILS          Override Reduce only because in database
EU-AUTO           Override Reduce only because in database
DAX               Override Reduce only because in database
EUROSTX-SMALL     Override Reduce only because in database
STEEL             Override Reduce only because in database
US-DISCRETE       Override Reduce only because in database
US-INDUSTRY       Override Reduce only because in database
EU-MID            Override Reduce only because in database
EU-MEDIA          Override Reduce only because in database
EUROSTX-LARGE     Override Reduce only because in database
EU-HEALTH         Override Reduce only because in database
GASOILINE_micro   Override Reduce only because in database
EU-TECH           Override Reduce only because in database
MSCIWORLD         Override Reduce only because in database
EUROSTX200-LARGE  Override Reduce only because in database
EU-DJ-OIL         Override Reduce only because in database
EU-FOOD           Override Reduce only because in database
EU-OIL            Override Reduce only because in database
EU-DJ-TECH        Override Reduce only because in database
AEX               Override Reduce only because in database
AEX_mini          Override Reduce only because in database
EU-BASIC          Override Reduce only because in database
EU-TRAVEL         Override Reduce only because in database
EU-DJ-TELECOM     Override Reduce only because in database
BOVESPA           Override Reduce only because in database
EPRA-EUROPE       Override Reduce only because in database
EU-RETAIL         Override Reduce only because in database
MSCIEMASIA        Override Reduce only because in database
SWISSLEAD         Override Reduce only because in database
SMI-MID           Override Reduce only because in database
VIX_mini          Override Reduce only because in database
COAL              Override Reduce only because in database
INR               Override Reduce only because in database
RICE              Override Reduce only because in database
FTSEINDO          Override Reduce only because in database
FTSECHINAH        Override Reduce only because in database
FTSECHINAA        Override Reduce only because in database
FTSETAIWAN        Override Reduce only because in database
COTTON            Override Reduce only because in database
BRENT-LAST        Override Reduce only because in database
MSCISING          Override Reduce only because in database
GAS-PEN           Override Reduce only because in database
HANG              Override Reduce only because in database
MSCITAIWAN        Override Reduce only because in database
SGX               Override Reduce only because in database
HANGTECH          Override Reduce only because in database
HANGENT           Override Reduce only because in database
FTSEVIET          Override Reduce only because in database

Locked instruments (position mismatch): ['ZAR']

==============================================
Status of adjusted price / FX price collection
==============================================

                         last_update
SGX              2026-03-02 23:00:04
IG               2026-05-22 20:00:01
HIGHYIELD        2026-05-22 20:00:01
ZAR*             2026-06-12 20:00:00
GBPCHF           2026-06-15 23:00:00
SUGAR16          2026-06-15 23:00:00
GASOILINE_micro  2026-06-15 23:00:00
GAS-PEN          2026-06-15 23:00:00
EU-DJ-OIL        2026-06-15 23:00:00
CLP              2026-06-15 23:00:00
CNH-onshore      2026-06-15 23:00:00
SWISSLEAD        2026-06-15 23:00:00
EUROSTX200-LARGE 2026-06-15 23:00:00
CZK              2026-06-15 23:00:00
COTTON           2026-06-15 23:00:00
OMX              2026-06-15 23:00:00
TWD-mini         2026-06-15 23:00:00
SGD_mini         2026-06-15 23:00:00
AUDJPY           2026-06-15 23:00:00
HOUSE-US         2026-06-15 23:00:00
BOVESPA          2026-06-15 23:00:00
SGD              2026-06-16 00:25:00
JGB-mini         2026-06-16 02:00:00
KR10*            2026-06-16 03:00:00
VNKI             2026-06-16 06:00:00
MSCITAIWAN       2026-06-16 06:00:00
KOSDAQ           2026-06-16 07:00:00
KOSPI_mini       2026-06-16 07:00:00
KR3              2026-06-16 07:00:00
KOSPI            2026-06-16 07:00:00
JP-REALESTATE    2026-06-16 07:00:00
EUROSTX-LARGE    2026-06-16 09:00:00
HANGENT          2026-06-16 09:00:00
HANG             2026-06-16 09:00:00
CHINAA-CON       2026-06-16 09:00:00
HANGENT_mini     2026-06-16 09:00:00
HANG_mini        2026-06-16 09:00:00
HANGTECH         2026-06-16 09:00:00
FTSEVIET         2026-06-16 09:15:00
WHEAT_ICE        2026-06-16 10:00:00
CH10             2026-06-16 15:00:00
BONO             2026-06-16 15:00:00
RUBBER           2026-06-16 15:00:00
KRWUSD           2026-06-16 15:00:00
CHFJPY           2026-06-16 15:00:00
EU-DJ-UTIL       2026-06-16 16:00:00
EU-FOOD          2026-06-16 16:00:00
EU-HOUSE         2026-06-16 16:00:00
EU-DJ-TECH       2026-06-16 16:00:00
EU-INSURE        2026-06-16 16:00:00
EU-HEALTH        2026-06-16 16:00:00
MSCIASIA         2026-06-16 16:00:00
EU-MID           2026-06-16 16:00:00
EU-RETAIL        2026-06-16 16:00:00
EU-TRAVEL        2026-06-16 16:00:00
EUA              2026-06-16 16:00:00
EURAUD           2026-06-16 16:00:00
EURCAD           2026-06-16 16:00:00
EUROSTX-SMALL    2026-06-16 16:00:00
FTSE250          2026-06-16 16:00:00
FTSEINDO         2026-06-16 16:00:00
EU-DIV30         2026-06-16 16:00:00
EU-MEDIA         2026-06-16 16:00:00
EU-CONSTRUCTION  2026-06-16 16:00:00
EU-DJ-TELECOM    2026-06-16 16:00:00
IRS              2026-06-16 16:00:00
AEX_mini         2026-06-16 16:00:00
WHEY             2026-06-16 16:00:00
COCOA_LDN        2026-06-16 16:00:00
EPRA-EUROPE      2026-06-16 16:00:00
TWD              2026-06-16 16:00:00
COAL-GEORDIE     2026-06-16 16:00:00
SMI-MID          2026-06-16 16:00:00
EU-CHEM          2026-06-16 16:00:00
EURIBOR          2026-06-16 17:00:00
MSCIWORLD        2026-06-16 17:00:00
COAL             2026-06-16 17:00:00
GILT             2026-06-16 17:00:00
GICS             2026-06-16 17:00:00
SUGAR_WHITE      2026-06-16 17:00:00
TIN_LME          2026-06-16 17:00:00
BTP3             2026-06-16 17:00:00
BTP              2026-06-16 17:00:00
SUGAR11          2026-06-16 17:00:00
SONIA3           2026-06-16 17:00:00
EU-BASIC*        2026-06-16 17:00:00
SARONA           2026-06-16 17:00:00
ROBUSTA          2026-06-16 17:00:00
EU-UTILS         2026-06-16 17:00:00
EU-TECH          2026-06-16 17:00:00
EU-OIL*          2026-06-16 17:00:00
EU-REALESTATE    2026-06-16 17:00:00
LEAD_LME         2026-06-16 18:00:00
STEEL            2026-06-16 18:00:00
MILKWET          2026-06-16 18:00:00
HEATOIL-ICE      2026-06-16 18:00:00
MILLWHEAT        2026-06-16 18:00:00
EU-AUTO          2026-06-16 18:00:00
CNH              2026-06-16 18:00:00
CRUDE_ICE        2026-06-16 18:00:00
FTSECHINAH       2026-06-16 18:00:00
ALUMINIUM_LME    2026-06-16 18:00:00
SMI              2026-06-16 18:00:00
IBEX_mini        2026-06-16 18:00:00
NICKEL_LME       2026-06-16 18:00:00
COCOA            2026-06-16 18:00:00
OJ               2026-06-16 18:00:00
COPPER_LME       2026-06-16 18:00:00
COFFEE           2026-06-16 18:00:00
ZINC_LME         2026-06-16 18:00:00
FTSE100          2026-06-16 18:00:00
EURIBOR-ICE      2026-06-16 18:00:00
NIKKEI400        2026-06-16 18:00:00
TOPIX            2026-06-16 19:00:00
RICE             2026-06-16 19:00:00
V2X              2026-06-16 19:00:00
REDWHEAT*        2026-06-16 19:00:00
US-INDUSTRY      2026-06-16 19:00:00
WHEAT            2026-06-16 19:00:00
WHEAT_mini       2026-06-16 19:00:00
JGB-SGX-mini     2026-06-16 19:00:00
SOYBEAN          2026-06-16 19:00:00
SPI200           2026-06-16 19:00:00
SHATZ            2026-06-16 19:00:00
OAT              2026-06-16 19:00:00
NIKKEI*          2026-06-16 19:00:00
MUMMY*           2026-06-16 19:00:00
MSCISING*        2026-06-16 19:00:00
SOYBEAN_mini     2026-06-16 19:00:00
SOYMEAL          2026-06-16 19:00:00
SEK              2026-06-16 19:00:00
SOYOIL           2026-06-16 19:00:00
MIB              2026-06-16 19:00:00
OATIES           2026-06-16 19:00:00
LUMBER-new       2026-06-16 19:00:00
LIVECOW*         2026-06-16 19:00:00
LEANHOG*         2026-06-16 19:00:00
KRWUSD_mini      2026-06-16 19:00:00
MILK             2026-06-16 19:00:00
MSCIEMASIA       2026-06-16 19:00:00
AEX              2026-06-16 19:00:00
IRON             2026-06-16 19:00:00
EURO600          2026-06-16 19:00:00
EU-BANKS         2026-06-16 19:00:00
ETHER-micro      2026-06-16 19:00:00
DAX              2026-06-16 19:00:00
COTTON2          2026-06-16 19:00:00
CORN_mini        2026-06-16 19:00:00
JGB              2026-06-16 19:00:00
COPPER-micro     2026-06-16 19:00:00
CHEESE           2026-06-16 19:00:00
CANOLA*          2026-06-16 19:00:00
CAD5             2026-06-16 19:00:00
CAD10*           2026-06-16 19:00:00
CAC*             2026-06-16 19:00:00
BUXL             2026-06-16 19:00:00
BUTTER           2026-06-16 19:00:00
BUND             2026-06-16 19:00:00
BRENT_W          2026-06-16 19:00:00
BRE              2026-06-16 19:00:00
BOBL             2026-06-16 19:00:00
BBCOMM           2026-06-16 19:00:00
ALUMINIUM        2026-06-16 19:00:00
EUROSTX          2026-06-16 19:00:00
FANG             2026-06-16 19:00:00
CORN             2026-06-16 19:00:00
GBPJPY           2026-06-16 19:00:00
FTSECHINAA       2026-06-16 19:00:00
INR              2026-06-16 19:00:00
FEEDCOW          2026-06-16 19:00:00
GASOIL           2026-06-16 19:00:00
IBEX             2026-06-16 19:00:00
FTSETAIWAN       2026-06-16 19:00:00
GASOILINE_ICE    2026-06-16 19:00:00
GAS-LAST         2026-06-16 19:00:00
US-MATERIAL      2026-06-16 20:00:00
HEATOIL          2026-06-16 20:00:00
US-HEALTH        2026-06-16 20:00:00
US-ENERGY        2026-06-16 20:00:00
US-DISCRETE      2026-06-16 20:00:00
GOLD-mini        2026-06-16 20:00:00
US-REALESTATE    2026-06-16 20:00:00
GOLD             2026-06-16 20:00:00
CAD              2026-06-16 20:00:00
GBP_micro        2026-06-16 20:00:00
CAD2             2026-06-16 20:00:00
CAD_micro        2026-06-16 20:00:00
GOLD_micro*      2026-06-16 20:00:00
US-STAPLES       2026-06-16 20:00:00
US2              2026-06-16 20:00:00
US10             2026-06-16 20:00:00
AUD              2026-06-16 20:00:00
YENEUR           2026-06-16 20:00:00
AUD_micro*       2026-06-16 20:00:00
BITCOIN*         2026-06-16 20:00:00
JPY*             2026-06-16 20:00:00
JPY_mini         2026-06-16 20:00:00
VIX_mini         2026-06-16 20:00:00
VIX              2026-06-16 20:00:00
BRENT-LAST       2026-06-16 20:00:00
US5              2026-06-16 20:00:00
US30             2026-06-16 20:00:00
US3              2026-06-16 20:00:00
US20             2026-06-16 20:00:00
GBPEUR           2026-06-16 20:00:00
US10U            2026-06-16 20:00:00
US-UTILS         2026-06-16 20:00:00
SP500_micro      2026-06-16 20:00:00
FED              2026-06-16 20:00:00
SP400            2026-06-16 20:00:00
R1000            2026-06-16 20:00:00
PLN              2026-06-16 20:00:00
SP500            2026-06-16 20:00:00
PALLAD           2026-06-16 20:00:00
ETHEREUM         2026-06-16 20:00:00
EUR              2026-06-16 20:00:00
EURCHF           2026-06-16 20:00:00
NZD              2026-06-16 20:00:00
NOK              2026-06-16 20:00:00
MSCIEAFA         2026-06-16 20:00:00
EUR_micro        2026-06-16 20:00:00
NASDAQ_micro     2026-06-16 20:00:00
NASDAQ           2026-06-16 20:00:00
MXP*             2026-06-16 20:00:00
EUR_mini         2026-06-16 20:00:00
DX               2026-06-16 20:00:00
DOW_mini         2026-06-16 20:00:00
PLAT             2026-06-16 20:00:00
RUSSELL*         2026-06-16 20:00:00
GBP              2026-06-16 20:00:00
CHF*             2026-06-16 20:00:00
DOW              2026-06-16 20:00:00
COPPER           2026-06-16 20:00:00
GAS_US_mini*     2026-06-16 20:00:00
SOFR             2026-06-16 20:00:00
COPPER-mini      2026-06-16 20:00:00
GAS_US           2026-06-16 20:00:00
CHF_micro        2026-06-16 20:00:00
SILVER           2026-06-16 20:00:00
GASOILINE        2026-06-16 20:00:00
CRUDE_W          2026-06-16 20:00:00
CRUDE_W_micro*   2026-06-16 20:00:00
CRUDE_W_mini     2026-06-16 20:00:00
MILKDRY          2026-06-16 20:00:00
RUSSELL_mini     2026-06-16 20:00:00
JPYUSD           2026-06-16 23:00:00
CNHUSD           2026-06-16 23:00:00
AUDUSD           2026-06-16 23:00:00
KRWUSD           2026-06-16 23:00:00
CHFUSD           2026-06-16 23:00:00
SGDUSD           2026-06-16 23:00:00
MXPUSD           2026-06-16 23:00:00
CADUSD           2026-06-16 23:00:00
GBPUSD           2026-06-16 23:00:00
HKDUSD           2026-06-16 23:00:00
EURUSD           2026-06-16 23:00:00
SEKUSD           2026-06-16 23:00:00


============================================================
           Status of optimal position generation            
============================================================

                                                 last_update
dynamic_TF_carry/SGX              2024-12-02 22:31:28.544775
dynamic_TF_carry/WHEY             2026-06-16 22:31:30.772120
dynamic_TF_carry/BBCOMM           2026-06-16 22:31:30.772347
dynamic_TF_carry/US-HEALTH        2026-06-16 22:31:30.772562
dynamic_TF_carry/EUROSTX-LARGE    2026-06-16 22:31:30.772773
dynamic_TF_carry/SILVER           2026-06-16 22:31:30.772981
dynamic_TF_carry/LIVECOW          2026-06-16 22:31:30.773189
dynamic_TF_carry/HOUSE-US         2026-06-16 22:31:30.773396
dynamic_TF_carry/OJ               2026-06-16 22:31:30.773602
dynamic_TF_carry/SUGAR11          2026-06-16 22:31:30.774220
dynamic_TF_carry/US-UTILS         2026-06-16 22:31:30.774427
dynamic_TF_carry/CHF              2026-06-16 22:31:30.774632
dynamic_TF_carry/MSCIEAFA         2026-06-16 22:31:30.774838
dynamic_TF_carry/FTSECHINAH       2026-06-16 22:31:30.775042
dynamic_TF_carry/FED              2026-06-16 22:31:30.775451
dynamic_TF_carry/SOYMEAL          2026-06-16 22:31:30.775657
dynamic_TF_carry/GBPEUR           2026-06-16 22:31:30.775862
dynamic_TF_carry/CH10             2026-06-16 22:31:30.776069
dynamic_TF_carry/BRENT_W          2026-06-16 22:31:30.776274
dynamic_TF_carry/IRON             2026-06-16 22:31:30.776478
dynamic_TF_carry/YENEUR           2026-06-16 22:31:30.776887
dynamic_TF_carry/BONO             2026-06-16 22:31:30.777092
dynamic_TF_carry/AUDJPY           2026-06-16 22:31:30.777297
dynamic_TF_carry/CNH              2026-06-16 22:31:30.777501
dynamic_TF_carry/ZAR              2026-06-16 22:31:30.777705
dynamic_TF_carry/NZD              2026-06-16 22:31:30.777911
dynamic_TF_carry/SOFR             2026-06-16 22:31:30.778322
dynamic_TF_carry/COPPER-micro     2026-06-16 22:31:30.778525
dynamic_TF_carry/US-ENERGY        2026-06-16 22:31:30.778730
dynamic_TF_carry/GILT             2026-06-16 22:31:30.778936
dynamic_TF_carry/JPY              2026-06-16 22:31:30.779141
dynamic_TF_carry/GAS-PEN          2026-06-16 22:31:30.779347
dynamic_TF_carry/EU-UTILS         2026-06-16 22:31:30.779551
dynamic_TF_carry/KOSDAQ           2026-06-16 22:31:30.779754
dynamic_TF_carry/COCOA            2026-06-16 22:31:30.779959
dynamic_TF_carry/SEK              2026-06-16 22:31:30.780166
dynamic_TF_carry/HANGTECH         2026-06-16 22:31:30.780372
dynamic_TF_carry/CRUDE_W_micro    2026-06-16 22:31:30.780780
dynamic_TF_carry/SARONA           2026-06-16 22:31:30.780986
dynamic_TF_carry/COTTON           2026-06-16 22:31:30.781190
dynamic_TF_carry/JGB-SGX-mini     2026-06-16 22:31:30.781396
dynamic_TF_carry/US30             2026-06-16 22:31:30.781601
dynamic_TF_carry/GICS             2026-06-16 22:31:30.781805
dynamic_TF_carry/US-REALESTATE    2026-06-16 22:31:30.782010
dynamic_TF_carry/US10U            2026-06-16 22:31:30.782215
dynamic_TF_carry/IRS              2026-06-16 22:31:30.782420
dynamic_TF_carry/CAD2             2026-06-16 22:31:30.782623
dynamic_TF_carry/CLP              2026-06-16 22:31:30.782827
dynamic_TF_carry/EUR              2026-06-16 22:31:30.783031
dynamic_TF_carry/ZINC_LME         2026-06-16 22:31:30.783235
dynamic_TF_carry/OAT              2026-06-16 22:31:30.783440
dynamic_TF_carry/V2X              2026-06-16 22:31:30.783646
dynamic_TF_carry/COFFEE           2026-06-16 22:31:30.783850
dynamic_TF_carry/GOLD_micro       2026-06-16 22:31:30.784059
dynamic_TF_carry/CZK              2026-06-16 22:31:30.784264
dynamic_TF_carry/DX               2026-06-16 22:31:30.784470
dynamic_TF_carry/EU-RETAIL        2026-06-16 22:31:30.784675
dynamic_TF_carry/CAD              2026-06-16 22:31:30.784880
dynamic_TF_carry/EU-DJ-UTIL       2026-06-16 22:31:30.785085
dynamic_TF_carry/SWISSLEAD        2026-06-16 22:31:30.785289
dynamic_TF_carry/CAC              2026-06-16 22:31:30.785494
dynamic_TF_carry/US-STAPLES       2026-06-16 22:31:30.785699
dynamic_TF_carry/MILK             2026-06-16 22:31:30.785904
dynamic_TF_carry/BOVESPA          2026-06-16 22:31:30.786109
dynamic_TF_carry/GBPJPY           2026-06-16 22:31:30.786315
dynamic_TF_carry/MIB              2026-06-16 22:31:30.786520
dynamic_TF_carry/BTP              2026-06-16 22:31:30.786726
dynamic_TF_carry/PLN              2026-06-16 22:31:30.786931
dynamic_TF_carry/US3              2026-06-16 22:31:30.787136
dynamic_TF_carry/CORN             2026-06-16 22:31:30.787341
dynamic_TF_carry/LUMBER-new       2026-06-16 22:31:30.787546
dynamic_TF_carry/VNKI             2026-06-16 22:31:30.787750
dynamic_TF_carry/MSCIEMASIA       2026-06-16 22:31:30.787954
dynamic_TF_carry/EPRA-EUROPE      2026-06-16 22:31:30.788161
dynamic_TF_carry/CAD10            2026-06-16 22:31:30.788366
dynamic_TF_carry/JGB              2026-06-16 22:31:30.788570
dynamic_TF_carry/NIKKEI           2026-06-16 22:31:30.788775
dynamic_TF_carry/SMI-MID          2026-06-16 22:31:30.788981
dynamic_TF_carry/BTP3             2026-06-16 22:31:30.789186
dynamic_TF_carry/SMI              2026-06-16 22:31:30.789391
dynamic_TF_carry/CANOLA           2026-06-16 22:31:30.789597
dynamic_TF_carry/RICE             2026-06-16 22:31:30.789804
dynamic_TF_carry/CHEESE           2026-06-16 22:31:30.790009
dynamic_TF_carry/EU-DJ-TELECOM    2026-06-16 22:31:30.790213
dynamic_TF_carry/ETHEREUM         2026-06-16 22:31:30.790419
dynamic_TF_carry/GAS_US_mini      2026-06-16 22:31:30.790624
dynamic_TF_carry/FTSETAIWAN       2026-06-16 22:31:30.790829
dynamic_TF_carry/US-MATERIAL      2026-06-16 22:31:30.791034
dynamic_TF_carry/INR              2026-06-16 22:31:30.791240
dynamic_TF_carry/EU-CONSTRUCTION  2026-06-16 22:31:30.791446
dynamic_TF_carry/COAL-GEORDIE     2026-06-16 22:31:30.791652
dynamic_TF_carry/MSCIWORLD        2026-06-16 22:31:30.791856
dynamic_TF_carry/EURIBOR          2026-06-16 22:31:30.792063
dynamic_TF_carry/COPPER_LME       2026-06-16 22:31:30.792269
dynamic_TF_carry/HIGHYIELD        2026-06-16 22:31:30.792679
dynamic_TF_carry/US10             2026-06-16 22:31:30.792884
dynamic_TF_carry/EUROSTX200-LARGE 2026-06-16 22:31:30.793090
dynamic_TF_carry/TWD              2026-06-16 22:31:30.793295
dynamic_TF_carry/US20             2026-06-16 22:31:30.793499
dynamic_TF_carry/BRENT-LAST       2026-06-16 22:31:30.793704
dynamic_TF_carry/SONIA3           2026-06-16 22:31:30.793908
dynamic_TF_carry/FANG             2026-06-16 22:31:30.794113
dynamic_TF_carry/EU-BANKS         2026-06-16 22:31:30.794317
dynamic_TF_carry/HANG_mini        2026-06-16 22:31:30.794522
dynamic_TF_carry/CRUDE_ICE        2026-06-16 22:31:30.794932
dynamic_TF_carry/NASDAQ_micro     2026-06-16 22:31:30.795139
dynamic_TF_carry/SGD              2026-06-16 22:31:30.795344
dynamic_TF_carry/US5              2026-06-16 22:31:30.795550
dynamic_TF_carry/FEEDCOW          2026-06-16 22:31:30.795755
dynamic_TF_carry/REDWHEAT         2026-06-16 22:31:30.795961
dynamic_TF_carry/SPI200           2026-06-16 22:31:30.796581
dynamic_TF_carry/EU-CHEM          2026-06-16 22:31:30.796786
dynamic_TF_carry/BRE              2026-06-16 22:31:30.796991
dynamic_TF_carry/SP500_micro      2026-06-16 22:31:30.797198
dynamic_TF_carry/AUD              2026-06-16 22:31:30.797404
dynamic_TF_carry/GBP              2026-06-16 22:31:30.797611
dynamic_TF_carry/CHFJPY           2026-06-16 22:31:30.797816
dynamic_TF_carry/COPPER           2026-06-16 22:31:30.798024
dynamic_TF_carry/EU-TRAVEL        2026-06-16 22:31:30.798232
dynamic_TF_carry/COTTON2          2026-06-16 22:31:30.798434
dynamic_TF_carry/HANGENT_mini     2026-06-16 22:31:30.798642
dynamic_TF_carry/US2              2026-06-16 22:31:30.798848
dynamic_TF_carry/BUTTER           2026-06-16 22:31:30.799052
dynamic_TF_carry/FTSEINDO         2026-06-16 22:31:30.799258
dynamic_TF_carry/SP400            2026-06-16 22:31:30.799462
dynamic_TF_carry/BOBL             2026-06-16 22:31:30.799667
dynamic_TF_carry/EUROSTX          2026-06-16 22:31:30.799871
dynamic_TF_carry/EURCAD           2026-06-16 22:31:30.800079
dynamic_TF_carry/EUROSTX-SMALL    2026-06-16 22:31:30.800286
dynamic_TF_carry/MILLWHEAT        2026-06-16 22:31:30.800495
dynamic_TF_carry/R1000            2026-06-16 22:31:30.800702
dynamic_TF_carry/WHEAT_ICE        2026-06-16 22:31:30.800907
dynamic_TF_carry/NIKKEI400        2026-06-16 22:31:30.801112
dynamic_TF_carry/WHEAT            2026-06-16 22:31:30.801317
dynamic_TF_carry/KRWUSD           2026-06-16 22:31:30.801522
dynamic_TF_carry/EURCHF           2026-06-16 22:31:30.801728
dynamic_TF_carry/KOSPI            2026-06-16 22:31:30.801933
dynamic_TF_carry/EU-BASIC         2026-06-16 22:31:30.802139
dynamic_TF_carry/KR3              2026-06-16 22:31:30.802345
dynamic_TF_carry/EU-HEALTH        2026-06-16 22:31:30.802550
dynamic_TF_carry/EU-INSURE        2026-06-16 22:31:30.802754
dynamic_TF_carry/IBEX_mini        2026-06-16 22:31:30.802960
dynamic_TF_carry/KR10             2026-06-16 22:31:30.803166
dynamic_TF_carry/COAL             2026-06-16 22:31:30.803371
dynamic_TF_carry/GASOILINE        2026-06-16 22:31:30.803576
dynamic_TF_carry/MUMMY            2026-06-16 22:31:30.803781
dynamic_TF_carry/OATIES           2026-06-16 22:31:30.803987
dynamic_TF_carry/EU-AUTO          2026-06-16 22:31:30.804196
dynamic_TF_carry/EU-HOUSE         2026-06-16 22:31:30.804404
dynamic_TF_carry/GAS-LAST         2026-06-16 22:31:30.804610
dynamic_TF_carry/EURAUD           2026-06-16 22:31:30.804816
dynamic_TF_carry/DAX              2026-06-16 22:31:30.805021
dynamic_TF_carry/MSCITAIWAN       2026-06-16 22:31:30.805227
dynamic_TF_carry/CHINAA-CON       2026-06-16 22:31:30.805431
dynamic_TF_carry/EU-MID           2026-06-16 22:31:30.805637
dynamic_TF_carry/MSCIASIA         2026-06-16 22:31:30.806050
dynamic_TF_carry/FTSE250          2026-06-16 22:31:30.806256
dynamic_TF_carry/US-DISCRETE      2026-06-16 22:31:30.806461
dynamic_TF_carry/EU-OIL           2026-06-16 22:31:30.806667
dynamic_TF_carry/SOYBEAN          2026-06-16 22:31:30.806873
dynamic_TF_carry/FTSE100          2026-06-16 22:31:30.807078
dynamic_TF_carry/EU-MEDIA         2026-06-16 22:31:30.807490
dynamic_TF_carry/MILKDRY          2026-06-16 22:31:30.807698
dynamic_TF_carry/EURO600          2026-06-16 22:31:30.807904
dynamic_TF_carry/EUR_micro        2026-06-16 22:31:30.808112
dynamic_TF_carry/SHATZ            2026-06-16 22:31:30.808317
dynamic_TF_carry/FTSEVIET         2026-06-16 22:31:30.808522
dynamic_TF_carry/NICKEL_LME       2026-06-16 22:31:30.808726
dynamic_TF_carry/TIN_LME          2026-06-16 22:31:30.809138
dynamic_TF_carry/HEATOIL          2026-06-16 22:31:30.809343
dynamic_TF_carry/ROBUSTA          2026-06-16 22:31:30.809550
dynamic_TF_carry/BUXL             2026-06-16 22:31:30.809757
dynamic_TF_carry/BUND             2026-06-16 22:31:30.809963
dynamic_TF_carry/PLAT             2026-06-16 22:31:30.810169
dynamic_TF_carry/ALUMINIUM        2026-06-16 22:31:30.810375
dynamic_TF_carry/BITCOIN          2026-06-16 22:31:30.810580
dynamic_TF_carry/EU-DIV30         2026-06-16 22:31:30.810990
dynamic_TF_carry/GBPCHF           2026-06-16 22:31:30.811196
dynamic_TF_carry/GASOIL           2026-06-16 22:31:30.811402
dynamic_TF_carry/LEANHOG          2026-06-16 22:31:30.811608
dynamic_TF_carry/FTSECHINAA       2026-06-16 22:31:30.811814
dynamic_TF_carry/AUD_micro        2026-06-16 22:31:30.812021
dynamic_TF_carry/DOW              2026-06-16 22:31:30.812228
dynamic_TF_carry/CAD5             2026-06-16 22:31:30.812434
dynamic_TF_carry/EURIBOR-ICE      2026-06-16 22:31:30.812640
dynamic_TF_carry/US-INDUSTRY      2026-06-16 22:31:30.812846
dynamic_TF_carry/KRWUSD_mini      2026-06-16 22:31:30.813052
dynamic_TF_carry/MILKWET          2026-06-16 22:31:30.813258
dynamic_TF_carry/OMX              2026-06-16 22:31:30.813463
dynamic_TF_carry/RUSSELL          2026-06-16 22:31:30.813670
dynamic_TF_carry/AEX              2026-06-16 22:31:30.813877
dynamic_TF_carry/STEEL            2026-06-16 22:31:30.814084
dynamic_TF_carry/RUBBER           2026-06-16 22:31:30.814290
dynamic_TF_carry/SOYOIL           2026-06-16 22:31:30.814497
dynamic_TF_carry/CRUDE_W_mini     2026-06-16 22:31:30.814703
dynamic_TF_carry/KOSPI_mini       2026-06-16 22:31:30.814909
dynamic_TF_carry/EUA              2026-06-16 22:31:30.815115
dynamic_TF_carry/NOK              2026-06-16 22:31:30.815322
dynamic_TF_carry/COCOA_LDN        2026-06-16 22:31:30.815528
dynamic_TF_carry/MXP              2026-06-16 22:31:30.815734
dynamic_TF_carry/JP-REALESTATE    2026-06-16 22:31:30.815940
dynamic_TF_carry/TOPIX            2026-06-16 22:31:30.816148
dynamic_TF_carry/SOYBEAN_mini     2026-06-16 22:31:30.816355
dynamic_TF_carry/MSCISING         2026-06-16 22:31:30.816561
dynamic_TF_carry/EU-REALESTATE    2026-06-16 22:31:30.816766
dynamic_TF_carry/IG               2026-06-16 22:31:30.816972
dynamic_TF_carry/LEAD_LME         2026-06-16 22:31:30.817177
dynamic_TF_carry/PALLAD           2026-06-16 22:31:30.817381
dynamic_TF_carry/SUGAR_WHITE      2026-06-16 22:31:30.817587
dynamic_TF_carry/SUGAR16          2026-06-16 22:31:30.817792
dynamic_TF_carry/EU-TECH          2026-06-16 22:31:30.817999
dynamic_TF_carry/VIX              2026-06-16 22:31:30.818205
dynamic_TF_carry/EU-FOOD          2026-06-16 22:31:30.818410


=============================================================================================================================
                                                   Status of trade limits                                                    
=============================================================================================================================

                          period_days  trade_limit  trades_since_last_reset  trade_capacity_remaining   time_since_last_reset
NOSTRAT JPY                        30            5                      4.0                       1.0 11 days 12:54:05.784752
NOSTRAT CHF                        14            4                      3.0                       1.0 11 days 11:55:23.783097
NOSTRAT CHF                        30            4                      3.0                       1.0 11 days 11:55:23.783103
NOSTRAT GBP                        30            6                      4.0                       2.0 29 days 12:55:26.784352
NOSTRAT GASOILINE                  14            4                      2.0                       2.0 11 days 11:55:20.784268
NOSTRAT AEX                         1            4                      0.0                       4.0  0 days 00:00:00.000003
NOSTRAT LEAD_LME                    1            4                      0.0                       4.0  0 days 00:00:00.000002
NOSTRAT KRWUSD                     14            4                      0.0                       4.0  0 days 00:00:00.000002
NOSTRAT KRWUSD                      1            4                      0.0                       4.0  0 days 00:00:00.000002
NOSTRAT KR10                        1            4                      0.0                       4.0  0 days 00:00:00.000002
NOSTRAT KOSPI_mini                  1            4                      0.0                       4.0  0 days 00:00:00.000002
NOSTRAT KOSPI                      14            4                      0.0                       4.0  0 days 00:00:00.000003
NOSTRAT KOSPI                       1            4                      0.0                       4.0  0 days 00:00:00.000003
NOSTRAT KOSDAQ                      1            4                      0.0                       4.0  0 days 00:00:00.000002
NOSTRAT JPY_mini                   14            4                      0.0                       4.0  0 days 00:00:00.000002
NOSTRAT JPY_mini                    1            4                      0.0                       4.0  0 days 00:00:00.000002
NOSTRAT JPY                        14            8                      4.0                       4.0 11 days 12:54:05.784746
NOSTRAT JPY                         1            4                      0.0                       4.0  0 days 00:00:00.000003
NOSTRAT JP-REALESTATE              14            4                      0.0                       4.0  0 days 00:00:00.000003
NOSTRAT JP-REALESTATE               1            4                      0.0                       4.0  0 days 00:00:00.000002
NOSTRAT JGB-mini                    1            4                      0.0                       4.0  0 days 00:00:00.000002
NOSTRAT JGB-SGX-mini                1            4                      0.0                       4.0  0 days 00:00:00.000002
NOSTRAT JGB                        30            4                      0.0                       4.0  0 days 00:00:00.000002
NOSTRAT JGB                        14            4                      0.0                       4.0  0 days 00:00:00.000002
NOSTRAT JGB                         1            4                      0.0                       4.0  0 days 00:00:00.000002
NOSTRAT IRS                        14            4                      0.0                       4.0  0 days 00:00:00.000002
NOSTRAT IRS                         1            4                      0.0                       4.0  0 days 00:00:00.000002
NOSTRAT INR                        14            4                      0.0                       4.0  0 days 00:00:00.000002
NOSTRAT INR                         1            4                      0.0                       4.0  0 days 00:00:00.000002
NOSTRAT LEANHOG                     1            4                      0.0                       4.0  0 days 00:00:00.000002
NOSTRAT LIVECOW                     1            4                      0.0                       4.0  0 days 00:00:00.000002
NOSTRAT LIVECOW                    14            4                      0.0                       4.0  0 days 00:00:00.000002
NOSTRAT LUMBER-new                  1            4                      0.0                       4.0  0 days 00:00:00.000002
NOSTRAT NIKKEI400                   1            4                      0.0                       4.0  0 days 00:00:00.000002
NOSTRAT NIKKEI                      1            4                      0.0                       4.0  0 days 00:00:00.000002
NOSTRAT NICKEL_LME                 14            4                      0.0                       4.0  0 days 00:00:00.000002
NOSTRAT NICKEL_LME                  1            4                      0.0                       4.0  0 days 00:00:00.000002
NOSTRAT NASDAQ_micro                1            4                      0.0                       4.0  0 days 00:00:00.000002
NOSTRAT NASDAQ                     30            4                      0.0                       4.0  0 days 00:00:00.000002
NOSTRAT NASDAQ                     14            4                      0.0                       4.0  0 days 00:00:00.000002
NOSTRAT NASDAQ                      1            4                      0.0                       4.0  0 days 00:00:00.000002
NOSTRAT MSCIWORLD                   1            4                      0.0                       4.0  0 days 00:00:00.000002
NOSTRAT MSCITAIWAN                 14            4                      0.0                       4.0  0 days 00:00:00.000002
NOSTRAT MSCITAIWAN                  1            4                      0.0                       4.0  0 days 00:00:00.000002
NOSTRAT MSCISING                    1            4                      0.0                       4.0  0 days 00:00:00.000002
NOSTRAT IG                         14            4                      0.0                       4.0  0 days 00:00:00.000002
NOSTRAT MSCIEMASIA                 14            4                      0.0                       4.0  8 days 09:55:27.785053
NOSTRAT MSCIEAFA                   14            4                      0.0                       4.0  0 days 00:00:00.000002
NOSTRAT MSCIEAFA                    1            4                      0.0                       4.0  0 days 00:00:00.000002
NOSTRAT MSCIASIA                   14            4                      0.0                       4.0  0 days 00:00:00.000002
NOSTRAT MSCIASIA                    1            4                      0.0                       4.0  0 days 00:00:00.000002
NOSTRAT MILKWET                    14            4                      0.0                       4.0  0 days 00:00:00.000002
NOSTRAT MILKWET                     1            4                      0.0                       4.0  0 days 00:00:00.000002
NOSTRAT MILKDRY                    14            4                      0.0                       4.0  0 days 00:00:00.000002
NOSTRAT MILKDRY                     1            4                      0.0                       4.0  0 days 00:00:00.000002
NOSTRAT MILK                        1            4                      0.0                       4.0  0 days 00:00:00.000002
NOSTRAT MID-DAX                     1            4                      0.0                       4.0  0 days 00:00:00.000003
NOSTRAT MIB                        14            4                      0.0                       4.0  0 days 00:00:00.000003
NOSTRAT MIB                         1            4                      0.0                       4.0  0 days 00:00:00.000003
