
********************************************************************************
                   Status report produced on 18/03/2024 22:54                   
********************************************************************************



==========================================================================================================
                                             Delayed methods                                              
==========================================================================================================

                            process_name              last_start                last_end currently_running
strategy_allocation   run_capital_update 2024-03-15 01:00:09.894 2024-03-15 01:00:09.932             False
update_total_capital  run_capital_update 2024-03-15 19:00:05.138 2024-03-15 19:00:05.288             False
safe_stack_removal     run_stack_handler 2024-03-15 19:30:00.336 2024-03-15 19:30:00.356             False
backup_parquet               run_backups 2024-03-15 22:53:03.971 2024-03-15 22:54:35.711             False


===============================
 Delayed adjusted / FX prices  
===============================

                    last_update
SGX         2024-03-11 23:00:00
TWD         2024-03-11 23:00:01
CNH-onshore 2024-03-14 23:00:01
TWD-mini    2024-03-14 23:00:01

Delayed optimal positions: No delays

===============================================================================================================
                                          Instruments at trade limit                                           
===============================================================================================================

             period_days  trade_limit  trades_since_last_reset  trade_capacity_remaining  time_since_last_reset
 GOLD_micro            1            4                      4.0                       0.0 0 days 08:54:10.919702


===========================================
       Instruments at position limit       
===========================================

            keys  position pos_limit  spare
0        EU-CHEM         0       0.0    0.0
92           CZK         0       0.0    0.0
91        YENEUR         1       1.0    0.0
90        KRWUSD         0       0.0    0.0
86           BRE         0       0.0    0.0
76           CHF        -1       1.0    0.0
75           AEX         0       0.0    0.0
74       HEATOIL         0       0.0    0.0
94        COTTON         0       0.0    0.0
70           IRS         0       0.0    0.0
60           OMX         0       0.0    0.0
59          US30         0       0.0    0.0
57   CNH-onshore         0       0.0    0.0
52       ETHANOL         0       0.0    0.0
48   COPPER-mini         0       0.0    0.0
44          VNKI         0       0.0    0.0
42     US-ENERGY         0       0.0    0.0
65       MILKDRY         0       0.0    0.0
41       MILKWET         0       0.0    0.0
95        COPPER         0       0.0    0.0
104      CRUDE_W         0       0.0    0.0
151     ETHEREUM         0       0.0    0.0
150       CHEESE         0       0.0    0.0
149         CH10         0       0.0    0.0
148   BRENT-LAST         0       0.0    0.0
147       GAS_US         0       0.0    0.0
141       PALLAD         0       0.0    0.0
140     EU-MEDIA         0       0.0    0.0
100          NOK         0       0.0    0.0
136        SP500         0       0.0    0.0
134      US-TECH         0       0.0    0.0
128         BUXL         0       0.0    0.0
127       NIKKEI         4       4.0    0.0
126      EURIBOR         0       0.0    0.0
120  US-DISCRETE         0       0.0    0.0
119         GOLD         0       0.0    0.0
114       BUTTER         0       0.0    0.0
135          RUR         0       0.0    0.0
40     GASOILINE         0       0.0    0.0
78       BOVESPA         0       0.0    0.0
2            SGX         0       0.0    0.0
18   US-MATERIAL         0       0.0    0.0
13           SEK         0       0.0    0.0
12         SP400         0       0.0    0.0
11   US-INDUSTRY         0       0.0    0.0
14           JGB         0       0.0    0.0
5       GAS-LAST         0       0.0    0.0
7     US-FINANCE         0       0.0    0.0
22     US-HEALTH         0       0.0    0.0
6       EU-HOUSE         0       0.0    0.0
35        NASDAQ         0       0.0    0.0
10           CLP         0       0.0    0.0
23   GAS_US_mini        -1       1.0    0.0


======================================================
       Overrides in database consider deleting        
======================================================

                                              override
SPI200        Override Reduce only because in database
VIX_mini      Override Reduce only because in database
VNKI          Override Reduce only because in database
OATIES        Override Reduce only because in database
MILKWET       Override Reduce only because in database
RICE          Override Reduce only because in database
CRUDE_W_mini  Override Reduce only because in database
INR           Override Reduce only because in database
FTSEINDO      Override Reduce only because in database
GAS_US_mini   Override Reduce only because in database
FTSECHINAH    Override Reduce only because in database
BRE           Override Reduce only because in database
HIGHYIELD     Override Reduce only because in database
LUMBER-new    Override Reduce only because in database
BUTTER        Override Reduce only because in database
COPPER-micro  Override Reduce only because in database
STEEL         Override Reduce only because in database
MSCISING      Override Reduce only because in database
COAL          Override Reduce only because in database
CHEESE        Override Reduce only because in database
HANG          Override Reduce only because in database
GAS-LAST      Override Reduce only because in database
WHEY          Override Reduce only because in database
CLP           Override Reduce only because in database
MSCITAIWAN    Override Reduce only because in database
SGX           Override Reduce only because in database
HANGENT       Override Reduce only because in database
IG            Override Reduce only because in database
FTSEVIET      Override Reduce only because in database
COPPER-mini   Override Reduce only because in database

Locked instruments (position mismatch): []

==============================================
Status of adjusted price / FX price collection
==============================================

                         last_update
SGX              2024-03-11 23:00:00
TWD              2024-03-11 23:00:01
CNH-onshore      2024-03-14 23:00:01
TWD-mini         2024-03-14 23:00:01
NICKEL_LME       2024-03-15 23:00:00
ETHANOL          2024-03-15 23:00:00
RUR              2024-03-15 23:00:00
SUGAR16          2024-03-15 23:00:00
GBPCHF           2024-03-15 23:00:00
GASOILINE_micro  2024-03-15 23:00:00
CHF*             2024-03-15 23:00:00
TIN_LME          2024-03-15 23:00:00
BOVESPA          2024-03-15 23:00:00
KRWUSD           2024-03-15 23:00:00
CHFJPY           2024-03-15 23:00:00
BB3M             2024-03-15 23:00:00
CLP              2024-03-15 23:00:00
CZK              2024-03-15 23:00:00
HOUSE-US         2024-03-15 23:00:00
OMX              2024-03-15 23:00:00
COTTON           2024-03-15 23:00:00
LEAD_LME         2024-03-15 23:00:00
HANG_mini        2024-03-18 03:00:00
SGD              2024-03-18 03:00:00
HANGTECH         2024-03-18 03:00:00
HANGENT_mini     2024-03-18 03:00:00
HANGENT          2024-03-18 03:00:00
FTSEVIET         2024-03-18 03:00:00
HANG             2024-03-18 03:00:00
MSCITAIWAN       2024-03-18 04:00:00
SGD_mini         2024-03-18 04:00:00
CHINAA-CON       2024-03-18 04:00:00
VNKI             2024-03-18 04:00:00
SPI200           2024-03-18 04:00:00
JGB-mini         2024-03-18 04:00:00
JGB-SGX-mini     2024-03-18 04:00:00
KR3              2024-03-18 05:00:00
KR10             2024-03-18 05:00:00
KRWUSD_mini      2024-03-18 05:00:00
KOSPI_mini       2024-03-18 05:00:00
MSCISING         2024-03-18 05:00:00
JGB              2024-03-18 05:00:00
KOSPI            2024-03-18 05:00:00
MUMMY            2024-03-18 05:00:00
JP-REALESTATE    2024-03-18 05:00:00
NIKKEI*          2024-03-18 05:00:00
KOSDAQ           2024-03-18 05:00:00
NIKKEI400        2024-03-18 05:00:00
IRON             2024-03-18 05:00:00
FTSETAIWAN       2024-03-18 05:00:00
FTSEINDO         2024-03-18 05:00:00
CNH              2024-03-18 05:00:00
FTSECHINAH       2024-03-18 05:00:00
RUBBER           2024-03-18 05:00:00
TOPIX            2024-03-18 05:00:00
FTSECHINAA       2024-03-18 05:00:00
MSCIWORLD        2024-03-18 07:00:00
EURIBOR          2024-03-18 08:00:00
SWISSLEAD        2024-03-18 08:00:00
AEX_mini         2024-03-18 09:00:00
EPRA-EUROPE      2024-03-18 09:00:00
EU-MID           2024-03-18 09:00:00
COAL-GEORDIE     2024-03-18 09:00:00
EU-DJ-TECH       2024-03-18 10:00:00
EU-DJ-UTIL       2024-03-18 11:00:00
EU-CONSTRUCTION  2024-03-18 11:00:00
IG               2024-03-18 11:00:00
SMI-MID          2024-03-18 13:00:00
IRS              2024-03-18 13:30:00
EUROSTX-SMALL    2024-03-18 14:00:00
EUROSTX-LARGE    2024-03-18 14:00:00
EU-RETAIL        2024-03-18 14:00:00
EU-HOUSE         2024-03-18 14:00:00
EU-HEALTH        2024-03-18 14:00:00
HIGHYIELD        2024-03-18 14:00:00
MSCIASIA         2024-03-18 14:00:00
EU-DJ-OIL        2024-03-18 14:00:00
GAS-PEN          2024-03-18 14:00:00
WHEAT_ICE        2024-03-18 14:00:00
GASOILINE_ICE    2024-03-18 15:00:00
ZINC_LME         2024-03-18 15:00:00
ALUMINIUM_LME    2024-03-18 15:00:00
BONO             2024-03-18 15:00:00
FTSE250          2024-03-18 15:00:00
FTSE100          2024-03-18 15:00:00
BRENT_W          2024-03-18 15:00:00
SUGAR_WHITE      2024-03-18 15:00:00
GILT             2024-03-18 15:00:00
SONIA3           2024-03-18 15:00:00
SARONA           2024-03-18 15:00:00
EU-DJ-TELECOM    2024-03-18 15:00:00
HEATOIL-ICE      2024-03-18 15:00:00
CH10             2024-03-18 15:00:00
ROBUSTA          2024-03-18 15:00:00
EU-DIV30         2024-03-18 15:00:00
MIB              2024-03-18 15:00:00
MILLWHEAT        2024-03-18 15:00:00
EU-REALESTATE    2024-03-18 15:00:00
CRUDE_ICE        2024-03-18 15:00:00
COPPER_LME       2024-03-18 15:00:00
COAL             2024-03-18 15:00:00
GASOIL           2024-03-18 15:00:00
IBEX_mini        2024-03-18 15:00:00
IBEX             2024-03-18 15:00:00
COCOA_LDN        2024-03-18 15:00:00
EUA              2024-03-18 15:00:00
R1000            2024-03-18 16:00:00
SUGAR11          2024-03-18 16:00:00
MSCIEMASIA       2024-03-18 16:00:00
V2X              2024-03-18 16:00:00
SMI              2024-03-18 16:00:00
SHATZ            2024-03-18 16:00:00
OAT              2024-03-18 16:00:00
AEX              2024-03-18 16:00:00
EURIBOR-ICE      2024-03-18 16:00:00
EU-TECH          2024-03-18 16:00:00
EU-TRAVEL        2024-03-18 16:00:00
EU-UTILS         2024-03-18 16:00:00
EU-INSURE        2024-03-18 16:00:00
EURAUD           2024-03-18 16:00:00
EU-FOOD          2024-03-18 16:00:00
EURO600          2024-03-18 16:00:00
EUROSTX          2024-03-18 16:00:00
EU-CHEM          2024-03-18 16:00:00
EUROSTX200-LARGE 2024-03-18 16:00:00
EU-OIL           2024-03-18 16:00:00
AUDJPY           2024-03-18 16:00:00
EU-MEDIA         2024-03-18 16:00:00
DJSTX-SMALL      2024-03-18 16:00:00
DAX              2024-03-18 16:00:00
BOBL*            2024-03-18 16:00:00
EU-BANKS         2024-03-18 16:00:00
BTP              2024-03-18 16:00:00
EU-AUTO          2024-03-18 16:00:00
BTP3             2024-03-18 16:00:00
BUND             2024-03-18 16:00:00
EU-BASIC         2024-03-18 16:00:00
BUXL             2024-03-18 16:00:00
CAC              2024-03-18 16:00:00
COFFEE           2024-03-18 17:00:00
EURCAD           2024-03-18 17:00:00
OJ               2024-03-18 17:00:00
COCOA*           2024-03-18 17:00:00
PLN              2024-03-18 17:00:00
US-PROPERTY      2024-03-18 18:00:00
COTTON2          2024-03-18 18:00:00
REDWHEAT         2024-03-18 18:00:00
CORN*            2024-03-18 18:00:00
OATIES           2024-03-18 18:00:00
MILKWET          2024-03-18 18:00:00
BBCOMM           2024-03-18 18:00:00
RICE             2024-03-18 18:00:00
CANOLA           2024-03-18 18:00:00
SOYBEAN          2024-03-18 18:00:00
SOYBEAN_mini     2024-03-18 18:00:00
SOYMEAL          2024-03-18 18:00:00
CORN_mini        2024-03-18 18:00:00
SOYOIL           2024-03-18 18:00:00
MILKDRY          2024-03-18 18:00:00
GBPJPY           2024-03-18 18:00:00
FEEDCOW          2024-03-18 18:00:00
LEANHOG          2024-03-18 18:00:00
ALUMINIUM        2024-03-18 18:00:00
WHEAT_mini       2024-03-18 18:00:00
GOLD-mini        2024-03-18 18:00:00
WHEAT            2024-03-18 18:00:00
LIVECOW*         2024-03-18 18:00:00
STEEL            2024-03-18 19:00:00
CAD10            2024-03-18 19:00:00
GBPEUR           2024-03-18 19:00:00
US-ENERGY        2024-03-18 19:00:00
US-DISCRETE      2024-03-18 19:00:00
US-HEALTH        2024-03-18 19:00:00
WHEY             2024-03-18 19:00:00
FANG             2024-03-18 19:00:00
CHEESE           2024-03-18 19:00:00
CAD5             2024-03-18 19:00:00
NOK              2024-03-18 19:00:00
BRENT-LAST       2024-03-18 19:00:00
GICS             2024-03-18 19:00:00
INR              2024-03-18 19:00:00
US-INDUSTRY      2024-03-18 19:00:00
US-MATERIAL      2024-03-18 19:00:00
YENEUR*          2024-03-18 19:00:00
US-STAPLES       2024-03-18 19:00:00
US-TECH          2024-03-18 19:00:00
ETHEREUM         2024-03-18 19:00:00
US-UTILS         2024-03-18 19:00:00
ETHER-micro      2024-03-18 19:00:00
GAS_US_mini*     2024-03-18 19:00:00
MILK             2024-03-18 19:00:00
COPPER-mini      2024-03-18 19:00:00
SP500_micro      2024-03-18 20:00:00
ZAR              2024-03-18 20:00:00
BUTTER           2024-03-18 20:00:00
US2*             2024-03-18 20:00:00
BITCOIN*         2024-03-18 20:00:00
AUD              2024-03-18 20:00:00
VIX_mini         2024-03-18 20:00:00
VIX              2024-03-18 20:00:00
AUD_micro        2024-03-18 20:00:00
US-FINANCE       2024-03-18 20:00:00
US5              2024-03-18 20:00:00
US30             2024-03-18 20:00:00
US3*             2024-03-18 20:00:00
US-REALESTATE    2024-03-18 20:00:00
US10             2024-03-18 20:00:00
US20             2024-03-18 20:00:00
US10U            2024-03-18 20:00:00
BRE              2024-03-18 20:00:00
SP500            2024-03-18 20:00:00
GAS-LAST         2024-03-18 20:00:00
SOFR             2024-03-18 20:00:00
DOW              2024-03-18 20:00:00
DOW_mini         2024-03-18 20:00:00
LUMBER-new       2024-03-18 20:00:00
SP400            2024-03-18 20:00:00
JPY_mini         2024-03-18 20:00:00
JPY*             2024-03-18 20:00:00
EUR              2024-03-18 20:00:00
EURCHF           2024-03-18 20:00:00
HEATOIL          2024-03-18 20:00:00
EUR_micro        2024-03-18 20:00:00
EUR_mini         2024-03-18 20:00:00
GOLD_micro*      2024-03-18 20:00:00
GOLD             2024-03-18 20:00:00
GBP_micro        2024-03-18 20:00:00
FED              2024-03-18 20:00:00
GBP              2024-03-18 20:00:00
GAS_US           2024-03-18 20:00:00
MSCIEAFA         2024-03-18 20:00:00
CRUDE_W_mini     2024-03-18 20:00:00
DX               2024-03-18 20:00:00
CRUDE_W          2024-03-18 20:00:00
CAD              2024-03-18 20:00:00
SILVER           2024-03-18 20:00:00
CAD2             2024-03-18 20:00:00
CRUDE_W_micro*   2024-03-18 20:00:00
SEK              2024-03-18 20:00:00
RUSSELL_mini     2024-03-18 20:00:00
RUSSELL          2024-03-18 20:00:00
CHF_micro        2024-03-18 20:00:00
CAD_micro        2024-03-18 20:00:00
PLAT             2024-03-18 20:00:00
PALLAD           2024-03-18 20:00:00
COPPER           2024-03-18 20:00:00
COPPER-micro     2024-03-18 20:00:00
NZD              2024-03-18 20:00:00
NASDAQ_micro     2024-03-18 20:00:00
NASDAQ           2024-03-18 20:00:00
MXP*             2024-03-18 20:00:00
GASOILINE        2024-03-18 20:00:00
CADUSD           2024-03-18 23:00:00
JPYUSD           2024-03-18 23:00:00
CNHUSD           2024-03-18 23:00:00
AUDUSD           2024-03-18 23:00:00
KRWUSD           2024-03-18 23:00:00
GBPUSD           2024-03-18 23:00:00
EURUSD           2024-03-18 23:00:00
MXPUSD           2024-03-18 23:00:00
SGDUSD           2024-03-18 23:00:00
HKDUSD           2024-03-18 23:00:00
CHFUSD           2024-03-18 23:00:00
SEKUSD           2024-03-18 23:00:00


============================================================
           Status of optimal position generation            
============================================================

                                                 last_update
dynamic_TF_carry/FANG             2024-03-18 22:31:25.075610
dynamic_TF_carry/BTP              2024-03-18 22:31:25.075837
dynamic_TF_carry/SOYBEAN          2024-03-18 22:31:25.076052
dynamic_TF_carry/US-MATERIAL      2024-03-18 22:31:25.076262
dynamic_TF_carry/MILLWHEAT        2024-03-18 22:31:25.076471
dynamic_TF_carry/CH10             2024-03-18 22:31:25.076887
dynamic_TF_carry/EU-MID           2024-03-18 22:31:25.077094
dynamic_TF_carry/US-TECH          2024-03-18 22:31:25.077305
dynamic_TF_carry/COPPER_LME       2024-03-18 22:31:25.077514
dynamic_TF_carry/OJ               2024-03-18 22:31:25.077722
dynamic_TF_carry/CORN             2024-03-18 22:31:25.077929
dynamic_TF_carry/EU-INSURE        2024-03-18 22:31:25.078136
dynamic_TF_carry/SOFR             2024-03-18 22:31:25.078343
dynamic_TF_carry/GILT             2024-03-18 22:31:25.078551
dynamic_TF_carry/BRENT-LAST       2024-03-18 22:31:25.078757
dynamic_TF_carry/SGX              2024-03-18 22:31:25.078964
dynamic_TF_carry/AUD              2024-03-18 22:31:25.079170
dynamic_TF_carry/COAL             2024-03-18 22:31:25.079376
dynamic_TF_carry/BB3M             2024-03-18 22:31:25.079583
dynamic_TF_carry/MILKWET          2024-03-18 22:31:25.079789
dynamic_TF_carry/NZD              2024-03-18 22:31:25.079995
dynamic_TF_carry/NIKKEI400        2024-03-18 22:31:25.080201
dynamic_TF_carry/HEATOIL          2024-03-18 22:31:25.080408
dynamic_TF_carry/PLN              2024-03-18 22:31:25.080613
dynamic_TF_carry/ETHEREUM         2024-03-18 22:31:25.080818
dynamic_TF_carry/MSCIASIA         2024-03-18 22:31:25.081025
dynamic_TF_carry/SPI200           2024-03-18 22:31:25.081235
dynamic_TF_carry/REDWHEAT         2024-03-18 22:31:25.081439
dynamic_TF_carry/YENEUR           2024-03-18 22:31:25.081646
dynamic_TF_carry/OAT              2024-03-18 22:31:25.081851
dynamic_TF_carry/FED              2024-03-18 22:31:25.082262
dynamic_TF_carry/KRWUSD           2024-03-18 22:31:25.082468
dynamic_TF_carry/SONIA3           2024-03-18 22:31:25.082674
dynamic_TF_carry/US-PROPERTY      2024-03-18 22:31:25.082879
dynamic_TF_carry/ZINC_LME         2024-03-18 22:31:25.083086
dynamic_TF_carry/BRE              2024-03-18 22:31:25.083291
dynamic_TF_carry/EURIBOR          2024-03-18 22:31:25.083498
dynamic_TF_carry/SHATZ            2024-03-18 22:31:25.083703
dynamic_TF_carry/BTP3             2024-03-18 22:31:25.083908
dynamic_TF_carry/LEAD_LME         2024-03-18 22:31:25.084113
dynamic_TF_carry/TIN_LME          2024-03-18 22:31:25.084319
dynamic_TF_carry/CAD5             2024-03-18 22:31:25.084523
dynamic_TF_carry/NICKEL_LME       2024-03-18 22:31:25.084729
dynamic_TF_carry/DOW              2024-03-18 22:31:25.084935
dynamic_TF_carry/PLAT             2024-03-18 22:31:25.085142
dynamic_TF_carry/US2              2024-03-18 22:31:25.085351
dynamic_TF_carry/GASOILINE        2024-03-18 22:31:25.085556
dynamic_TF_carry/JP-REALESTATE    2024-03-18 22:31:25.085762
dynamic_TF_carry/EU-REALESTATE    2024-03-18 22:31:25.085967
dynamic_TF_carry/EU-HOUSE         2024-03-18 22:31:25.086173
dynamic_TF_carry/JPY              2024-03-18 22:31:25.086381
dynamic_TF_carry/EURCHF           2024-03-18 22:31:25.086587
dynamic_TF_carry/MSCIEMASIA       2024-03-18 22:31:25.086795
dynamic_TF_carry/WHEY             2024-03-18 22:31:25.087000
dynamic_TF_carry/AEX              2024-03-18 22:31:25.087206
dynamic_TF_carry/GBP              2024-03-18 22:31:25.087413
dynamic_TF_carry/US3              2024-03-18 22:31:25.087619
dynamic_TF_carry/HIGHYIELD        2024-03-18 22:31:25.087824
dynamic_TF_carry/BOBL             2024-03-18 22:31:25.088031
dynamic_TF_carry/AUDJPY           2024-03-18 22:31:25.088237
dynamic_TF_carry/US20             2024-03-18 22:31:25.088444
dynamic_TF_carry/EU-DIV30         2024-03-18 22:31:25.088649
dynamic_TF_carry/FTSE100          2024-03-18 22:31:25.088855
dynamic_TF_carry/SUGAR_WHITE      2024-03-18 22:31:25.089061
dynamic_TF_carry/GAS_US_mini      2024-03-18 22:31:25.089480
dynamic_TF_carry/SILVER           2024-03-18 22:31:25.089893
dynamic_TF_carry/FTSETAIWAN       2024-03-18 22:31:25.090098
dynamic_TF_carry/V2X              2024-03-18 22:31:25.090305
dynamic_TF_carry/INR              2024-03-18 22:31:25.090510
dynamic_TF_carry/R1000            2024-03-18 22:31:25.090716
dynamic_TF_carry/EURAUD           2024-03-18 22:31:25.090921
dynamic_TF_carry/CRUDE_W_mini     2024-03-18 22:31:25.091127
dynamic_TF_carry/EUA              2024-03-18 22:31:25.091333
dynamic_TF_carry/US30             2024-03-18 22:31:25.091540
dynamic_TF_carry/IRON             2024-03-18 22:31:25.091746
dynamic_TF_carry/EUR              2024-03-18 22:31:25.091952
dynamic_TF_carry/LUMBER-new       2024-03-18 22:31:25.092158
dynamic_TF_carry/CNH              2024-03-18 22:31:25.092363
dynamic_TF_carry/DAX              2024-03-18 22:31:25.092570
dynamic_TF_carry/SARONA           2024-03-18 22:31:25.092776
dynamic_TF_carry/PALLAD           2024-03-18 22:31:25.092982
dynamic_TF_carry/CAD10            2024-03-18 22:31:25.093193
dynamic_TF_carry/BRENT_W          2024-03-18 22:31:25.093399
dynamic_TF_carry/EU-BANKS         2024-03-18 22:31:25.093607
dynamic_TF_carry/EU-RETAIL        2024-03-18 22:31:25.093814
dynamic_TF_carry/RICE             2024-03-18 22:31:25.094020
dynamic_TF_carry/OATIES           2024-03-18 22:31:25.094227
dynamic_TF_carry/EU-BASIC         2024-03-18 22:31:25.094434
dynamic_TF_carry/US-UTILS         2024-03-18 22:31:25.094641
dynamic_TF_carry/US-FINANCE       2024-03-18 22:31:25.094846
dynamic_TF_carry/FTSEINDO         2024-03-18 22:31:25.095052
dynamic_TF_carry/MILK             2024-03-18 22:31:25.095258
dynamic_TF_carry/SP400            2024-03-18 22:31:25.095465
dynamic_TF_carry/GAS-LAST         2024-03-18 22:31:25.095672
dynamic_TF_carry/CANOLA           2024-03-18 22:31:25.095879
dynamic_TF_carry/CAD              2024-03-18 22:31:25.096085
dynamic_TF_carry/BBCOMM           2024-03-18 22:31:25.096291
dynamic_TF_carry/KR10             2024-03-18 22:31:25.096496
dynamic_TF_carry/NOK              2024-03-18 22:31:25.096703
dynamic_TF_carry/SOYMEAL          2024-03-18 22:31:25.096909
dynamic_TF_carry/HANGENT_mini     2024-03-18 22:31:25.097116
dynamic_TF_carry/CHFJPY           2024-03-18 22:31:25.097327
dynamic_TF_carry/FEEDCOW          2024-03-18 22:31:25.097533
dynamic_TF_carry/MSCIEAFA         2024-03-18 22:31:25.097740
dynamic_TF_carry/US-DISCRETE      2024-03-18 22:31:25.097947
dynamic_TF_carry/RUSSELL          2024-03-18 22:31:25.098154
dynamic_TF_carry/NASDAQ_micro     2024-03-18 22:31:25.098362
dynamic_TF_carry/LEANHOG          2024-03-18 22:31:25.098569
dynamic_TF_carry/BONO             2024-03-18 22:31:25.098776
dynamic_TF_carry/VNKI             2024-03-18 22:31:25.098983
dynamic_TF_carry/JGB              2024-03-18 22:31:25.099188
dynamic_TF_carry/COCOA            2024-03-18 22:31:25.099395
dynamic_TF_carry/AUD_micro        2024-03-18 22:31:25.099602
dynamic_TF_carry/KR3              2024-03-18 22:31:25.099811
dynamic_TF_carry/EU-TECH          2024-03-18 22:31:25.100018
dynamic_TF_carry/CZK              2024-03-18 22:31:25.100226
dynamic_TF_carry/RUBBER           2024-03-18 22:31:25.100434
dynamic_TF_carry/EUROSTX-SMALL    2024-03-18 22:31:25.100642
dynamic_TF_carry/EUROSTX200-LARGE 2024-03-18 22:31:25.100847
dynamic_TF_carry/GOLD_micro       2024-03-18 22:31:25.101054
dynamic_TF_carry/EU-DJ-UTIL       2024-03-18 22:31:25.101275
dynamic_TF_carry/FTSECHINAA       2024-03-18 22:31:25.101482
dynamic_TF_carry/US-REALESTATE    2024-03-18 22:31:25.101689
dynamic_TF_carry/WHEAT            2024-03-18 22:31:25.101896
dynamic_TF_carry/EURIBOR-ICE      2024-03-18 22:31:25.102102
dynamic_TF_carry/WHEAT_ICE        2024-03-18 22:31:25.102310
dynamic_TF_carry/ZAR              2024-03-18 22:31:25.102515
dynamic_TF_carry/LIVECOW          2024-03-18 22:31:25.102723
dynamic_TF_carry/SUGAR16          2024-03-18 22:31:25.102930
dynamic_TF_carry/BITCOIN          2024-03-18 22:31:25.103136
dynamic_TF_carry/VIX              2024-03-18 22:31:25.103343
dynamic_TF_carry/CAC              2024-03-18 22:31:25.103756
dynamic_TF_carry/COTTON           2024-03-18 22:31:25.103962
dynamic_TF_carry/KOSPI            2024-03-18 22:31:25.104169
dynamic_TF_carry/KRWUSD_mini      2024-03-18 22:31:25.104376
dynamic_TF_carry/COTTON2          2024-03-18 22:31:25.104582
dynamic_TF_carry/SOYOIL           2024-03-18 22:31:25.104789
dynamic_TF_carry/HOUSE-US         2024-03-18 22:31:25.104996
dynamic_TF_carry/EPRA-EUROPE      2024-03-18 22:31:25.105206
dynamic_TF_carry/US-STAPLES       2024-03-18 22:31:25.105413
dynamic_TF_carry/SOYBEAN_mini     2024-03-18 22:31:25.105621
dynamic_TF_carry/FTSEVIET         2024-03-18 22:31:25.105829
dynamic_TF_carry/US-ENERGY        2024-03-18 22:31:25.106035
dynamic_TF_carry/ETHANOL          2024-03-18 22:31:25.106242
dynamic_TF_carry/US10             2024-03-18 22:31:25.106450
dynamic_TF_carry/DX               2024-03-18 22:31:25.106659
dynamic_TF_carry/MUMMY            2024-03-18 22:31:25.106868
dynamic_TF_carry/BUTTER           2024-03-18 22:31:25.107076
dynamic_TF_carry/ROBUSTA          2024-03-18 22:31:25.107283
dynamic_TF_carry/NIKKEI           2024-03-18 22:31:25.107492
dynamic_TF_carry/US5              2024-03-18 22:31:25.107700
dynamic_TF_carry/EUROSTX          2024-03-18 22:31:25.107908
dynamic_TF_carry/TOPIX            2024-03-18 22:31:25.108115
dynamic_TF_carry/COCOA_LDN        2024-03-18 22:31:25.108321
dynamic_TF_carry/EU-CONSTRUCTION  2024-03-18 22:31:25.108529
dynamic_TF_carry/BUXL             2024-03-18 22:31:25.108737
dynamic_TF_carry/HANGTECH         2024-03-18 22:31:25.108944
dynamic_TF_carry/IBEX_mini        2024-03-18 22:31:25.109153
dynamic_TF_carry/EURO600          2024-03-18 22:31:25.109361
dynamic_TF_carry/EU-FOOD          2024-03-18 22:31:25.109569
dynamic_TF_carry/OMX              2024-03-18 22:31:25.109984
dynamic_TF_carry/SGD              2024-03-18 22:31:25.110190
dynamic_TF_carry/EUROSTX-LARGE    2024-03-18 22:31:25.110397
dynamic_TF_carry/US10U            2024-03-18 22:31:25.110605
dynamic_TF_carry/JGB-SGX-mini     2024-03-18 22:31:25.110812
dynamic_TF_carry/MSCISING         2024-03-18 22:31:25.111019
dynamic_TF_carry/GBPCHF           2024-03-18 22:31:25.111227
dynamic_TF_carry/GBPEUR           2024-03-18 22:31:25.111433
dynamic_TF_carry/SEK              2024-03-18 22:31:25.111642
dynamic_TF_carry/EU-CHEM          2024-03-18 22:31:25.111848
dynamic_TF_carry/SWISSLEAD        2024-03-18 22:31:25.112055
dynamic_TF_carry/SUGAR11          2024-03-18 22:31:25.112262
dynamic_TF_carry/CRUDE_ICE        2024-03-18 22:31:25.112470
dynamic_TF_carry/EU-HEALTH        2024-03-18 22:31:25.112678
dynamic_TF_carry/TWD              2024-03-18 22:31:25.112886
dynamic_TF_carry/IG               2024-03-18 22:31:25.113094
dynamic_TF_carry/MILKDRY          2024-03-18 22:31:25.113304
dynamic_TF_carry/CHEESE           2024-03-18 22:31:25.113513
dynamic_TF_carry/STEEL            2024-03-18 22:31:25.113721
dynamic_TF_carry/EUR_micro        2024-03-18 22:31:25.113930
dynamic_TF_carry/SMI-MID          2024-03-18 22:31:25.114136
dynamic_TF_carry/FTSE250          2024-03-18 22:31:25.114343
dynamic_TF_carry/EU-MEDIA         2024-03-18 22:31:25.114550
dynamic_TF_carry/FTSECHINAH       2024-03-18 22:31:25.114756
dynamic_TF_carry/DJSTX-SMALL      2024-03-18 22:31:25.114962
dynamic_TF_carry/CHINAA-CON       2024-03-18 22:31:25.115167
dynamic_TF_carry/GICS             2024-03-18 22:31:25.115375
dynamic_TF_carry/COPPER           2024-03-18 22:31:25.115581
dynamic_TF_carry/COAL-GEORDIE     2024-03-18 22:31:25.115788
dynamic_TF_carry/COFFEE           2024-03-18 22:31:25.115993
dynamic_TF_carry/EU-DJ-TELECOM    2024-03-18 22:31:25.116200
dynamic_TF_carry/BOVESPA          2024-03-18 22:31:25.116407
dynamic_TF_carry/RUR              2024-03-18 22:31:25.116613
dynamic_TF_carry/MSCIWORLD        2024-03-18 22:31:25.116820
dynamic_TF_carry/BUND             2024-03-18 22:31:25.117026
dynamic_TF_carry/EU-AUTO          2024-03-18 22:31:25.117236
dynamic_TF_carry/SP500_micro      2024-03-18 22:31:25.117445
dynamic_TF_carry/GBPJPY           2024-03-18 22:31:25.117652
dynamic_TF_carry/MSCITAIWAN       2024-03-18 22:31:25.117859
dynamic_TF_carry/EU-UTILS         2024-03-18 22:31:25.118065
dynamic_TF_carry/CRUDE_W_micro    2024-03-18 22:31:25.118271
dynamic_TF_carry/EU-TRAVEL        2024-03-18 22:31:25.118479
dynamic_TF_carry/SMI              2024-03-18 22:31:25.118685
dynamic_TF_carry/US-HEALTH        2024-03-18 22:31:25.118892
dynamic_TF_carry/CLP              2024-03-18 22:31:25.119101
dynamic_TF_carry/ALUMINIUM        2024-03-18 22:31:25.119308
dynamic_TF_carry/EU-OIL           2024-03-18 22:31:25.119514
dynamic_TF_carry/MXP              2024-03-18 22:31:25.119721
dynamic_TF_carry/CHF              2024-03-18 22:31:25.119929
dynamic_TF_carry/IRS              2024-03-18 22:31:25.120344
dynamic_TF_carry/GAS-PEN          2024-03-18 22:31:25.120549
dynamic_TF_carry/HANG_mini        2024-03-18 22:31:25.120757
dynamic_TF_carry/US-INDUSTRY      2024-03-18 22:31:25.120964
dynamic_TF_carry/KOSDAQ           2024-03-18 22:31:25.121174
dynamic_TF_carry/EURCAD           2024-03-18 22:31:25.121383
dynamic_TF_carry/MIB              2024-03-18 22:31:25.121590
dynamic_TF_carry/COPPER-micro     2024-03-18 22:31:25.121798
dynamic_TF_carry/CAD2             2024-03-18 22:31:25.122006
dynamic_TF_carry/KOSPI_mini       2024-03-18 22:31:25.122214
dynamic_TF_carry/GASOIL           2024-03-18 22:31:25.122422


======================================================================================================================
                                                Status of trade limits                                                
======================================================================================================================

                   period_days  trade_limit  trades_since_last_reset  trade_capacity_remaining   time_since_last_reset
 GOLD_micro                  1            4                      4.0                       0.0  0 days 08:54:42.274949
 BOBL                       14            4                      2.0                       2.0 13 days 13:24:03.948212
 YENEUR                     30            4                      1.0                       3.0 13 days 07:54:45.454092
 JPY                        14            4                      1.0                       3.0 13 days 07:54:47.690249
 YENEUR                     14            4                      1.0                       3.0 13 days 07:54:45.455815
 EU-MEDIA                    1            4                      0.0                       4.0  0 days 00:00:00.000002
 EU-HOUSE                    1            4                      0.0                       4.0  0 days 00:00:00.000001
 EU-DJ-UTIL                  1            4                      0.0                       4.0  0 days 00:00:00.000001
 EU-DJ-TELECOM               1            4                      0.0                       4.0  0 days 00:00:00.000001
 EU-DJ-TECH                  1            4                      0.0                       4.0  0 days 00:00:00.000001
 EU-DJ-OIL                   1            4                      0.0                       4.0  0 days 00:00:00.000001
 EU-CONSTRUCTION             1            4                      0.0                       4.0  0 days 00:00:00.000001
 BEL20                       1            4                      0.0                       4.0  0 days 00:00:00.000002
 EU-MID                      1            4                      0.0                       4.0  0 days 00:00:00.000002
 CZK                         1            4                      0.0                       4.0  0 days 00:00:00.000001
 COTTON                      1            4                      0.0                       4.0  0 days 00:00:00.000001
 COPPER-mini                 1            4                      0.0                       4.0  0 days 00:00:00.000001
 CNH-onshore                 1            4                      0.0                       4.0  0 days 00:00:00.000001
 CLP                         1            4                      0.0                       4.0  0 days 00:00:00.000001
 CH10                        1            4                      0.0                       4.0  0 days 00:00:00.000002
 BUTTER                      1            4                      0.0                       4.0  0 days 00:00:00.000002
 BOVESPA                     1            4                      0.0                       4.0  0 days 00:00:00.000002
 ALUMINIUM                   1            4                      0.0                       4.0  0 days 00:00:00.000002
 ETHANOL                     1            4                      0.0                       4.0  0 days 00:00:00.000001
 CORN                        1            4                      0.0                       4.0  0 days 00:00:00.000003
 EURIBOR                     1            4                      0.0                       4.0  0 days 00:00:00.000002
 US-HEALTH                   1            4                      0.0                       4.0  0 days 00:00:00.000001
 US-FINANCE                  1            4                      0.0                       4.0  0 days 00:00:00.000001
 US-ENERGY                   1            4                      0.0                       4.0  0 days 00:00:00.000001
 US-DISCRETE                 1            4                      0.0                       4.0  0 days 00:00:00.000002
 SMI-MID                     1            4                      0.0                       4.0  0 days 00:00:00.000002
 SGX                         1            4                      0.0                       4.0  0 days 00:00:00.000002
 SGD                         1            4                      0.0                       4.0  0 days 00:00:00.000002
 OMX                         1            4                      0.0                       4.0  0 days 00:00:00.000002
 MSCIASIA                    1            4                      0.0                       4.0  0 days 00:00:00.000001
 MILKWET                     1            4                      0.0                       4.0  0 days 00:00:00.000001
 MILKDRY                     1            4                      0.0                       4.0  0 days 00:00:00.000001
 MID-DAX                     1            4                      0.0                       4.0  0 days 00:00:00.000001
 JP-REALESTATE               1            4                      0.0                       4.0  0 days 00:00:00.000001
 JGB-SGX-mini                1            4                      0.0                       4.0  0 days 00:00:00.000002
 IRS                         1            4                      0.0                       4.0  0 days 00:00:00.000001
 FTSEINDO                    1            4                      0.0                       4.0  0 days 00:00:00.000001
 EUROSTX200-LARGE            1            4                      0.0                       4.0  0 days 00:00:00.000015
 EUROSTX-SMALL               1            4                      0.0                       4.0  0 days 00:00:00.000002
 EUROSTX-LARGE               1            4                      0.0                       4.0  0 days 00:00:00.000002
 EU-REALESTATE               1            4                      0.0                       4.0  0 days 00:00:00.000002
 EURCHF                      1            4                      0.0                       4.0  0 days 00:00:00.000002
 US30                       30            4                      0.0                       4.0  0 days 00:00:00.000001
 US3                        30            4                      0.0                       4.0 20 days 07:54:48.688084
 KRWUSD                     14            4                      0.0                       4.0  0 days 00:00:00.000001
 JGB                        14            4                      0.0                       4.0  0 days 00:00:00.000001
 HEATOIL                    14            4                      0.0                       4.0  0 days 00:00:00.000001
 GBPEUR                     14            4                      0.0                       4.0  0 days 00:00:00.000001
 GAS-LAST                   14            4                      0.0                       4.0  0 days 00:00:00.000001
 FTSETAIWAN                 14            4                      0.0                       4.0  0 days 21:09:48.466705
 EU-TECH                    14            4                      0.0                       4.0  0 days 00:00:00.000002
 EU-CHEM                    14            4                      0.0                       4.0  0 days 00:00:00.000001
 ETHEREUM                   14            4                      0.0                       4.0  0 days 00:00:00.000002
 ZAR                         1            4                      0.0                       4.0  0 days 00:00:00.000001
 CNH                        14            4                      0.0                       4.0 12 days 21:54:39.273631
 BTP3                       14            4                      0.0                       4.0  0 days 00:00:00.000001
 BRENT-LAST                 14            4                      0.0                       4.0  0 days 00:00:00.000001
 BONO                       14            4                      0.0                       4.0  0 days 00:00:00.000001
 YENEUR                      1            4                      0.0                       4.0  0 days 00:00:00.000001
 US3                         1            4                      0.0                       4.0  0 days 00:00:00.000001
 US10U                       1            4                      0.0                       4.0  0 days 00:00:00.000001
 US-REALESTATE               1            4                      0.0                       4.0  0 days 00:00:00.000001
 TOPIX                       1            4                      0.0                       4.0  0 days 21:54:44.149587
 SP400                       1            4                      0.0                       4.0  0 days 00:00:00.000002
 BUXL                       14            4                      0.0                       4.0  0 days 00:00:00.000001
 US-INDUSTRY                 1            4                      0.0                       4.0  0 days 00:00:00.000001
 NOK                        14            4                      0.0                       4.0  0 days 00:00:00.000002
 REDWHEAT                   14            4                      0.0                       4.0  0 days 00:00:00.000002
 US10U                      30            4                      0.0                       4.0  0 days 00:00:00.000002
 SP400                      30            4                      0.0                       4.0  0 days 00:00:00.000001
 SEK                        30            4                      0.0                       4.0  0 days 00:00:00.000001
 NOK                        30            4                      0.0                       4.0  0 days 00:00:00.000001
 JGB                        30            4                      0.0                       4.0  0 days 00:00:00.000001
 HEATOIL                    30            4                      0.0                       4.0  0 days 00:00:00.000002
