
********************************************************************************
                   Status report produced on 23/04/2024 22:56                   
********************************************************************************


Delayed methods: No delays

==============================
 Delayed adjusted / FX prices 
==============================

                   last_update
CHINAA-CON 2024-04-19 04:00:00

Delayed optimal positions: No delays

=================================================================================================================
                                           Instruments at trade limit                                            
=================================================================================================================

              period_days  trade_limit  trades_since_last_reset  trade_capacity_remaining   time_since_last_reset
 PLAT                  30            4                      4.0                       0.0 15 days 08:56:51.612705
 GAS_US_mini           30            6                      6.0                       0.0 26 days 08:56:45.855731


================================================
         Instruments at position limit          
================================================

                 keys  position pos_limit  spare
125     EU-DJ-TELECOM         0       0.0    0.0
127           MILKWET         0       0.0    0.0
65            US-TECH         0       0.0    0.0
130            PALLAD         0       0.0    0.0
133           TIN_LME         0       0.0    0.0
61             EURCHF         0       0.0    0.0
59                PLN         0       0.0    0.0
58                IRS         0       0.0    0.0
67               GICS         0       0.0    0.0
138           BOVESPA         0       0.0    0.0
142            COTTON         0       0.0    0.0
53            MILKDRY         0       0.0    0.0
51               CH10         0       0.0    0.0
145   GASOILINE_micro         0       0.0    0.0
153             SP400         0       0.0    0.0
99             AUDJPY         0       0.0    0.0
46           TWD-mini         0       0.0    0.0
139          EU-HOUSE         0       0.0    0.0
68          CHF_micro         0       0.0    0.0
126            EURCAD         0       0.0    0.0
121          SGD_mini         0       0.0    0.0
100            YENEUR         2       2.0    0.0
91               BUXL        -1       1.0    0.0
90          GASOILINE         1       1.0    0.0
89            SMI-MID         0       0.0    0.0
87             EURAUD         0       0.0    0.0
86   EUROSTX200-LARGE         0       0.0    0.0
84                RUR         0       0.0    0.0
83             NASDAQ         0       0.0    0.0
104          AEX_mini         0       0.0    0.0
81          EU-RETAIL         0       0.0    0.0
79            EU-CHEM         0       0.0    0.0
78                OMX         0       0.0    0.0
110       EPRA-EUROPE         0       0.0    0.0
75         COPPER_LME         0       0.0    0.0
115              COAL         0       0.0    0.0
116         EU-TRAVEL         0       0.0    0.0
120              VNKI         0       0.0    0.0
155         HIGHYIELD         0       0.0    0.0
44             KRWUSD         0       0.0    0.0
47               US30        -1       1.0    0.0
21           JPY_mini         0       0.0    0.0
193            CHFJPY         0       0.0    0.0
40                 IG         0       0.0    0.0
20           EU-MEDIA         0       0.0    0.0
19                NOK         0       0.0    0.0
197         SWISSLEAD         0       0.0    0.0
199          JGB-mini         0       0.0    0.0
208            GBPJPY         0       0.0    0.0
216           ETHANOL         0       0.0    0.0
192               JGB         0       0.0    0.0
220       COPPER-mini         0       0.0    0.0
9                WHEY         0       0.0    0.0
237             R1000         0       0.0    0.0
241          ETHEREUM         0       0.0    0.0
6                 SGX         0       0.0    0.0
5                 TWD         0       0.0    0.0
245           GAS-PEN        -1       1.0    0.0
246               MIB         1       1.0    0.0
1         HEATOIL-ICE         0       0.0    0.0
221        EU-DJ-TECH         0       0.0    0.0
191     EUROSTX-LARGE         0       0.0    0.0
96                CZK         0       0.0    0.0
33                SEK         0       0.0    0.0
26        CNH-onshore         0       0.0    0.0
172      COAL-GEORDIE         0       0.0    0.0
183               CHF        -3       3.0    0.0
179               CLP         0       0.0    0.0
178            BUTTER         0       0.0    0.0
169             COCOA         1       1.0    0.0
176   EU-CONSTRUCTION         0       0.0    0.0
39           HOUSE-US         0       0.0    0.0
37              STEEL         0       0.0    0.0


=========================================================
         Overrides in database consider deleting         
=========================================================

                                                 override
STEEL            Override Reduce only because in database
COPPER-mini      Override Reduce only because in database
NICKEL_LME             Override Close because in database
GASOILINE_micro  Override Reduce only because in database
CORN_mini        Override Reduce only because in database
CRUDE_W_mini     Override Reduce only because in database
COAL-GEORDIE     Override Reduce only because in database
SUGAR16          Override Reduce only because in database
INR              Override Reduce only because in database
FTSEVIET         Override Reduce only because in database
FTSEINDO         Override Reduce only because in database
OATIES           Override Reduce only because in database
FTSETAIWAN       Override Reduce only because in database
BRENT-LAST       Override Reduce only because in database
COAL             Override Reduce only because in database
SGX              Override Reduce only because in database
VNKI             Override Reduce only because in database
ETHANOL          Override Reduce only because in database
MSCISING         Override Reduce only because in database
CHEESE           Override Reduce only because in database
GAS-PEN          Override Reduce only because in database
GAS-LAST         Override Reduce only because in database
WHEY             Override Reduce only because in database
CLP              Override Reduce only because in database
MSCITAIWAN       Override Reduce only because in database
RICE             Override Reduce only because in database
HANGENT          Override Reduce only because in database
GOLD-mini        Override Reduce only because in database
VIX_mini         Override Reduce only because in database

Locked instruments (position mismatch): []

==============================================
Status of adjusted price / FX price collection
==============================================

                         last_update
CHINAA-CON       2024-04-19 04:00:00
GAS-PEN*         2024-04-22 23:00:00
OMX              2024-04-22 23:00:00
RUR              2024-04-22 23:00:00
COTTON           2024-04-22 23:00:00
MSCIWORLD        2024-04-22 23:00:00
SGD_mini         2024-04-22 23:00:00
SGX              2024-04-22 23:00:00
EURIBOR          2024-04-22 23:00:00
GASOILINE_micro  2024-04-22 23:00:00
CZK              2024-04-22 23:00:00
SUGAR16          2024-04-22 23:00:00
CLP              2024-04-22 23:00:00
EURCAD           2024-04-22 23:00:00
EURAUD           2024-04-22 23:00:00
CNH-onshore      2024-04-22 23:00:00
ETHANOL          2024-04-22 23:00:00
IRS              2024-04-22 23:00:00
JGB-mini         2024-04-22 23:00:00
FTSEVIET         2024-04-22 23:00:00
HOUSE-US         2024-04-22 23:00:00
TIN_LME          2024-04-22 23:00:00
BB3M             2024-04-22 23:00:00
EU-DJ-OIL        2024-04-22 23:00:00
US-PROPERTY      2024-04-22 23:00:00
TWD-mini         2024-04-22 23:00:00
TWD              2024-04-22 23:00:00
BOVESPA          2024-04-22 23:00:00
SGD              2024-04-23 03:00:00
JP-REALESTATE    2024-04-23 04:00:00
HANG_mini*       2024-04-23 04:00:00
HANGENT_mini     2024-04-23 04:00:00
HANGENT          2024-04-23 04:00:00
KRWUSD_mini      2024-04-23 04:00:00
MSCITAIWAN       2024-04-23 04:00:00
HANGTECH         2024-04-23 04:00:00
IRON*            2024-04-23 04:00:00
FTSEINDO         2024-04-23 04:00:00
FTSECHINAH*      2024-04-23 04:00:00
VNKI             2024-04-23 04:00:00
SPI200*          2024-04-23 04:00:00
HANG             2024-04-23 04:00:00
FTSECHINAA*      2024-04-23 05:00:00
KOSPI_mini       2024-04-23 05:00:00
KR10             2024-04-23 05:00:00
KR3              2024-04-23 05:00:00
TOPIX            2024-04-23 05:00:00
CNH              2024-04-23 05:00:00
FTSETAIWAN       2024-04-23 05:00:00
KOSDAQ*          2024-04-23 05:00:00
MSCISING*        2024-04-23 05:00:00
NIKKEI*          2024-04-23 05:00:00
JGB              2024-04-23 05:00:00
NIKKEI400        2024-04-23 05:00:00
RUBBER           2024-04-23 05:00:00
KOSPI            2024-04-23 05:00:00
JGB-SGX-mini     2024-04-23 05:00:00
MUMMY            2024-04-23 05:00:00
SWISSLEAD        2024-04-23 11:00:00
AEX_mini         2024-04-23 12:00:00
COPPER_LME       2024-04-23 14:00:00
EPRA-EUROPE      2024-04-23 14:00:00
COAL-GEORDIE     2024-04-23 14:00:00
CHFJPY           2024-04-23 14:30:00
PLN              2024-04-23 14:30:00
GICS             2024-04-23 14:30:00
IBEX             2024-04-23 15:00:00
GASOILINE_ICE    2024-04-23 15:00:00
IBEX_mini        2024-04-23 15:00:00
EUROSTX-SMALL    2024-04-23 15:00:00
EUA              2024-04-23 15:00:00
HEATOIL-ICE      2024-04-23 15:00:00
FTSE250          2024-04-23 15:00:00
FTSE100          2024-04-23 15:00:00
GBPCHF           2024-04-23 15:00:00
EURIBOR-ICE      2024-04-23 15:00:00
GILT             2024-04-23 15:00:00
EUROSTX200-LARGE 2024-04-23 15:00:00
EU-REALESTATE    2024-04-23 15:00:00
HIGHYIELD        2024-04-23 15:00:00
EUROSTX-LARGE    2024-04-23 15:00:00
DJSTX-SMALL      2024-04-23 15:00:00
EU-FOOD          2024-04-23 15:00:00
ZINC_LME         2024-04-23 15:00:00
ALUMINIUM_LME    2024-04-23 15:00:00
WHEAT_ICE        2024-04-23 15:00:00
BONO             2024-04-23 15:00:00
BRENT_W          2024-04-23 15:00:00
SUGAR_WHITE      2024-04-23 15:00:00
SONIA3           2024-04-23 15:00:00
SARONA           2024-04-23 15:00:00
CH10             2024-04-23 15:00:00
EU-MID           2024-04-23 15:00:00
COAL             2024-04-23 15:00:00
COCOA_LDN        2024-04-23 15:00:00
ROBUSTA          2024-04-23 15:00:00
NICKEL_LME       2024-04-23 15:00:00
EU-DJ-UTIL       2024-04-23 15:00:00
EU-DJ-TECH       2024-04-23 15:00:00
EU-CHEM          2024-04-23 15:00:00
KRWUSD           2024-04-23 15:00:00
LEAD_LME         2024-04-23 15:00:00
MILLWHEAT*       2024-04-23 15:00:00
MIB*             2024-04-23 15:00:00
MSCIASIA         2024-04-23 15:00:00
MSCIEMASIA       2024-04-23 15:00:00
CRUDE_ICE        2024-04-23 15:00:00
GASOIL           2024-04-23 15:00:00
OAT              2024-04-23 16:00:00
SMI              2024-04-23 16:00:00
SHATZ            2024-04-23 16:00:00
V2X              2024-04-23 16:00:00
SMI-MID          2024-04-23 16:00:00
AEX              2024-04-23 16:00:00
BUXL*            2024-04-23 16:00:00
EU-TRAVEL        2024-04-23 16:00:00
EU-TECH*         2024-04-23 16:00:00
EU-RETAIL        2024-04-23 16:00:00
EU-OIL           2024-04-23 16:00:00
EU-MEDIA         2024-04-23 16:00:00
EU-INSURE        2024-04-23 16:00:00
EU-HOUSE         2024-04-23 16:00:00
EU-UTILS         2024-04-23 16:00:00
EU-HEALTH        2024-04-23 16:00:00
EU-DIV30         2024-04-23 16:00:00
EU-CONSTRUCTION  2024-04-23 16:00:00
EU-BASIC*        2024-04-23 16:00:00
EU-BANKS         2024-04-23 16:00:00
EU-AUTO          2024-04-23 16:00:00
BOBL             2024-04-23 16:00:00
CAC              2024-04-23 16:00:00
EU-DJ-TELECOM    2024-04-23 16:00:00
BTP              2024-04-23 16:00:00
DAX              2024-04-23 16:00:00
BUND*            2024-04-23 16:00:00
EURO600          2024-04-23 16:00:00
EUROSTX          2024-04-23 16:00:00
BTP3             2024-04-23 16:00:00
GBPJPY           2024-04-23 17:00:00
SUGAR11          2024-04-23 17:00:00
MILKDRY          2024-04-23 17:00:00
ALUMINIUM        2024-04-23 18:00:00
OJ               2024-04-23 18:00:00
COCOA*           2024-04-23 18:00:00
IG               2024-04-23 18:00:00
MILKWET          2024-04-23 18:00:00
COFFEE           2024-04-23 18:00:00
AUDJPY           2024-04-23 18:00:00
BBCOMM           2024-04-23 19:00:00
COTTON2*         2024-04-23 19:00:00
SOYBEAN          2024-04-23 19:00:00
CORN_mini        2024-04-23 19:00:00
CORN*            2024-04-23 19:00:00
COPPER-mini      2024-04-23 19:00:00
CANOLA           2024-04-23 19:00:00
CAD10            2024-04-23 19:00:00
SOYBEAN_mini     2024-04-23 19:00:00
CAD5             2024-04-23 19:00:00
RICE             2024-04-23 19:00:00
OATIES           2024-04-23 19:00:00
STEEL            2024-04-23 19:00:00
SOYMEAL          2024-04-23 19:00:00
SOYOIL*          2024-04-23 19:00:00
SILVER           2024-04-23 19:00:00
BRE              2024-04-23 19:00:00
REDWHEAT         2024-04-23 19:00:00
WHEAT            2024-04-23 19:00:00
FEEDCOW          2024-04-23 19:00:00
INR              2024-04-23 19:00:00
WHEY             2024-04-23 19:00:00
LIVECOW*         2024-04-23 19:00:00
WHEAT_mini       2024-04-23 19:00:00
FANG             2024-04-23 19:00:00
LEANHOG          2024-04-23 19:00:00
ETHER-micro      2024-04-23 19:00:00
ETHEREUM         2024-04-23 19:00:00
VIX_mini         2024-04-23 20:00:00
BUTTER           2024-04-23 20:00:00
SP500_micro*     2024-04-23 20:00:00
SP500            2024-04-23 20:00:00
US-STAPLES       2024-04-23 20:00:00
VIX*             2024-04-23 20:00:00
AUD              2024-04-23 20:00:00
YENEUR*          2024-04-23 20:00:00
ZAR              2024-04-23 20:00:00
SP400            2024-04-23 20:00:00
AUD_micro        2024-04-23 20:00:00
US3*             2024-04-23 20:00:00
US30*            2024-04-23 20:00:00
US-MATERIAL      2024-04-23 20:00:00
US-INDUSTRY      2024-04-23 20:00:00
US-HEALTH        2024-04-23 20:00:00
US-TECH          2024-04-23 20:00:00
US-FINANCE       2024-04-23 20:00:00
US-ENERGY        2024-04-23 20:00:00
US5              2024-04-23 20:00:00
US-DISCRETE      2024-04-23 20:00:00
BITCOIN*         2024-04-23 20:00:00
BRENT-LAST       2024-04-23 20:00:00
US10U            2024-04-23 20:00:00
US2*             2024-04-23 20:00:00
US20             2024-04-23 20:00:00
US-REALESTATE    2024-04-23 20:00:00
US10             2024-04-23 20:00:00
US-UTILS         2024-04-23 20:00:00
GAS-LAST         2024-04-23 20:00:00
CAD              2024-04-23 20:00:00
MILK             2024-04-23 20:00:00
DOW_mini         2024-04-23 20:00:00
LUMBER-new       2024-04-23 20:00:00
SOFR             2024-04-23 20:00:00
JPY_mini         2024-04-23 20:00:00
JPY*             2024-04-23 20:00:00
EUR              2024-04-23 20:00:00
HEATOIL          2024-04-23 20:00:00
EURCHF           2024-04-23 20:00:00
DOW              2024-04-23 20:00:00
EUR_micro        2024-04-23 20:00:00
GOLD-mini        2024-04-23 20:00:00
GOLD             2024-04-23 20:00:00
EUR_mini         2024-04-23 20:00:00
GBP_micro        2024-04-23 20:00:00
GBPEUR           2024-04-23 20:00:00
FED              2024-04-23 20:00:00
GBP              2024-04-23 20:00:00
GAS_US_mini*     2024-04-23 20:00:00
GAS_US           2024-04-23 20:00:00
GOLD_micro*      2024-04-23 20:00:00
MSCIEAFA         2024-04-23 20:00:00
DX               2024-04-23 20:00:00
CRUDE_W_micro*   2024-04-23 20:00:00
CAD2             2024-04-23 20:00:00
CAD_micro        2024-04-23 20:00:00
SEK              2024-04-23 20:00:00
RUSSELL_mini     2024-04-23 20:00:00
RUSSELL          2024-04-23 20:00:00
CRUDE_W_mini     2024-04-23 20:00:00
CHF*             2024-04-23 20:00:00
CHF_micro        2024-04-23 20:00:00
GASOILINE*       2024-04-23 20:00:00
R1000            2024-04-23 20:00:00
CHEESE           2024-04-23 20:00:00
PALLAD           2024-04-23 20:00:00
COPPER           2024-04-23 20:00:00
NZD              2024-04-23 20:00:00
NOK              2024-04-23 20:00:00
COPPER-micro     2024-04-23 20:00:00
NASDAQ_micro     2024-04-23 20:00:00
NASDAQ           2024-04-23 20:00:00
MXP*             2024-04-23 20:00:00
CRUDE_W          2024-04-23 20:00:00
PLAT*            2024-04-23 20:00:00
CADUSD           2024-04-23 23:00:00
JPYUSD           2024-04-23 23:00:00
CNHUSD           2024-04-23 23:00:00
AUDUSD           2024-04-23 23:00:00
KRWUSD           2024-04-23 23:00:00
HKDUSD           2024-04-23 23:00:00
EURUSD           2024-04-23 23:00:00
MXPUSD           2024-04-23 23:00:00
SGDUSD           2024-04-23 23:00:00
GBPUSD           2024-04-23 23:00:00
CHFUSD           2024-04-23 23:00:00
SEKUSD           2024-04-23 23:00:00


============================================================
           Status of optimal position generation            
============================================================

                                                 last_update
dynamic_TF_carry/US2              2024-04-23 22:31:24.345190
dynamic_TF_carry/BTP              2024-04-23 22:31:24.345423
dynamic_TF_carry/SONIA3           2024-04-23 22:31:24.345638
dynamic_TF_carry/BUXL             2024-04-23 22:31:24.345850
dynamic_TF_carry/SILVER           2024-04-23 22:31:24.346060
dynamic_TF_carry/BITCOIN          2024-04-23 22:31:24.346270
dynamic_TF_carry/SOYBEAN          2024-04-23 22:31:24.346479
dynamic_TF_carry/US10             2024-04-23 22:31:24.346687
dynamic_TF_carry/EUR              2024-04-23 22:31:24.346894
dynamic_TF_carry/LEAD_LME         2024-04-23 22:31:24.347102
dynamic_TF_carry/MILKWET          2024-04-23 22:31:24.347309
dynamic_TF_carry/OATIES           2024-04-23 22:31:24.347516
dynamic_TF_carry/KR10             2024-04-23 22:31:24.347722
dynamic_TF_carry/BRE              2024-04-23 22:31:24.348137
dynamic_TF_carry/BTP3             2024-04-23 22:31:24.348345
dynamic_TF_carry/HANGENT_mini     2024-04-23 22:31:24.348552
dynamic_TF_carry/V2X              2024-04-23 22:31:24.348759
dynamic_TF_carry/PALLAD           2024-04-23 22:31:24.348965
dynamic_TF_carry/US3              2024-04-23 22:31:24.349172
dynamic_TF_carry/OAT              2024-04-23 22:31:24.349381
dynamic_TF_carry/CANOLA           2024-04-23 22:31:24.349588
dynamic_TF_carry/CRUDE_ICE        2024-04-23 22:31:24.349794
dynamic_TF_carry/RUR              2024-04-23 22:31:24.350001
dynamic_TF_carry/FED              2024-04-23 22:31:24.350209
dynamic_TF_carry/LUMBER-new       2024-04-23 22:31:24.350416
dynamic_TF_carry/NICKEL_LME       2024-04-23 22:31:24.350623
dynamic_TF_carry/AEX              2024-04-23 22:31:24.351036
dynamic_TF_carry/AUDJPY           2024-04-23 22:31:24.351242
dynamic_TF_carry/SMI-MID          2024-04-23 22:31:24.351448
dynamic_TF_carry/ZAR              2024-04-23 22:31:24.351653
dynamic_TF_carry/SUGAR_WHITE      2024-04-23 22:31:24.351860
dynamic_TF_carry/SUGAR11          2024-04-23 22:31:24.352066
dynamic_TF_carry/EURIBOR-ICE      2024-04-23 22:31:24.352273
dynamic_TF_carry/CH10             2024-04-23 22:31:24.352479
dynamic_TF_carry/EPRA-EUROPE      2024-04-23 22:31:24.352685
dynamic_TF_carry/EU-BASIC         2024-04-23 22:31:24.352892
dynamic_TF_carry/TWD              2024-04-23 22:31:24.353099
dynamic_TF_carry/MSCITAIWAN       2024-04-23 22:31:24.353308
dynamic_TF_carry/SOYMEAL          2024-04-23 22:31:24.353514
dynamic_TF_carry/STEEL            2024-04-23 22:31:24.353720
dynamic_TF_carry/OJ               2024-04-23 22:31:24.353926
dynamic_TF_carry/MUMMY            2024-04-23 22:31:24.354133
dynamic_TF_carry/VNKI             2024-04-23 22:31:24.354339
dynamic_TF_carry/COAL-GEORDIE     2024-04-23 22:31:24.354545
dynamic_TF_carry/GAS_US_mini      2024-04-23 22:31:24.354750
dynamic_TF_carry/GAS-PEN          2024-04-23 22:31:24.354957
dynamic_TF_carry/IBEX_mini        2024-04-23 22:31:24.355163
dynamic_TF_carry/EUA              2024-04-23 22:31:24.355368
dynamic_TF_carry/EURO600          2024-04-23 22:31:24.355574
dynamic_TF_carry/GASOIL           2024-04-23 22:31:24.355781
dynamic_TF_carry/RICE             2024-04-23 22:31:24.355987
dynamic_TF_carry/CAC              2024-04-23 22:31:24.356194
dynamic_TF_carry/US-DISCRETE      2024-04-23 22:31:24.356402
dynamic_TF_carry/MSCIEAFA         2024-04-23 22:31:24.356608
dynamic_TF_carry/US-TECH          2024-04-23 22:31:24.356814
dynamic_TF_carry/GASOILINE        2024-04-23 22:31:24.357022
dynamic_TF_carry/EU-TRAVEL        2024-04-23 22:31:24.357228
dynamic_TF_carry/MIB              2024-04-23 22:31:24.357437
dynamic_TF_carry/EU-REALESTATE    2024-04-23 22:31:24.357643
dynamic_TF_carry/NZD              2024-04-23 22:31:24.357849
dynamic_TF_carry/WHEAT            2024-04-23 22:31:24.358055
dynamic_TF_carry/EU-BANKS         2024-04-23 22:31:24.358261
dynamic_TF_carry/ETHEREUM         2024-04-23 22:31:24.358467
dynamic_TF_carry/US30             2024-04-23 22:31:24.358673
dynamic_TF_carry/KRWUSD           2024-04-23 22:31:24.358880
dynamic_TF_carry/CNH              2024-04-23 22:31:24.359086
dynamic_TF_carry/REDWHEAT         2024-04-23 22:31:24.359291
dynamic_TF_carry/CORN             2024-04-23 22:31:24.359497
dynamic_TF_carry/IG               2024-04-23 22:31:24.359704
dynamic_TF_carry/LIVECOW          2024-04-23 22:31:24.359911
dynamic_TF_carry/EU-INSURE        2024-04-23 22:31:24.360118
dynamic_TF_carry/US10U            2024-04-23 22:31:24.360324
dynamic_TF_carry/US-HEALTH        2024-04-23 22:31:24.360530
dynamic_TF_carry/BOBL             2024-04-23 22:31:24.360737
dynamic_TF_carry/EU-CONSTRUCTION  2024-04-23 22:31:24.360942
dynamic_TF_carry/IRS              2024-04-23 22:31:24.361148
dynamic_TF_carry/FTSETAIWAN       2024-04-23 22:31:24.361357
dynamic_TF_carry/EU-CHEM          2024-04-23 22:31:24.361563
dynamic_TF_carry/SOYBEAN_mini     2024-04-23 22:31:24.361769
dynamic_TF_carry/NOK              2024-04-23 22:31:24.361975
dynamic_TF_carry/US-UTILS         2024-04-23 22:31:24.362182
dynamic_TF_carry/SWISSLEAD        2024-04-23 22:31:24.362388
dynamic_TF_carry/US-FINANCE       2024-04-23 22:31:24.362594
dynamic_TF_carry/SUGAR16          2024-04-23 22:31:24.362801
dynamic_TF_carry/MSCIEMASIA       2024-04-23 22:31:24.363006
dynamic_TF_carry/GOLD_micro       2024-04-23 22:31:24.363211
dynamic_TF_carry/IRON             2024-04-23 22:31:24.363416
dynamic_TF_carry/NASDAQ_micro     2024-04-23 22:31:24.363621
dynamic_TF_carry/CAD2             2024-04-23 22:31:24.363826
dynamic_TF_carry/KRWUSD_mini      2024-04-23 22:31:24.364029
dynamic_TF_carry/EU-DJ-TELECOM    2024-04-23 22:31:24.364235
dynamic_TF_carry/MSCISING         2024-04-23 22:31:24.364441
dynamic_TF_carry/DOW              2024-04-23 22:31:24.364647
dynamic_TF_carry/INR              2024-04-23 22:31:24.364855
dynamic_TF_carry/KOSPI_mini       2024-04-23 22:31:24.365060
dynamic_TF_carry/EU-DIV30         2024-04-23 22:31:24.365267
dynamic_TF_carry/EUR_micro        2024-04-23 22:31:24.365476
dynamic_TF_carry/EURIBOR          2024-04-23 22:31:24.365682
dynamic_TF_carry/MSCIWORLD        2024-04-23 22:31:24.365890
dynamic_TF_carry/HEATOIL          2024-04-23 22:31:24.366097
dynamic_TF_carry/FTSECHINAH       2024-04-23 22:31:24.366304
dynamic_TF_carry/BRENT-LAST       2024-04-23 22:31:24.366510
dynamic_TF_carry/US5              2024-04-23 22:31:24.366718
dynamic_TF_carry/COCOA            2024-04-23 22:31:24.366923
dynamic_TF_carry/BOVESPA          2024-04-23 22:31:24.367129
dynamic_TF_carry/GICS             2024-04-23 22:31:24.367336
dynamic_TF_carry/YENEUR           2024-04-23 22:31:24.367543
dynamic_TF_carry/US-INDUSTRY      2024-04-23 22:31:24.367750
dynamic_TF_carry/LEANHOG          2024-04-23 22:31:24.367958
dynamic_TF_carry/SP500_micro      2024-04-23 22:31:24.368163
dynamic_TF_carry/EUROSTX-SMALL    2024-04-23 22:31:24.368369
dynamic_TF_carry/BBCOMM           2024-04-23 22:31:24.368573
dynamic_TF_carry/COCOA_LDN        2024-04-23 22:31:24.368778
dynamic_TF_carry/EU-MEDIA         2024-04-23 22:31:24.368983
dynamic_TF_carry/SARONA           2024-04-23 22:31:24.369188
dynamic_TF_carry/EURCHF           2024-04-23 22:31:24.369601
dynamic_TF_carry/MXP              2024-04-23 22:31:24.369807
dynamic_TF_carry/FTSEINDO         2024-04-23 22:31:24.370012
dynamic_TF_carry/JP-REALESTATE    2024-04-23 22:31:24.370218
dynamic_TF_carry/SGD              2024-04-23 22:31:24.370423
dynamic_TF_carry/GBPEUR           2024-04-23 22:31:24.370628
dynamic_TF_carry/FTSEVIET         2024-04-23 22:31:24.371039
dynamic_TF_carry/HANG_mini        2024-04-23 22:31:24.371243
dynamic_TF_carry/EURCAD           2024-04-23 22:31:24.371449
dynamic_TF_carry/TOPIX            2024-04-23 22:31:24.371654
dynamic_TF_carry/US20             2024-04-23 22:31:24.371860
dynamic_TF_carry/CHEESE           2024-04-23 22:31:24.372067
dynamic_TF_carry/CAD5             2024-04-23 22:31:24.372275
dynamic_TF_carry/SOYOIL           2024-04-23 22:31:24.372481
dynamic_TF_carry/EUROSTX-LARGE    2024-04-23 22:31:24.372688
dynamic_TF_carry/US-REALESTATE    2024-04-23 22:31:24.372893
dynamic_TF_carry/GILT             2024-04-23 22:31:24.373098
dynamic_TF_carry/PLAT             2024-04-23 22:31:24.373307
dynamic_TF_carry/CAD              2024-04-23 22:31:24.373514
dynamic_TF_carry/SPI200           2024-04-23 22:31:24.373721
dynamic_TF_carry/EU-HOUSE         2024-04-23 22:31:24.373927
dynamic_TF_carry/SEK              2024-04-23 22:31:24.374134
dynamic_TF_carry/EU-OIL           2024-04-23 22:31:24.374340
dynamic_TF_carry/HOUSE-US         2024-04-23 22:31:24.374547
dynamic_TF_carry/COPPER           2024-04-23 22:31:24.374753
dynamic_TF_carry/DAX              2024-04-23 22:31:24.374959
dynamic_TF_carry/US-PROPERTY      2024-04-23 22:31:24.375166
dynamic_TF_carry/MILLWHEAT        2024-04-23 22:31:24.375373
dynamic_TF_carry/COTTON           2024-04-23 22:31:24.375578
dynamic_TF_carry/US-MATERIAL      2024-04-23 22:31:24.375784
dynamic_TF_carry/GBPJPY           2024-04-23 22:31:24.375990
dynamic_TF_carry/BUTTER           2024-04-23 22:31:24.376198
dynamic_TF_carry/GBP              2024-04-23 22:31:24.376405
dynamic_TF_carry/JGB              2024-04-23 22:31:24.376613
dynamic_TF_carry/CLP              2024-04-23 22:31:24.376819
dynamic_TF_carry/EU-HEALTH        2024-04-23 22:31:24.377026
dynamic_TF_carry/SOFR             2024-04-23 22:31:24.377233
dynamic_TF_carry/MILK             2024-04-23 22:31:24.377442
dynamic_TF_carry/DX               2024-04-23 22:31:24.378062
dynamic_TF_carry/CHF              2024-04-23 22:31:24.378268
dynamic_TF_carry/TIN_LME          2024-04-23 22:31:24.378474
dynamic_TF_carry/FTSE250          2024-04-23 22:31:24.378682
dynamic_TF_carry/VIX              2024-04-23 22:31:24.378888
dynamic_TF_carry/BB3M             2024-04-23 22:31:24.379094
dynamic_TF_carry/NIKKEI400        2024-04-23 22:31:24.379299
dynamic_TF_carry/FTSE100          2024-04-23 22:31:24.379505
dynamic_TF_carry/EUROSTX200-LARGE 2024-04-23 22:31:24.379712
dynamic_TF_carry/BRENT_W          2024-04-23 22:31:24.379918
dynamic_TF_carry/WHEAT_ICE        2024-04-23 22:31:24.380125
dynamic_TF_carry/KOSPI            2024-04-23 22:31:24.380331
dynamic_TF_carry/COPPER_LME       2024-04-23 22:31:24.380537
dynamic_TF_carry/COTTON2          2024-04-23 22:31:24.380744
dynamic_TF_carry/CHINAA-CON       2024-04-23 22:31:24.380950
dynamic_TF_carry/EU-UTILS         2024-04-23 22:31:24.381158
dynamic_TF_carry/SP400            2024-04-23 22:31:24.381367
dynamic_TF_carry/EU-TECH          2024-04-23 22:31:24.381574
dynamic_TF_carry/DJSTX-SMALL      2024-04-23 22:31:24.381780
dynamic_TF_carry/ROBUSTA          2024-04-23 22:31:24.381985
dynamic_TF_carry/CZK              2024-04-23 22:31:24.382191
dynamic_TF_carry/FEEDCOW          2024-04-23 22:31:24.382396
dynamic_TF_carry/EU-FOOD          2024-04-23 22:31:24.382602
dynamic_TF_carry/EU-RETAIL        2024-04-23 22:31:24.382807
dynamic_TF_carry/AUD_micro        2024-04-23 22:31:24.383015
dynamic_TF_carry/MILKDRY          2024-04-23 22:31:24.383221
dynamic_TF_carry/SHATZ            2024-04-23 22:31:24.383633
dynamic_TF_carry/WHEY             2024-04-23 22:31:24.383837
dynamic_TF_carry/ETHANOL          2024-04-23 22:31:24.384045
dynamic_TF_carry/COFFEE           2024-04-23 22:31:24.384251
dynamic_TF_carry/RUSSELL          2024-04-23 22:31:24.384458
dynamic_TF_carry/HANGTECH         2024-04-23 22:31:24.384664
dynamic_TF_carry/PLN              2024-04-23 22:31:24.384871
dynamic_TF_carry/COPPER-micro     2024-04-23 22:31:24.385078
dynamic_TF_carry/KOSDAQ           2024-04-23 22:31:24.385283
dynamic_TF_carry/SMI              2024-04-23 22:31:24.385492
dynamic_TF_carry/BUND             2024-04-23 22:31:24.385701
dynamic_TF_carry/HIGHYIELD        2024-04-23 22:31:24.385908
dynamic_TF_carry/ALUMINIUM        2024-04-23 22:31:24.386115
dynamic_TF_carry/KR3              2024-04-23 22:31:24.386323
dynamic_TF_carry/ZINC_LME         2024-04-23 22:31:24.386530
dynamic_TF_carry/US-STAPLES       2024-04-23 22:31:24.386737
dynamic_TF_carry/EU-MID           2024-04-23 22:31:24.386947
dynamic_TF_carry/CAD10            2024-04-23 22:31:24.387157
dynamic_TF_carry/COAL             2024-04-23 22:31:24.387367
dynamic_TF_carry/RUBBER           2024-04-23 22:31:24.387574
dynamic_TF_carry/EU-AUTO          2024-04-23 22:31:24.387783
dynamic_TF_carry/FANG             2024-04-23 22:31:24.387992
dynamic_TF_carry/EURAUD           2024-04-23 22:31:24.388199
dynamic_TF_carry/FTSECHINAA       2024-04-23 22:31:24.388407
dynamic_TF_carry/BONO             2024-04-23 22:31:24.388615
dynamic_TF_carry/R1000            2024-04-23 22:31:24.388823
dynamic_TF_carry/JGB-SGX-mini     2024-04-23 22:31:24.389029
dynamic_TF_carry/JPY              2024-04-23 22:31:24.389238
dynamic_TF_carry/NIKKEI           2024-04-23 22:31:24.389449
dynamic_TF_carry/OMX              2024-04-23 22:31:24.389656
dynamic_TF_carry/CRUDE_W_micro    2024-04-23 22:31:24.389864
dynamic_TF_carry/GBPCHF           2024-04-23 22:31:24.390071
dynamic_TF_carry/MSCIASIA         2024-04-23 22:31:24.390277
dynamic_TF_carry/CRUDE_W_mini     2024-04-23 22:31:24.390485
dynamic_TF_carry/CHFJPY           2024-04-23 22:31:24.390694
dynamic_TF_carry/AUD              2024-04-23 22:31:24.390900
dynamic_TF_carry/EU-DJ-UTIL       2024-04-23 22:31:24.391107
dynamic_TF_carry/GAS-LAST         2024-04-23 22:31:24.391313
dynamic_TF_carry/EUROSTX          2024-04-23 22:31:24.391520
dynamic_TF_carry/US-ENERGY        2024-04-23 22:31:24.391728
dynamic_TF_carry/SGX              2024-04-23 22:31:24.391937


======================================================================================================================
                                                Status of trade limits                                                
======================================================================================================================

                   period_days  trade_limit  trades_since_last_reset  trade_capacity_remaining   time_since_last_reset
 PLAT                       30            4                      4.0                       0.0 15 days 08:57:38.069150
 GAS_US_mini                30            6                      6.0                       0.0 26 days 08:57:32.312225
 JPY                        30            5                      3.0                       2.0 15 days 07:57:09.892028
 GAS_US_mini                14            4                      1.0                       3.0  1 days 07:03:30.595440
 GASOILINE                  14            4                      1.0                       3.0  5 days 08:57:34.505345
 SMI                        30            4                      1.0                       3.0 29 days 14:57:32.803072
 CORN                        1            4                      0.0                       4.0  0 days 00:00:00.000002
 EU-MEDIA                    1            4                      0.0                       4.0  0 days 00:00:00.000002
 EU-HOUSE                    1            4                      0.0                       4.0  0 days 00:00:00.000001
 EU-DJ-UTIL                  1            4                      0.0                       4.0  0 days 00:00:00.000001
 EU-DJ-TELECOM               1            4                      0.0                       4.0  0 days 00:00:00.000001
 EU-DJ-TECH                  1            4                      0.0                       4.0  0 days 00:00:00.000002
 EU-DJ-OIL                   1            4                      0.0                       4.0  0 days 00:00:00.000002
 EU-CONSTRUCTION             1            4                      0.0                       4.0  0 days 00:00:00.000002
 CZK                         1            4                      0.0                       4.0  0 days 00:00:00.000002
 EU-MID                      1            4                      0.0                       4.0  0 days 00:00:00.000002
 COTTON                      1            4                      0.0                       4.0  0 days 00:00:00.000002
 COPPER-mini                 1            4                      0.0                       4.0  0 days 00:00:00.000002
 CNH-onshore                 1            4                      0.0                       4.0  0 days 00:00:00.000001
 CLP                         1            4                      0.0                       4.0  0 days 00:00:00.000001
 CH10                        1            4                      0.0                       4.0  0 days 00:00:00.000001
 BUTTER                      1            4                      0.0                       4.0  0 days 00:00:00.000002
 BOVESPA                     1            4                      0.0                       4.0  0 days 00:00:00.000002
 BEL20                       1            4                      0.0                       4.0  0 days 00:00:00.000002
 ETHANOL                     1            4                      0.0                       4.0  0 days 00:00:00.000001
 EU-REALESTATE               1            4                      0.0                       4.0  0 days 00:00:00.000002
 EUROSTX-LARGE               1            4                      0.0                       4.0  0 days 00:00:00.000001
 EURIBOR                     1            4                      0.0                       4.0  0 days 00:00:00.000001
 US-INDUSTRY                 1            4                      0.0                       4.0  0 days 00:00:00.000001
 US-HEALTH                   1            4                      0.0                       4.0  0 days 00:00:00.000001
 US-FINANCE                  1            4                      0.0                       4.0  0 days 00:00:00.000002
 US-ENERGY                   1            4                      0.0                       4.0  0 days 00:00:00.000002
 US-DISCRETE                 1            4                      0.0                       4.0  0 days 00:00:00.000001
 SMI-MID                     1            4                      0.0                       4.0  0 days 00:00:00.000001
 SGX                         1            4                      0.0                       4.0  0 days 00:00:00.000001
 SGD                         1            4                      0.0                       4.0  0 days 00:00:00.000002
 OMX                         1            4                      0.0                       4.0  0 days 00:00:00.000002
 EURCHF                      1            4                      0.0                       4.0  0 days 00:00:00.000001
 MSCIASIA                    1            4                      0.0                       4.0  0 days 00:00:00.000001
 MILKDRY                     1            4                      0.0                       4.0  0 days 00:00:00.000001
 MID-DAX                     1            4                      0.0                       4.0  0 days 00:00:00.000002
 JP-REALESTATE               1            4                      0.0                       4.0  0 days 00:00:00.000002
 JGB-SGX-mini                1            4                      0.0                       4.0  0 days 00:00:00.000001
 IRS                         1            4                      0.0                       4.0  0 days 00:00:00.000002
 FTSEINDO                    1            4                      0.0                       4.0  0 days 00:00:00.000002
 EUROSTX200-LARGE            1            4                      0.0                       4.0  0 days 00:00:00.000002
 EUROSTX-SMALL               1            4                      0.0                       4.0  0 days 00:00:00.000001
 ALUMINIUM                   1            4                      0.0                       4.0  0 days 00:00:00.000001
 MILKWET                     1            4                      0.0                       4.0  0 days 00:00:00.000001
 YENEUR                     30            4                      0.0                       4.0  0 days 00:00:00.000001
 US10U                      30            4                      0.0                       4.0  0 days 00:00:00.000001
 US3                        30            4                      0.0                       4.0  0 days 00:00:00.000001
 NOK                        14            4                      0.0                       4.0  0 days 00:00:00.000001
 ZAR                         1            4                      0.0                       4.0  0 days 00:00:00.000001
 KRWUSD                     14            4                      0.0                       4.0  0 days 00:00:00.000002
 JGB                        14            4                      0.0                       4.0  0 days 00:00:00.000002
 HEATOIL                    14            4                      0.0                       4.0  0 days 00:00:00.000002
 GBPEUR                     14            4                      0.0                       4.0  0 days 00:00:00.000002
 GAS-LAST                   14            4                      0.0                       4.0  0 days 00:00:00.000002
 FTSETAIWAN                 14            4                      0.0                       4.0  0 days 00:00:00.000001
 EU-TECH                    14            4                      0.0                       4.0  0 days 00:00:00.000002
 R1000                      14            4                      0.0                       4.0  0 days 00:00:00.000002
 EU-CHEM                    14            4                      0.0                       4.0  0 days 00:00:00.000002
 CNH                        14            4                      0.0                       4.0  0 days 00:00:00.000001
 BUXL                       14            4                      0.0                       4.0  0 days 00:00:00.000002
 BTP3                       14            4                      0.0                       4.0  0 days 00:00:00.000002
 BRENT-LAST                 14            4                      0.0                       4.0  0 days 00:00:00.000001
 BONO                       14            4                      0.0                       4.0  0 days 00:00:00.000002
 YENEUR                      1            4                      0.0                       4.0  0 days 00:00:00.000002
 US3                         1            4                      0.0                       4.0  0 days 00:00:00.000001
 US10U                       1            4                      0.0                       4.0  0 days 00:00:00.000001
 US-REALESTATE               1            4                      0.0                       4.0  0 days 00:00:00.000002
 ETHEREUM                   14            4                      0.0                       4.0  0 days 00:00:00.000001
 US30                       30            4                      0.0                       4.0  6 days 07:57:28.377365
 REDWHEAT                   14            4                      0.0                       4.0  0 days 00:00:00.000002
