
********************************************************************************
                   Status report produced on 08/05/2025 22:57                   
********************************************************************************


Delayed methods: No delays

===============================
 Delayed adjusted / FX prices  
===============================

                    last_update
DJSTX-SMALL 2025-03-20 23:00:00
ETHANOL     2025-04-07 23:00:01


===============================================
           Delayed optimal positions           
===============================================

                                    last_update
dynamic_TF_carry/SGX 2024-12-02 22:31:28.544775


=================================================================================================================
                                           Instruments at trade limit                                            
=================================================================================================================

              period_days  trade_limit  trades_since_last_reset  trade_capacity_remaining   time_since_last_reset
 SP500_micro           14           14                     14.0                       0.0 13 days 07:57:03.749323
 SP500_micro            1            4                      4.0                       0.0  0 days 07:48:00.295043
 BRENT-LAST            30            4                      4.0                       0.0 28 days 08:57:00.477703


============================================================
               Instruments at position limit                
============================================================

                             keys  position pos_limit  spare
8    dynamic_TF_carry SP500_micro         1       0.0   -1.0
208                           SGX         0       0.0    0.0
192                         STEEL         0       0.0    0.0
71                         EURCAD         0       0.0    0.0
140                      JGB-mini         0       0.0    0.0
194                     HIGHYIELD         0       0.0    0.0
198                        CHFJPY         0       0.0    0.0
65                         EURAUD         0       0.0    0.0
199                         SP400         0       0.0    0.0
188                       GAS-PEN        -1       1.0    0.0
61                      CHF_micro         0       0.0    0.0
58                       ETHEREUM         0       0.0    0.0
157                        BUTTER         0       0.0    0.0
160                      EU-MEDIA         0       0.0    0.0
52                         NASDAQ         0       0.0    0.0
210                 EU-DJ-TELECOM         0       0.0    0.0
50                       AEX_mini         0       0.0    0.0
212                      SGD_mini         0       0.0    0.0
59                        MILKDRY         0       0.0    0.0
122                          WHEY         0       0.0    0.0
121                           NOK         0       0.0    0.0
120                        AUDJPY         0       0.0    0.0
105                    COPPER_LME         0       0.0    0.0
102                           JGB         0       0.0    0.0
168                  COAL-GEORDIE         0       0.0    0.0
100                     EU-TRAVEL         0       0.0    0.0
172                           PLN         0       0.0    0.0
97                       EU-HOUSE         0       0.0    0.0
159               GASOILINE_micro         0       0.0    0.0
116                        COTTON         0       0.0    0.0
117                           SEK         0       0.0    0.0
91                       TWD-mini         0       0.0    0.0
181                           OMX         0       0.0    0.0
183                         R1000         0       0.0    0.0
185                       BOVESPA         0       0.0    0.0
118                           TWD         0       0.0    0.0
85                         PALLAD         0       0.0    0.0
158                      HOUSE-US         0       0.0    0.0
81                        MILKWET         0       0.0    0.0
216                        KRWUSD         0       0.0    0.0
151                       ETHANOL         0       0.0    0.0
165                       EU-CHEM         0       0.0    0.0
228                      JPY_mini         0       0.0    0.0
20                    CNH-onshore         0       0.0    0.0
18                  EUROSTX-LARGE         0       0.0    0.0
233                          COAL         0       0.0    0.0
147              EUROSTX200-LARGE         0       0.0    0.0
23                EU-CONSTRUCTION         0       0.0    0.0
224                     SWISSLEAD         0       0.0    0.0
27                           CH10         0       0.0    0.0
235                           CLP         0       0.0    0.0
12                         GBPJPY         0       0.0    0.0
29                    HEATOIL-ICE         0       0.0    0.0
237                          GICS         0       0.0    0.0
230                           CZK         0       0.0    0.0
148                            IG         0       0.0    0.0
137                   COPPER-mini         0       0.0    0.0
223                        EURCHF         0       0.0    0.0
7                            VNKI         0       0.0    0.0
33                    EPRA-EUROPE         0       0.0    0.0
220                           IRS         0       0.0    0.0
240                       TIN_LME         0       0.0    0.0
131                           RUR         0       0.0    0.0
245                    EU-DJ-TECH         0       0.0    0.0
37                        SMI-MID         0       0.0    0.0
143                     EU-RETAIL         0       0.0    0.0
244                    BRENT-LAST        -1       1.0    0.0


=========================================================
         Overrides in database consider deleting         
=========================================================

                                                 override
NICKEL_LME             Override Close because in database
OATIES           Override Reduce only because in database
RICE             Override Reduce only because in database
VIX_mini         Override Reduce only because in database
STEEL            Override Reduce only because in database
MILKWET          Override Reduce only because in database
GOLD-mini        Override Reduce only because in database
IBEX_mini        Override Reduce only because in database
IBEX             Override Reduce only because in database
GICS             Override Reduce only because in database
GAS-PEN          Override Reduce only because in database
VNKI             Override Reduce only because in database
CHINAA-CON       Override Reduce only because in database
CRUDE_W_mini     Override Reduce only because in database
AEX              Override Reduce only because in database
AEX_mini         Override Reduce only because in database
CAC              Override Reduce only because in database
COAL             Override Reduce only because in database
CNH-onshore      Override Reduce only because in database
TWD-mini         Override Reduce only because in database
GASOILINE_micro  Override Reduce only because in database

Locked instruments (position mismatch): ['SP500_micro']

==============================================
Status of adjusted price / FX price collection
==============================================

                         last_update
DJSTX-SMALL      2025-03-20 23:00:00
ETHANOL          2025-04-07 23:00:01
SGX              2025-05-05 23:00:00
CNH-onshore      2025-05-05 23:00:00
CZK              2025-05-07 23:00:00
COAL-GEORDIE     2025-05-07 23:00:00
OMX              2025-05-07 23:00:00
PLN              2025-05-07 23:00:00
COTTON           2025-05-07 23:00:00
MILKWET          2025-05-07 23:00:00
MILKDRY          2025-05-07 23:00:00
RUR              2025-05-07 23:00:00
SGD_mini         2025-05-07 23:00:00
KRWUSD           2025-05-07 23:00:00
SUGAR16          2025-05-07 23:00:00
JGB-mini         2025-05-07 23:00:00
TWD              2025-05-07 23:00:00
GASOILINE_micro  2025-05-07 23:00:00
IRS              2025-05-07 23:00:00
HOUSE-US         2025-05-07 23:00:00
CLP              2025-05-07 23:00:00
BOVESPA          2025-05-07 23:00:00
SWISSLEAD        2025-05-07 23:00:00
SGD              2025-05-08 02:00:00
FTSEVIET         2025-05-08 03:00:00
HANG_mini        2025-05-08 04:00:00
HANGTECH         2025-05-08 04:00:00
HANGENT          2025-05-08 04:00:00
HANG             2025-05-08 04:00:00
JP-REALESTATE    2025-05-08 04:00:00
FTSECHINAA       2025-05-08 04:00:00
FTSECHINAH       2025-05-08 04:00:00
KRWUSD_mini*     2025-05-08 04:00:00
IRON             2025-05-08 04:00:00
HANGENT_mini     2025-05-08 04:00:00
VNKI             2025-05-08 04:00:00
TWD-mini         2025-05-08 04:00:00
SPI200           2025-05-08 04:00:00
CHINAA-CON       2025-05-08 05:00:00
TOPIX            2025-05-08 05:00:00
JGB              2025-05-08 05:00:00
JGB-SGX-mini     2025-05-08 05:00:00
CNH              2025-05-08 05:00:00
KOSDAQ           2025-05-08 05:00:00
KOSPI            2025-05-08 05:00:00
KOSPI_mini       2025-05-08 05:00:00
KR10*            2025-05-08 05:00:00
KR3              2025-05-08 05:00:00
FTSEINDO         2025-05-08 05:00:00
RUBBER           2025-05-08 05:00:00
FTSETAIWAN       2025-05-08 05:00:00
NIKKEI*          2025-05-08 05:00:00
NIKKEI400        2025-05-08 05:00:00
MUMMY*           2025-05-08 05:00:00
MSCITAIWAN       2025-05-08 05:00:00
MSCISING*        2025-05-08 05:00:00
CH10             2025-05-08 09:00:00
MSCIWORLD        2025-05-08 10:00:00
EU-MID           2025-05-08 13:00:00
EURIBOR          2025-05-08 14:00:00
COPPER_LME       2025-05-08 14:00:00
AEX_mini         2025-05-08 14:00:00
ZINC_LME         2025-05-08 14:00:00
IBEX             2025-05-08 15:00:00
TIN_LME          2025-05-08 15:00:00
EUA              2025-05-08 15:00:00
HEATOIL-ICE      2025-05-08 15:00:00
FTSE250          2025-05-08 15:00:00
V2X*             2025-05-08 15:00:00
WHEAT_ICE        2025-05-08 15:00:00
EURIBOR-ICE      2025-05-08 15:00:00
COAL             2025-05-08 15:00:00
GILT             2025-05-08 15:00:00
EU-TECH          2025-05-08 15:00:00
FTSE100          2025-05-08 15:00:00
ALUMINIUM_LME    2025-05-08 15:00:00
EUROSTX-LARGE    2025-05-08 15:00:00
EUROSTX-SMALL    2025-05-08 15:00:00
EUROSTX200-LARGE 2025-05-08 15:00:00
GASOIL           2025-05-08 15:00:00
EU-RETAIL        2025-05-08 15:00:00
SUGAR_WHITE      2025-05-08 15:00:00
MILLWHEAT        2025-05-08 15:00:00
CRUDE_ICE        2025-05-08 15:00:00
MSCIASIA         2025-05-08 15:00:00
MIB              2025-05-08 15:00:00
SARONA           2025-05-08 15:00:00
LEAD_LME         2025-05-08 15:00:00
EPRA-EUROPE      2025-05-08 15:00:00
IBEX_mini        2025-05-08 15:00:00
EU-CHEM          2025-05-08 15:00:00
EU-CONSTRUCTION  2025-05-08 15:00:00
ROBUSTA          2025-05-08 15:00:00
EU-DJ-OIL        2025-05-08 15:00:00
EU-DJ-TECH       2025-05-08 15:00:00
NICKEL_LME       2025-05-08 15:00:00
COCOA_LDN        2025-05-08 15:00:00
EU-HOUSE         2025-05-08 15:00:00
BRENT_W          2025-05-08 15:00:00
EU-MEDIA         2025-05-08 15:00:00
SONIA3           2025-05-08 15:00:00
EU-DJ-TELECOM    2025-05-08 15:00:00
SMI-MID          2025-05-08 16:00:00
OAT              2025-05-08 16:00:00
GICS             2025-05-08 16:00:00
SMI              2025-05-08 16:00:00
GASOILINE_ICE    2025-05-08 16:00:00
SHATZ            2025-05-08 16:00:00
AEX              2025-05-08 16:00:00
BUXL             2025-05-08 16:00:00
EU-TRAVEL        2025-05-08 16:00:00
EU-REALESTATE    2025-05-08 16:00:00
EU-OIL           2025-05-08 16:00:00
EU-INSURE        2025-05-08 16:00:00
EU-HEALTH        2025-05-08 16:00:00
EU-FOOD          2025-05-08 16:00:00
EU-DJ-UTIL       2025-05-08 16:00:00
EU-DIV30         2025-05-08 16:00:00
EU-BASIC         2025-05-08 16:00:00
EU-BANKS         2025-05-08 16:00:00
EU-AUTO          2025-05-08 16:00:00
BTP*             2025-05-08 16:00:00
BONO             2025-05-08 16:00:00
BOBL             2025-05-08 16:00:00
DAX              2025-05-08 16:00:00
BTP3             2025-05-08 16:00:00
EURO600          2025-05-08 16:00:00
EU-UTILS         2025-05-08 16:00:00
ALUMINIUM        2025-05-08 16:00:00
BUND             2025-05-08 16:00:00
CAC              2025-05-08 16:00:00
EUROSTX          2025-05-08 16:00:00
GBPCHF           2025-05-08 17:00:00
WHEY             2025-05-08 17:00:00
SUGAR11          2025-05-08 17:00:00
COCOA            2025-05-08 18:00:00
AUDJPY           2025-05-08 18:00:00
GBPJPY           2025-05-08 18:00:00
US-MATERIAL      2025-05-08 18:00:00
MSCIEMASIA       2025-05-08 18:00:00
OJ               2025-05-08 18:00:00
CHFJPY           2025-05-08 18:00:00
EURCAD           2025-05-08 18:00:00
COFFEE           2025-05-08 18:00:00
CORN             2025-05-08 19:00:00
CORN_mini        2025-05-08 19:00:00
BBCOMM           2025-05-08 19:00:00
CAD2             2025-05-08 19:00:00
SOYBEAN          2025-05-08 19:00:00
R1000            2025-05-08 19:00:00
SOYMEAL*         2025-05-08 19:00:00
REDWHEAT         2025-05-08 19:00:00
SOYOIL           2025-05-08 19:00:00
CANOLA*          2025-05-08 19:00:00
STEEL            2025-05-08 19:00:00
CHEESE           2025-05-08 19:00:00
COTTON2          2025-05-08 19:00:00
RICE             2025-05-08 19:00:00
OATIES           2025-05-08 19:00:00
FEEDCOW          2025-05-08 19:00:00
SOYBEAN_mini     2025-05-08 19:00:00
US-DISCRETE      2025-05-08 19:00:00
GAS-LAST         2025-05-08 19:00:00
US-ENERGY        2025-05-08 19:00:00
ZAR              2025-05-08 19:00:00
YENEUR*          2025-05-08 19:00:00
WHEAT_mini       2025-05-08 19:00:00
GAS_US_mini*     2025-05-08 19:00:00
WHEAT*           2025-05-08 19:00:00
GBP_micro        2025-05-08 19:00:00
VIX_mini         2025-05-08 19:00:00
CRUDE_W_micro*   2025-05-08 19:00:00
HIGHYIELD        2025-05-08 19:00:00
IG               2025-05-08 19:00:00
INR              2025-05-08 19:00:00
US-INDUSTRY      2025-05-08 19:00:00
US-STAPLES       2025-05-08 19:00:00
MILK             2025-05-08 19:00:00
US-HEALTH        2025-05-08 19:00:00
LIVECOW*         2025-05-08 19:00:00
LEANHOG          2025-05-08 19:00:00
BUTTER           2025-05-08 19:00:00
DX*              2025-05-08 19:00:00
US10             2025-05-08 20:00:00
SOFR             2025-05-08 20:00:00
AUD              2025-05-08 20:00:00
BITCOIN*         2025-05-08 20:00:00
SP400            2025-05-08 20:00:00
VIX              2025-05-08 20:00:00
AUD_micro        2025-05-08 20:00:00
US5              2025-05-08 20:00:00
US30             2025-05-08 20:00:00
SP500            2025-05-08 20:00:00
US3              2025-05-08 20:00:00
SP500_micro*     2025-05-08 20:00:00
US-REALESTATE    2025-05-08 20:00:00
US2              2025-05-08 20:00:00
US10U            2025-05-08 20:00:00
BRE              2025-05-08 20:00:00
BRENT-LAST*      2025-05-08 20:00:00
US-UTILS         2025-05-08 20:00:00
US20             2025-05-08 20:00:00
PLAT             2025-05-08 20:00:00
CAD              2025-05-08 20:00:00
ETHEREUM         2025-05-08 20:00:00
JPY_mini         2025-05-08 20:00:00
JPY              2025-05-08 20:00:00
SILVER           2025-05-08 20:00:00
HEATOIL          2025-05-08 20:00:00
EURAUD           2025-05-08 20:00:00
EURCHF           2025-05-08 20:00:00
GOLD_micro       2025-05-08 20:00:00
GOLD-mini        2025-05-08 20:00:00
GOLD             2025-05-08 20:00:00
EUR_micro        2025-05-08 20:00:00
GBPEUR           2025-05-08 20:00:00
GBP              2025-05-08 20:00:00
GAS_US           2025-05-08 20:00:00
EUR_mini         2025-05-08 20:00:00
FANG             2025-05-08 20:00:00
GASOILINE        2025-05-08 20:00:00
FED              2025-05-08 20:00:00
GAS-PEN*         2025-05-08 20:00:00
ETHER-micro      2025-05-08 20:00:00
DOW_mini         2025-05-08 20:00:00
EUR              2025-05-08 20:00:00
LUMBER-new       2025-05-08 20:00:00
CAD10            2025-05-08 20:00:00
SEK              2025-05-08 20:00:00
CAD5             2025-05-08 20:00:00
RUSSELL_mini     2025-05-08 20:00:00
RUSSELL          2025-05-08 20:00:00
DOW*             2025-05-08 20:00:00
CHF              2025-05-08 20:00:00
PALLAD           2025-05-08 20:00:00
CHF_micro        2025-05-08 20:00:00
NZD              2025-05-08 20:00:00
CAD_micro        2025-05-08 20:00:00
COPPER           2025-05-08 20:00:00
NASDAQ_micro     2025-05-08 20:00:00
NASDAQ           2025-05-08 20:00:00
MXP*             2025-05-08 20:00:00
COPPER-micro     2025-05-08 20:00:00
COPPER-mini      2025-05-08 20:00:00
MSCIEAFA         2025-05-08 20:00:00
CRUDE_W          2025-05-08 20:00:00
CRUDE_W_mini     2025-05-08 20:00:00
NOK              2025-05-08 20:00:00
CHFUSD           2025-05-08 23:00:00
JPYUSD           2025-05-08 23:00:00
EURUSD           2025-05-08 23:00:00
CADUSD           2025-05-08 23:00:00
KRWUSD           2025-05-08 23:00:00
MXPUSD           2025-05-08 23:00:00
SEKUSD           2025-05-08 23:00:00
GBPUSD           2025-05-08 23:00:00
SGDUSD           2025-05-08 23:00:00
HKDUSD           2025-05-08 23:00:00
CNHUSD           2025-05-08 23:00:00
AUDUSD           2025-05-08 23:00:00


============================================================
           Status of optimal position generation            
============================================================

                                                 last_update
dynamic_TF_carry/SGX              2024-12-02 22:31:28.544775
dynamic_TF_carry/EU-TECH          2025-05-08 22:31:38.689967
dynamic_TF_carry/MILLWHEAT        2025-05-08 22:31:38.690223
dynamic_TF_carry/JPY              2025-05-08 22:31:38.690468
dynamic_TF_carry/US-REALESTATE    2025-05-08 22:31:38.690705
dynamic_TF_carry/GBPCHF           2025-05-08 22:31:38.690937
dynamic_TF_carry/EU-INSURE        2025-05-08 22:31:38.691171
dynamic_TF_carry/FTSECHINAA       2025-05-08 22:31:38.691405
dynamic_TF_carry/US-UTILS         2025-05-08 22:31:38.691638
dynamic_TF_carry/HEATOIL          2025-05-08 22:31:38.691870
dynamic_TF_carry/RUSSELL          2025-05-08 22:31:38.692101
dynamic_TF_carry/EURO600          2025-05-08 22:31:38.692334
dynamic_TF_carry/COAL             2025-05-08 22:31:38.692565
dynamic_TF_carry/TIN_LME          2025-05-08 22:31:38.692797
dynamic_TF_carry/TOPIX            2025-05-08 22:31:38.693031
dynamic_TF_carry/GOLD_micro       2025-05-08 22:31:38.693262
dynamic_TF_carry/NOK              2025-05-08 22:31:38.693494
dynamic_TF_carry/FED              2025-05-08 22:31:38.693724
dynamic_TF_carry/IRON             2025-05-08 22:31:38.693954
dynamic_TF_carry/EU-MID           2025-05-08 22:31:38.694185
dynamic_TF_carry/CAC              2025-05-08 22:31:38.694420
dynamic_TF_carry/MSCIEMASIA       2025-05-08 22:31:38.694652
dynamic_TF_carry/DAX              2025-05-08 22:31:38.694884
dynamic_TF_carry/SONIA3           2025-05-08 22:31:38.695118
dynamic_TF_carry/JGB              2025-05-08 22:31:38.695350
dynamic_TF_carry/US2              2025-05-08 22:31:38.695581
dynamic_TF_carry/PALLAD           2025-05-08 22:31:38.695812
dynamic_TF_carry/SARONA           2025-05-08 22:31:38.696044
dynamic_TF_carry/COPPER           2025-05-08 22:31:38.696275
dynamic_TF_carry/HANG_mini        2025-05-08 22:31:38.696506
dynamic_TF_carry/SUGAR_WHITE      2025-05-08 22:31:38.696738
dynamic_TF_carry/US-STAPLES       2025-05-08 22:31:38.696969
dynamic_TF_carry/COTTON           2025-05-08 22:31:38.697200
dynamic_TF_carry/R1000            2025-05-08 22:31:38.697432
dynamic_TF_carry/CAD5             2025-05-08 22:31:38.697662
dynamic_TF_carry/REDWHEAT         2025-05-08 22:31:38.697893
dynamic_TF_carry/BRE              2025-05-08 22:31:38.698125
dynamic_TF_carry/EUROSTX-LARGE    2025-05-08 22:31:38.698356
dynamic_TF_carry/GBPJPY           2025-05-08 22:31:38.698592
dynamic_TF_carry/EU-FOOD          2025-05-08 22:31:38.698823
dynamic_TF_carry/BTP3             2025-05-08 22:31:38.699054
dynamic_TF_carry/COAL-GEORDIE     2025-05-08 22:31:38.699285
dynamic_TF_carry/NIKKEI           2025-05-08 22:31:38.699516
dynamic_TF_carry/BONO             2025-05-08 22:31:38.699749
dynamic_TF_carry/SOYBEAN          2025-05-08 22:31:38.699981
dynamic_TF_carry/BITCOIN          2025-05-08 22:31:38.700211
dynamic_TF_carry/MILK             2025-05-08 22:31:38.700442
dynamic_TF_carry/CORN             2025-05-08 22:31:38.700673
dynamic_TF_carry/NZD              2025-05-08 22:31:38.700905
dynamic_TF_carry/US3              2025-05-08 22:31:38.701137
dynamic_TF_carry/FANG             2025-05-08 22:31:38.701369
dynamic_TF_carry/CHINAA-CON       2025-05-08 22:31:38.701601
dynamic_TF_carry/COCOA_LDN        2025-05-08 22:31:38.701833
dynamic_TF_carry/SEK              2025-05-08 22:31:38.702064
dynamic_TF_carry/BUND             2025-05-08 22:31:38.702296
dynamic_TF_carry/EU-HEALTH        2025-05-08 22:31:38.702532
dynamic_TF_carry/EU-TRAVEL        2025-05-08 22:31:38.702765
dynamic_TF_carry/VIX              2025-05-08 22:31:38.702996
dynamic_TF_carry/FTSEINDO         2025-05-08 22:31:38.703228
dynamic_TF_carry/KOSPI_mini       2025-05-08 22:31:38.703459
dynamic_TF_carry/SGD              2025-05-08 22:31:38.703690
dynamic_TF_carry/SUGAR11          2025-05-08 22:31:38.703921
dynamic_TF_carry/KRWUSD_mini      2025-05-08 22:31:38.704153
dynamic_TF_carry/GBPEUR           2025-05-08 22:31:38.704384
dynamic_TF_carry/COFFEE           2025-05-08 22:31:38.704615
dynamic_TF_carry/CRUDE_ICE        2025-05-08 22:31:38.704897
dynamic_TF_carry/OAT              2025-05-08 22:31:38.705133
dynamic_TF_carry/ROBUSTA          2025-05-08 22:31:38.705368
dynamic_TF_carry/EURIBOR-ICE      2025-05-08 22:31:38.705601
dynamic_TF_carry/FTSECHINAH       2025-05-08 22:31:38.705833
dynamic_TF_carry/HOUSE-US         2025-05-08 22:31:38.706067
dynamic_TF_carry/AUDJPY           2025-05-08 22:31:38.706298
dynamic_TF_carry/EURCAD           2025-05-08 22:31:38.706534
dynamic_TF_carry/V2X              2025-05-08 22:31:38.706767
dynamic_TF_carry/FEEDCOW          2025-05-08 22:31:38.707000
dynamic_TF_carry/IBEX_mini        2025-05-08 22:31:38.707231
dynamic_TF_carry/EPRA-EUROPE      2025-05-08 22:31:38.707695
dynamic_TF_carry/SPI200           2025-05-08 22:31:38.707928
dynamic_TF_carry/EUA              2025-05-08 22:31:38.708161
dynamic_TF_carry/LEAD_LME         2025-05-08 22:31:38.708623
dynamic_TF_carry/TWD              2025-05-08 22:31:38.708854
dynamic_TF_carry/NICKEL_LME       2025-05-08 22:31:38.709084
dynamic_TF_carry/IG               2025-05-08 22:31:38.709313
dynamic_TF_carry/ETHANOL          2025-05-08 22:31:38.709542
dynamic_TF_carry/IRS              2025-05-08 22:31:38.709773
dynamic_TF_carry/EURCHF           2025-05-08 22:31:38.710003
dynamic_TF_carry/COPPER-micro     2025-05-08 22:31:38.710231
dynamic_TF_carry/MILKDRY          2025-05-08 22:31:38.710466
dynamic_TF_carry/KR3              2025-05-08 22:31:38.710696
dynamic_TF_carry/KRWUSD           2025-05-08 22:31:38.710928
dynamic_TF_carry/SMI-MID          2025-05-08 22:31:38.711160
dynamic_TF_carry/DJSTX-SMALL      2025-05-08 22:31:38.711389
dynamic_TF_carry/CAD10            2025-05-08 22:31:38.711618
dynamic_TF_carry/SOYBEAN_mini     2025-05-08 22:31:38.711848
dynamic_TF_carry/WHEY             2025-05-08 22:31:38.712078
dynamic_TF_carry/CRUDE_W_micro    2025-05-08 22:31:38.712309
dynamic_TF_carry/US10U            2025-05-08 22:31:38.712539
dynamic_TF_carry/ALUMINIUM        2025-05-08 22:31:38.712768
dynamic_TF_carry/OJ               2025-05-08 22:31:38.712998
dynamic_TF_carry/BRENT-LAST       2025-05-08 22:31:38.713229
dynamic_TF_carry/EU-DIV30         2025-05-08 22:31:38.713458
dynamic_TF_carry/CAD2             2025-05-08 22:31:38.713688
dynamic_TF_carry/US20             2025-05-08 22:31:38.713917
dynamic_TF_carry/SOFR             2025-05-08 22:31:38.714147
dynamic_TF_carry/FTSEVIET         2025-05-08 22:31:38.714380
dynamic_TF_carry/CRUDE_W_mini     2025-05-08 22:31:38.714610
dynamic_TF_carry/EU-UTILS         2025-05-08 22:31:38.714839
dynamic_TF_carry/STEEL            2025-05-08 22:31:38.715068
dynamic_TF_carry/GILT             2025-05-08 22:31:38.715296
dynamic_TF_carry/SP500_micro      2025-05-08 22:31:38.715526
dynamic_TF_carry/EUROSTX200-LARGE 2025-05-08 22:31:38.715757
dynamic_TF_carry/LEANHOG          2025-05-08 22:31:38.715995
dynamic_TF_carry/GAS-PEN          2025-05-08 22:31:38.716249
dynamic_TF_carry/GAS-LAST         2025-05-08 22:31:38.716500
dynamic_TF_carry/NIKKEI400        2025-05-08 22:31:38.716749
dynamic_TF_carry/PLAT             2025-05-08 22:31:38.716999
dynamic_TF_carry/SWISSLEAD        2025-05-08 22:31:38.717499
dynamic_TF_carry/CLP              2025-05-08 22:31:38.717748
dynamic_TF_carry/EU-DJ-TELECOM    2025-05-08 22:31:38.717996
dynamic_TF_carry/CNH              2025-05-08 22:31:38.718248
dynamic_TF_carry/SP400            2025-05-08 22:31:38.718502
dynamic_TF_carry/WHEAT_ICE        2025-05-08 22:31:38.718748
dynamic_TF_carry/EUR_micro        2025-05-08 22:31:38.718992
dynamic_TF_carry/US30             2025-05-08 22:31:38.719235
dynamic_TF_carry/BOBL             2025-05-08 22:31:38.719483
dynamic_TF_carry/EU-MEDIA         2025-05-08 22:31:38.719726
dynamic_TF_carry/YENEUR           2025-05-08 22:31:38.719969
dynamic_TF_carry/EURAUD           2025-05-08 22:31:38.720214
dynamic_TF_carry/LUMBER-new       2025-05-08 22:31:38.720460
dynamic_TF_carry/CZK              2025-05-08 22:31:38.720707
dynamic_TF_carry/MSCIEAFA         2025-05-08 22:31:38.720952
dynamic_TF_carry/AUD_micro        2025-05-08 22:31:38.721197
dynamic_TF_carry/GASOILINE        2025-05-08 22:31:38.721443
dynamic_TF_carry/ZINC_LME         2025-05-08 22:31:38.721687
dynamic_TF_carry/CH10             2025-05-08 22:31:38.721935
dynamic_TF_carry/EU-RETAIL        2025-05-08 22:31:38.722186
dynamic_TF_carry/ZAR              2025-05-08 22:31:38.722437
dynamic_TF_carry/JGB-SGX-mini     2025-05-08 22:31:38.722689
dynamic_TF_carry/BUTTER           2025-05-08 22:31:38.722943
dynamic_TF_carry/MSCITAIWAN       2025-05-08 22:31:38.723192
dynamic_TF_carry/OMX              2025-05-08 22:31:38.723685
dynamic_TF_carry/EU-HOUSE         2025-05-08 22:31:38.723931
dynamic_TF_carry/KOSPI            2025-05-08 22:31:38.724180
dynamic_TF_carry/US-HEALTH        2025-05-08 22:31:38.724427
dynamic_TF_carry/EU-REALESTATE    2025-05-08 22:31:38.724668
dynamic_TF_carry/US-ENERGY        2025-05-08 22:31:38.724914
dynamic_TF_carry/FTSE250          2025-05-08 22:31:38.725163
dynamic_TF_carry/EURIBOR          2025-05-08 22:31:38.725410
dynamic_TF_carry/HANGENT_mini     2025-05-08 22:31:38.725658
dynamic_TF_carry/BOVESPA          2025-05-08 22:31:38.725909
dynamic_TF_carry/AUD              2025-05-08 22:31:38.726156
dynamic_TF_carry/WHEAT            2025-05-08 22:31:38.726404
dynamic_TF_carry/DX               2025-05-08 22:31:38.726895
dynamic_TF_carry/US10             2025-05-08 22:31:38.727389
dynamic_TF_carry/EU-AUTO          2025-05-08 22:31:38.727638
dynamic_TF_carry/COPPER_LME       2025-05-08 22:31:38.728133
dynamic_TF_carry/EU-CONSTRUCTION  2025-05-08 22:31:38.728379
dynamic_TF_carry/FTSETAIWAN       2025-05-08 22:31:38.728621
dynamic_TF_carry/GAS_US_mini      2025-05-08 22:31:38.728865
dynamic_TF_carry/HANGTECH         2025-05-08 22:31:38.729110
dynamic_TF_carry/MILKWET          2025-05-08 22:31:38.729358
dynamic_TF_carry/US-MATERIAL      2025-05-08 22:31:38.729606
dynamic_TF_carry/MSCIASIA         2025-05-08 22:31:38.729854
dynamic_TF_carry/CAD              2025-05-08 22:31:38.730101
dynamic_TF_carry/BUXL             2025-05-08 22:31:38.730345
dynamic_TF_carry/SILVER           2025-05-08 22:31:38.730597
dynamic_TF_carry/BBCOMM           2025-05-08 22:31:38.731093
dynamic_TF_carry/NASDAQ_micro     2025-05-08 22:31:38.731337
dynamic_TF_carry/CHEESE           2025-05-08 22:31:38.731580
dynamic_TF_carry/COTTON2          2025-05-08 22:31:38.731820
dynamic_TF_carry/CANOLA           2025-05-08 22:31:38.732067
dynamic_TF_carry/SUGAR16          2025-05-08 22:31:38.732312
dynamic_TF_carry/BRENT_W          2025-05-08 22:31:38.732558
dynamic_TF_carry/US-DISCRETE      2025-05-08 22:31:38.732804
dynamic_TF_carry/OATIES           2025-05-08 22:31:38.733047
dynamic_TF_carry/INR              2025-05-08 22:31:38.733294
dynamic_TF_carry/COCOA            2025-05-08 22:31:38.733539
dynamic_TF_carry/SHATZ            2025-05-08 22:31:38.733782
dynamic_TF_carry/MXP              2025-05-08 22:31:38.734027
dynamic_TF_carry/MSCISING         2025-05-08 22:31:38.734274
dynamic_TF_carry/EUR              2025-05-08 22:31:38.734525
dynamic_TF_carry/EU-CHEM          2025-05-08 22:31:38.734771
dynamic_TF_carry/HIGHYIELD        2025-05-08 22:31:38.735018
dynamic_TF_carry/EU-DJ-UTIL       2025-05-08 22:31:38.735265
dynamic_TF_carry/MUMMY            2025-05-08 22:31:38.735512
dynamic_TF_carry/SOYOIL           2025-05-08 22:31:38.735759
dynamic_TF_carry/EU-OIL           2025-05-08 22:31:38.736006
dynamic_TF_carry/SOYMEAL          2025-05-08 22:31:38.736254
dynamic_TF_carry/GASOIL           2025-05-08 22:31:38.736499
dynamic_TF_carry/RUR              2025-05-08 22:31:38.736747
dynamic_TF_carry/LIVECOW          2025-05-08 22:31:38.736994
dynamic_TF_carry/AEX              2025-05-08 22:31:38.737242
dynamic_TF_carry/BTP              2025-05-08 22:31:38.737490
dynamic_TF_carry/US5              2025-05-08 22:31:38.737739
dynamic_TF_carry/US-INDUSTRY      2025-05-08 22:31:38.737988
dynamic_TF_carry/CHF              2025-05-08 22:31:38.738489
dynamic_TF_carry/CHFJPY           2025-05-08 22:31:38.738739
dynamic_TF_carry/RUBBER           2025-05-08 22:31:38.738988
dynamic_TF_carry/RICE             2025-05-08 22:31:38.739234
dynamic_TF_carry/EU-BASIC         2025-05-08 22:31:38.739484
dynamic_TF_carry/VNKI             2025-05-08 22:31:38.739734
dynamic_TF_carry/DOW              2025-05-08 22:31:38.739984
dynamic_TF_carry/EU-BANKS         2025-05-08 22:31:38.740236
dynamic_TF_carry/GICS             2025-05-08 22:31:38.740487
dynamic_TF_carry/MSCIWORLD        2025-05-08 22:31:38.740736
dynamic_TF_carry/EUROSTX-SMALL    2025-05-08 22:31:38.740986
dynamic_TF_carry/FTSE100          2025-05-08 22:31:38.741231
dynamic_TF_carry/PLN              2025-05-08 22:31:38.741474
dynamic_TF_carry/JP-REALESTATE    2025-05-08 22:31:38.741723
dynamic_TF_carry/EUROSTX          2025-05-08 22:31:38.741974
dynamic_TF_carry/SMI              2025-05-08 22:31:38.742222
dynamic_TF_carry/KR10             2025-05-08 22:31:38.742727
dynamic_TF_carry/GBP              2025-05-08 22:31:38.742976
dynamic_TF_carry/MIB              2025-05-08 22:31:38.743224
dynamic_TF_carry/ETHEREUM         2025-05-08 22:31:38.743722
dynamic_TF_carry/KOSDAQ           2025-05-08 22:31:38.743971


======================================================================================================================
                                                Status of trade limits                                                
======================================================================================================================

                   period_days  trade_limit  trades_since_last_reset  trade_capacity_remaining   time_since_last_reset
 SP500_micro                14           14                     14.0                       0.0 13 days 07:58:06.247355
 SP500_micro                 1            4                      4.0                       0.0  0 days 07:49:02.793207
 BRENT-LAST                 30            4                      4.0                       0.0 28 days 08:58:02.975093
 HEATOIL                    30            4                      1.0                       3.0 17 days 08:58:03.672246
 DAX                         1            4                      1.0                       3.0  0 days 14:58:03.023298
 US10U                      30            4                      1.0                       3.0 27 days 07:58:05.372366
 CORN                        1            4                      0.0                       4.0  0 days 00:00:00.000003
 EU-HOUSE                    1            4                      0.0                       4.0  0 days 00:00:00.000002
 EU-DJ-UTIL                  1            4                      0.0                       4.0  0 days 00:00:00.000001
 EU-DJ-TELECOM               1            4                      0.0                       4.0  0 days 00:00:00.000001
 EU-DJ-TECH                  1            4                      0.0                       4.0  0 days 00:00:00.000002
 EU-DJ-OIL                   1            4                      0.0                       4.0  0 days 00:00:00.000001
 EU-CONSTRUCTION             1            4                      0.0                       4.0  0 days 00:00:00.000001
 ETHANOL                     1            4                      0.0                       4.0  0 days 00:00:00.000001
 COTTON                      1            4                      0.0                       4.0  0 days 00:00:00.000002
 COPPER-mini                 1            4                      0.0                       4.0  0 days 00:00:00.000001
 CNH-onshore                 1            4                      0.0                       4.0  0 days 00:00:00.000001
 CLP                         1            4                      0.0                       4.0  0 days 00:00:00.000002
 CH10                        1            4                      0.0                       4.0  0 days 00:00:00.000001
 BUTTER                      1            4                      0.0                       4.0  0 days 00:00:00.000001
 BOVESPA                     1            4                      0.0                       4.0  0 days 00:00:00.000002
 BEL20                       1            4                      0.0                       4.0  0 days 00:00:00.000001
 ALUMINIUM                   1            4                      0.0                       4.0  0 days 00:00:00.000002
 CZK                         1            4                      0.0                       4.0  0 days 00:00:00.000001
 EU-MEDIA                    1            4                      0.0                       4.0  0 days 00:00:00.000001
 EU-REALESTATE               1            4                      0.0                       4.0  0 days 00:00:00.000002
 EURCHF                      1            4                      0.0                       4.0  0 days 00:00:00.000001
 US-HEALTH                   1            4                      0.0                       4.0  0 days 00:00:00.000002
 US-ENERGY                   1            4                      0.0                       4.0  0 days 00:00:00.000001
 US-DISCRETE                 1            4                      0.0                       4.0  0 days 00:00:00.000002
 SMI-MID                     1            4                      0.0                       4.0  0 days 00:00:00.000001
 SGX                         1            4                      0.0                       4.0  0 days 00:00:00.000001
 SGD                         1            4                      0.0                       4.0  0 days 00:00:00.000002
 OMX                         1            4                      0.0                       4.0  0 days 00:00:00.000001
 MSCIASIA                    1            4                      0.0                       4.0  0 days 00:00:00.000001
 MILKWET                     1            4                      0.0                       4.0  0 days 00:00:00.000002
 MILKDRY                     1            4                      0.0                       4.0  0 days 00:00:00.000001
 MID-DAX                     1            4                      0.0                       4.0  0 days 00:00:00.000001
 JP-REALESTATE               1            4                      0.0                       4.0  0 days 00:00:00.000002
 JGB-SGX-mini                1            4                      0.0                       4.0  0 days 00:00:00.000001
 IRS                         1            4                      0.0                       4.0  0 days 00:00:00.000002
 FTSEINDO                    1            4                      0.0                       4.0  0 days 00:00:00.000001
 EUROSTX200-LARGE            1            4                      0.0                       4.0  0 days 00:00:00.000002
 EUROSTX-SMALL               1            4                      0.0                       4.0  0 days 00:00:00.000002
 EUROSTX-LARGE               1            4                      0.0                       4.0  0 days 00:00:00.000001
 EURIBOR                     1            4                      0.0                       4.0  0 days 00:00:00.000002
 EU-MID                      1            4                      0.0                       4.0  0 days 00:00:00.000002
 YENEUR                     30            4                      0.0                       4.0  0 days 00:00:00.000001
 US3                        30            4                      0.0                       4.0  0 days 00:00:00.000001
 US-INDUSTRY                 1            4                      0.0                       4.0  0 days 00:00:00.000002
 GBPEUR                     14            4                      0.0                       4.0  0 days 00:00:00.000002
 GAS-LAST                   14            4                      0.0                       4.0  0 days 00:00:00.000001
 FTSETAIWAN                 14            4                      0.0                       4.0  0 days 00:00:00.000002
 EU-TECH                    14            4                      0.0                       4.0  0 days 00:00:00.000001
 EU-CHEM                    14            4                      0.0                       4.0  0 days 00:00:00.000001
 ETHEREUM                   14            4                      0.0                       4.0  0 days 00:00:00.000001
 CNH                        14            4                      0.0                       4.0  0 days 00:00:00.000002
 BUXL                       14            4                      0.0                       4.0  0 days 00:00:00.000001
 BTP3                       14            4                      0.0                       4.0  0 days 00:00:00.000002
 BRENT-LAST                 14            4                      0.0                       4.0 10 days 08:58:01.412847
 BONO                       14            4                      0.0                       4.0  0 days 00:00:00.000002
 YENEUR                      1            4                      0.0                       4.0  0 days 00:00:00.000001
 US3                         1            4                      0.0                       4.0  0 days 00:00:00.000002
 US10U                       1            4                      0.0                       4.0  0 days 00:00:00.000001
 US-REALESTATE               1            4                      0.0                       4.0  0 days 00:00:00.000001
 TOPIX                       1            4                      0.0                       4.0  0 days 00:00:00.000002
 SP400                       1            4                      0.0                       4.0  0 days 00:00:00.000001
 SEK                         1            4                      0.0                       4.0  0 days 00:00:00.000001
 RUSSELL                     1            4                      0.0                       4.0  0 days 00:00:00.000002
 HEATOIL                    14            4                      0.0                       4.0  0 days 00:00:00.000001
 JGB                        14            4                      0.0                       4.0  0 days 00:00:00.000001
 ZAR                         1            4                      0.0                       4.0  0 days 00:00:00.000001
 NOK                        14            4                      0.0                       4.0  0 days 00:00:00.000002
 SP400                      30            4                      0.0                       4.0  0 days 00:00:00.000001
 SEK                        30            4                      0.0                       4.0  0 days 00:00:00.000001
