
********************************************************************************
                   Status report produced on 07/04/2026 22:57                   
********************************************************************************


Delayed methods: No delays

====================================
    Delayed adjusted / FX prices    
====================================

                         last_update
HIGHYIELD        2026-02-27 15:00:02
IG               2026-02-27 20:00:02
SGX              2026-03-02 23:00:01
HOUSE-US         2026-03-27 23:00:00
EUROSTX200-LARGE 2026-04-02 23:00:00
CH10             2026-04-02 23:00:00
OMX              2026-04-02 23:00:00
EPRA-EUROPE      2026-04-02 23:00:00
AEX_mini         2026-04-02 23:00:00
HANGTECH         2026-04-02 23:00:00
HANGENT_mini     2026-04-02 23:00:00
HANGENT          2026-04-02 23:00:00
HANG             2026-04-02 23:00:00
HANG_mini        2026-04-02 23:00:01


===============================================
           Delayed optimal positions           
===============================================

                                    last_update
dynamic_TF_carry/SGX 2024-12-02 22:31:28.544775

Instruments at trade limit: No constraints

================================================
         Instruments at position limit          
================================================

                 keys  position pos_limit  spare
205            CHFJPY         0       0.0    0.0
104      COAL-GEORDIE         0       0.0    0.0
199               NOK         0       0.0    0.0
99                 IG         0       0.0    0.0
96                IRS         0       0.0    0.0
95           EU-MEDIA         0       0.0    0.0
179             SP400         0       0.0    0.0
89        CNH-onshore         0       0.0    0.0
86          EU-RETAIL         0       0.0    0.0
210               SGX         0       0.0    0.0
198           SMI-MID         0       0.0    0.0
213           MILKDRY         0       0.0    0.0
72               GICS         0       0.0    0.0
71        EPRA-EUROPE         0       0.0    0.0
218              VNKI         0       0.0    0.0
68             EURCHF         0       0.0    0.0
67            BOVESPA         0       0.0    0.0
66           TWD-mini         0       0.0    0.0
62                JGB         0       0.0    0.0
222              CH10         0       0.0    0.0
55             COTTON         0       0.0    0.0
77               COAL         0       0.0    0.0
197            KRWUSD         0       0.0    0.0
107              WHEY         0       0.0    0.0
108       COPPER-mini         0       0.0    0.0
181     EU-DJ-TELECOM         0       0.0    0.0
172            BUTTER         0       0.0    0.0
171             R1000         0       0.0    0.0
169               SEK         0       0.0    0.0
187     EUROSTX-LARGE         0       0.0    0.0
165         GASOILINE         1       1.0    0.0
164       HEATOIL-ICE         0       0.0    0.0
163   GASOILINE_micro         0       0.0    0.0
160               OMX         0       0.0    0.0
151            GBPJPY         0       0.0    0.0
149          JPY_mini         0       0.0    0.0
140            EURAUD         0       0.0    0.0
134          EU-HOUSE         0       0.0    0.0
129         HIGHYIELD         0       0.0    0.0
126         EU-TRAVEL         0       0.0    0.0
125         SWISSLEAD         0       0.0    0.0
195             STEEL         0       0.0    0.0
119          JGB-mini         0       0.0    0.0
116               CLP         0       0.0    0.0
115               CZK         0       0.0    0.0
112            EURCAD         0       0.0    0.0
51             NASDAQ         0       0.0    0.0
50            MILKWET         0       0.0    0.0
180         CHF_micro         0       0.0    0.0
12          AUD_micro         5       5.0    0.0
4                 TWD         0       0.0    0.0
228   EU-CONSTRUCTION         0       0.0    0.0
37             AUDJPY         0       0.0    0.0
22           SGD_mini         0       0.0    0.0
2            AEX_mini         0       0.0    0.0
48                PLN         0       0.0    0.0
234          HOUSE-US         0       0.0    0.0
224            PALLAD         0       0.0    0.0
7    EUROSTX200-LARGE         0       0.0    0.0
9          EU-DJ-TECH         0       0.0    0.0
232           TIN_LME         0       0.0    0.0
231        COPPER_LME         0       0.0    0.0
47            EU-CHEM         0       0.0    0.0
27           ETHEREUM         0       0.0    0.0


=========================================================
         Overrides in database consider deleting         
=========================================================

                                                 override
NICKEL_LME             Override Close because in database
OATIES           Override Reduce only because in database
RICE             Override Reduce only because in database
LUMBER-new       Override Reduce only because in database
GAS_US_mini      Override Reduce only because in database
VNKI             Override Reduce only because in database
VIX_mini         Override Reduce only because in database
COPPER-mini      Override Reduce only because in database
MILKDRY          Override Reduce only because in database
TWD              Override Reduce only because in database
IBEX_mini        Override Reduce only because in database
IBEX             Override Reduce only because in database
GICS             Override Reduce only because in database
KOSPI_mini       Override Reduce only because in database
SGD              Override Reduce only because in database
CNH-onshore      Override Reduce only because in database
CRUDE_W_mini     Override Reduce only because in database
BOVESPA          Override Reduce only because in database
CHINAA-CON       Override Reduce only because in database
STEEL            Override Reduce only because in database
AEX              Override Reduce only because in database
SUGAR16          Override Reduce only because in database
AEX_mini         Override Reduce only because in database
CAC              Override Reduce only because in database
GASOILINE_micro  Override Reduce only because in database

Locked instruments (position mismatch): []

==============================================
Status of adjusted price / FX price collection
==============================================

                         last_update
HIGHYIELD        2026-02-27 15:00:02
IG               2026-02-27 20:00:02
SGX              2026-03-02 23:00:01
HOUSE-US         2026-03-27 23:00:00
EUROSTX200-LARGE 2026-04-02 23:00:00
CH10             2026-04-02 23:00:00
OMX              2026-04-02 23:00:00
EPRA-EUROPE      2026-04-02 23:00:00
AEX_mini         2026-04-02 23:00:00
HANGTECH         2026-04-02 23:00:00
HANGENT_mini*    2026-04-02 23:00:00
HANGENT          2026-04-02 23:00:00
HANG             2026-04-02 23:00:00
HANG_mini        2026-04-02 23:00:01
SGD              2026-04-06 23:00:00
GASOILINE_micro  2026-04-06 23:00:00
JGB-mini         2026-04-06 23:00:00
COTTON           2026-04-06 23:00:00
CNH-onshore      2026-04-06 23:00:00
CLP              2026-04-06 23:00:00
GAS-PEN          2026-04-06 23:00:00
IRS              2026-04-06 23:00:00
CZK              2026-04-06 23:00:00
FTSEVIET         2026-04-06 23:00:00
TWD-mini         2026-04-06 23:00:00
BOVESPA          2026-04-06 23:00:00
SUGAR16          2026-04-06 23:00:00
SGD_mini         2026-04-07 02:00:00
KRWUSD_mini      2026-04-07 04:00:00
VNKI             2026-04-07 04:00:00
IRON             2026-04-07 04:00:00
JGB-SGX-mini     2026-04-07 04:00:00
JP-REALESTATE    2026-04-07 04:00:00
MSCITAIWAN       2026-04-07 04:00:00
MUMMY*           2026-04-07 04:00:00
TWD              2026-04-07 04:00:00
FTSEINDO         2026-04-07 04:00:00
FTSECHINAH       2026-04-07 04:00:00
SPI200           2026-04-07 04:00:00
FTSECHINAA*      2026-04-07 05:00:00
JGB              2026-04-07 05:00:00
NIKKEI400        2026-04-07 05:00:00
CHINAA-CON       2026-04-07 05:00:00
KOSDAQ           2026-04-07 05:00:00
KOSPI            2026-04-07 05:00:00
RUBBER           2026-04-07 05:00:00
KR10*            2026-04-07 05:00:00
KR3              2026-04-07 05:00:00
FTSETAIWAN       2026-04-07 05:00:00
TOPIX            2026-04-07 05:00:00
KOSPI_mini       2026-04-07 05:00:00
CNH              2026-04-07 05:00:00
MSCISING         2026-04-07 05:00:00
NIKKEI           2026-04-07 05:00:00
EUROSTX-LARGE    2026-04-07 08:00:00
TIN_LME          2026-04-07 09:00:00
EU-DJ-OIL        2026-04-07 11:00:00
EURIBOR          2026-04-07 11:00:00
MSCIWORLD        2026-04-07 13:00:00
EU-DJ-TELECOM    2026-04-07 14:00:00
COAL-GEORDIE     2026-04-07 14:00:00
SMI-MID          2026-04-07 14:00:00
EU-UTILS         2026-04-07 15:00:00
EU-TRAVEL        2026-04-07 15:00:00
EU-TECH          2026-04-07 15:00:00
EU-RETAIL        2026-04-07 15:00:00
HEATOIL-ICE      2026-04-07 15:00:00
EUA              2026-04-07 15:00:00
GILT             2026-04-07 15:00:00
FTSE100          2026-04-07 15:00:00
EURIBOR-ICE      2026-04-07 15:00:00
ZINC_LME         2026-04-07 15:00:00
GASOIL           2026-04-07 15:00:00
ALUMINIUM_LME    2026-04-07 15:00:00
WHEY             2026-04-07 15:00:00
EUROSTX-SMALL    2026-04-07 15:00:00
FTSE250          2026-04-07 15:00:00
WHEAT_ICE        2026-04-07 15:00:00
ROBUSTA          2026-04-07 15:00:00
EU-INSURE        2026-04-07 15:00:00
SONIA3           2026-04-07 15:00:00
COAL             2026-04-07 15:00:00
COCOA_LDN        2026-04-07 15:00:00
NICKEL_LME       2026-04-07 15:00:00
COPPER_LME       2026-04-07 15:00:00
MILLWHEAT        2026-04-07 15:00:00
CRUDE_ICE        2026-04-07 15:00:00
EU-MEDIA         2026-04-07 15:00:00
LEAD_LME         2026-04-07 15:00:00
MIB              2026-04-07 15:00:00
SWISSLEAD        2026-04-07 15:00:00
EU-HOUSE         2026-04-07 15:00:00
IBEX             2026-04-07 15:00:00
IBEX_mini        2026-04-07 15:00:00
SARONA           2026-04-07 15:00:00
BRENT_W          2026-04-07 15:00:00
EU-CHEM          2026-04-07 15:00:00
EU-DJ-TECH       2026-04-07 15:00:00
GASOILINE_ICE    2026-04-07 16:00:00
GBPCHF           2026-04-07 16:00:00
SMI              2026-04-07 16:00:00
V2X*             2026-04-07 16:00:00
SHATZ            2026-04-07 16:00:00
OAT              2026-04-07 16:00:00
GBPJPY           2026-04-07 16:00:00
SUGAR_WHITE      2026-04-07 16:00:00
MSCIASIA         2026-04-07 16:00:00
AEX              2026-04-07 16:00:00
EU-MID           2026-04-07 16:00:00
EU-REALESTATE    2026-04-07 16:00:00
EU-OIL*          2026-04-07 16:00:00
EU-HEALTH        2026-04-07 16:00:00
EU-FOOD          2026-04-07 16:00:00
EU-DJ-UTIL       2026-04-07 16:00:00
EU-DIV30         2026-04-07 16:00:00
EU-CONSTRUCTION  2026-04-07 16:00:00
EU-BASIC*        2026-04-07 16:00:00
EU-BANKS         2026-04-07 16:00:00
EU-AUTO          2026-04-07 16:00:00
BTP3             2026-04-07 16:00:00
BTP              2026-04-07 16:00:00
DAX              2026-04-07 16:00:00
CAC              2026-04-07 16:00:00
BONO             2026-04-07 16:00:00
BUND             2026-04-07 16:00:00
EURCAD           2026-04-07 16:00:00
BOBL             2026-04-07 16:00:00
EURO600          2026-04-07 16:00:00
EUROSTX          2026-04-07 16:00:00
BUXL             2026-04-07 16:00:00
MILKWET          2026-04-07 17:00:00
SUGAR11          2026-04-07 17:00:00
KRWUSD           2026-04-07 17:00:00
OJ               2026-04-07 18:00:00
COCOA            2026-04-07 18:00:00
COFFEE           2026-04-07 18:00:00
GAS-LAST         2026-04-07 18:00:00
MILKDRY          2026-04-07 18:00:00
INR              2026-04-07 18:00:00
CHFJPY           2026-04-07 19:00:00
MSCIEMASIA       2026-04-07 19:00:00
BUTTER           2026-04-07 19:00:00
CORN_mini        2026-04-07 19:00:00
CORN             2026-04-07 19:00:00
COTTON2          2026-04-07 19:00:00
CAD2             2026-04-07 19:00:00
BRENT-LAST       2026-04-07 19:00:00
CANOLA           2026-04-07 19:00:00
SOYBEAN_mini     2026-04-07 19:00:00
STEEL            2026-04-07 19:00:00
OATIES           2026-04-07 19:00:00
CHEESE           2026-04-07 19:00:00
RICE             2026-04-07 19:00:00
REDWHEAT         2026-04-07 19:00:00
R1000            2026-04-07 19:00:00
SOYMEAL          2026-04-07 19:00:00
SOYOIL*          2026-04-07 19:00:00
SOYBEAN          2026-04-07 19:00:00
FEEDCOW          2026-04-07 19:00:00
US-HEALTH        2026-04-07 19:00:00
WHEAT_mini       2026-04-07 19:00:00
LIVECOW*         2026-04-07 19:00:00
LEANHOG*         2026-04-07 19:00:00
ALUMINIUM*       2026-04-07 19:00:00
EURAUD           2026-04-07 19:00:00
BBCOMM           2026-04-07 19:00:00
DX               2026-04-07 19:00:00
AUDJPY           2026-04-07 19:00:00
ETHEREUM         2026-04-07 19:00:00
WHEAT            2026-04-07 19:00:00
VIX              2026-04-07 20:00:00
VIX_mini         2026-04-07 20:00:00
AUD_micro*       2026-04-07 20:00:00
US-DISCRETE      2026-04-07 20:00:00
AUD              2026-04-07 20:00:00
YENEUR*          2026-04-07 20:00:00
SOFR             2026-04-07 20:00:00
ZAR              2026-04-07 20:00:00
US5              2026-04-07 20:00:00
US30             2026-04-07 20:00:00
US20             2026-04-07 20:00:00
US3              2026-04-07 20:00:00
BITCOIN*         2026-04-07 20:00:00
SP500            2026-04-07 20:00:00
SP500_micro*     2026-04-07 20:00:00
US2              2026-04-07 20:00:00
US10U            2026-04-07 20:00:00
US10*            2026-04-07 20:00:00
US-UTILS         2026-04-07 20:00:00
US-STAPLES       2026-04-07 20:00:00
US-REALESTATE    2026-04-07 20:00:00
BRE              2026-04-07 20:00:00
US-MATERIAL      2026-04-07 20:00:00
US-INDUSTRY      2026-04-07 20:00:00
US-ENERGY        2026-04-07 20:00:00
SP400            2026-04-07 20:00:00
SILVER           2026-04-07 20:00:00
PLAT             2026-04-07 20:00:00
CAD10            2026-04-07 20:00:00
ETHER-micro      2026-04-07 20:00:00
JPY_mini         2026-04-07 20:00:00
JPY              2026-04-07 20:00:00
CAD*             2026-04-07 20:00:00
EUR              2026-04-07 20:00:00
EURCHF           2026-04-07 20:00:00
GOLD_micro       2026-04-07 20:00:00
GOLD-mini        2026-04-07 20:00:00
GOLD             2026-04-07 20:00:00
DOW_mini         2026-04-07 20:00:00
GICS             2026-04-07 20:00:00
GBPEUR           2026-04-07 20:00:00
EUR_micro*       2026-04-07 20:00:00
GBP              2026-04-07 20:00:00
GAS_US_mini*     2026-04-07 20:00:00
GAS_US           2026-04-07 20:00:00
EUR_mini         2026-04-07 20:00:00
FANG             2026-04-07 20:00:00
GASOILINE*       2026-04-07 20:00:00
FED              2026-04-07 20:00:00
GBP_micro        2026-04-07 20:00:00
DOW*             2026-04-07 20:00:00
HEATOIL          2026-04-07 20:00:00
CRUDE_W_micro    2026-04-07 20:00:00
CAD5             2026-04-07 20:00:00
SEK              2026-04-07 20:00:00
CAD_micro        2026-04-07 20:00:00
RUSSELL_mini     2026-04-07 20:00:00
RUSSELL          2026-04-07 20:00:00
CRUDE_W_mini     2026-04-07 20:00:00
PALLAD           2026-04-07 20:00:00
CHF*             2026-04-07 20:00:00
NZD              2026-04-07 20:00:00
NOK              2026-04-07 20:00:00
CHF_micro        2026-04-07 20:00:00
PLN              2026-04-07 20:00:00
NASDAQ           2026-04-07 20:00:00
MXP*             2026-04-07 20:00:00
COPPER           2026-04-07 20:00:00
COPPER-micro     2026-04-07 20:00:00
COPPER-mini      2026-04-07 20:00:00
MSCIEAFA         2026-04-07 20:00:00
MILK             2026-04-07 20:00:00
CRUDE_W          2026-04-07 20:00:00
LUMBER-new       2026-04-07 20:00:00
NASDAQ_micro*    2026-04-07 20:00:00
CHFUSD           2026-04-07 23:00:00
JPYUSD           2026-04-07 23:00:00
EURUSD           2026-04-07 23:00:00
CADUSD           2026-04-07 23:00:00
KRWUSD           2026-04-07 23:00:00
MXPUSD           2026-04-07 23:00:00
SEKUSD           2026-04-07 23:00:00
GBPUSD           2026-04-07 23:00:00
SGDUSD           2026-04-07 23:00:00
HKDUSD           2026-04-07 23:00:00
CNHUSD           2026-04-07 23:00:00
AUDUSD           2026-04-07 23:00:00


============================================================
           Status of optimal position generation            
============================================================

                                                 last_update
dynamic_TF_carry/SGX              2024-12-02 22:31:28.544775
dynamic_TF_carry/OMX              2026-04-07 22:31:41.087481
dynamic_TF_carry/WHEAT            2026-04-07 22:31:41.087735
dynamic_TF_carry/EUR_micro        2026-04-07 22:31:41.087972
dynamic_TF_carry/CHEESE           2026-04-07 22:31:41.088206
dynamic_TF_carry/CH10             2026-04-07 22:31:41.088436
dynamic_TF_carry/MILKDRY          2026-04-07 22:31:41.088664
dynamic_TF_carry/US-DISCRETE      2026-04-07 22:31:41.088894
dynamic_TF_carry/GAS-LAST         2026-04-07 22:31:41.089122
dynamic_TF_carry/FANG             2026-04-07 22:31:41.089581
dynamic_TF_carry/BONO             2026-04-07 22:31:41.089811
dynamic_TF_carry/MUMMY            2026-04-07 22:31:41.090038
dynamic_TF_carry/COPPER-micro     2026-04-07 22:31:41.090266
dynamic_TF_carry/SMI              2026-04-07 22:31:41.090495
dynamic_TF_carry/SOYOIL           2026-04-07 22:31:41.090724
dynamic_TF_carry/EU-FOOD          2026-04-07 22:31:41.090953
dynamic_TF_carry/GASOILINE        2026-04-07 22:31:41.091181
dynamic_TF_carry/BTP3             2026-04-07 22:31:41.091409
dynamic_TF_carry/US-MATERIAL      2026-04-07 22:31:41.091867
dynamic_TF_carry/EU-BANKS         2026-04-07 22:31:41.092096
dynamic_TF_carry/EU-DJ-UTIL       2026-04-07 22:31:41.092325
dynamic_TF_carry/EU-INSURE        2026-04-07 22:31:41.092553
dynamic_TF_carry/OATIES           2026-04-07 22:31:41.092783
dynamic_TF_carry/EURIBOR          2026-04-07 22:31:41.093011
dynamic_TF_carry/US-HEALTH        2026-04-07 22:31:41.093467
dynamic_TF_carry/CANOLA           2026-04-07 22:31:41.093930
dynamic_TF_carry/COPPER           2026-04-07 22:31:41.094159
dynamic_TF_carry/AUDJPY           2026-04-07 22:31:41.094386
dynamic_TF_carry/EURO600          2026-04-07 22:31:41.094615
dynamic_TF_carry/CAD10            2026-04-07 22:31:41.094843
dynamic_TF_carry/HOUSE-US         2026-04-07 22:31:41.095072
dynamic_TF_carry/US30             2026-04-07 22:31:41.095300
dynamic_TF_carry/GOLD_micro       2026-04-07 22:31:41.095530
dynamic_TF_carry/HANG_mini        2026-04-07 22:31:41.095759
dynamic_TF_carry/SEK              2026-04-07 22:31:41.096218
dynamic_TF_carry/COAL             2026-04-07 22:31:41.096448
dynamic_TF_carry/MILKWET          2026-04-07 22:31:41.096677
dynamic_TF_carry/EU-DJ-TELECOM    2026-04-07 22:31:41.096906
dynamic_TF_carry/IBEX_mini        2026-04-07 22:31:41.097133
dynamic_TF_carry/MSCIEMASIA       2026-04-07 22:31:41.097362
dynamic_TF_carry/NZD              2026-04-07 22:31:41.097595
dynamic_TF_carry/COPPER_LME       2026-04-07 22:31:41.097824
dynamic_TF_carry/CAD2             2026-04-07 22:31:41.098054
dynamic_TF_carry/CLP              2026-04-07 22:31:41.098282
dynamic_TF_carry/MSCIWORLD        2026-04-07 22:31:41.098510
dynamic_TF_carry/NOK              2026-04-07 22:31:41.098739
dynamic_TF_carry/IRS              2026-04-07 22:31:41.098969
dynamic_TF_carry/TIN_LME          2026-04-07 22:31:41.099197
dynamic_TF_carry/GBPEUR           2026-04-07 22:31:41.099424
dynamic_TF_carry/US10             2026-04-07 22:31:41.099652
dynamic_TF_carry/SMI-MID          2026-04-07 22:31:41.099882
dynamic_TF_carry/SP400            2026-04-07 22:31:41.100110
dynamic_TF_carry/BUXL             2026-04-07 22:31:41.100338
dynamic_TF_carry/JGB-SGX-mini     2026-04-07 22:31:41.100567
dynamic_TF_carry/VIX              2026-04-07 22:31:41.100796
dynamic_TF_carry/BRENT_W          2026-04-07 22:31:41.101025
dynamic_TF_carry/FTSE100          2026-04-07 22:31:41.101255
dynamic_TF_carry/SOYBEAN_mini     2026-04-07 22:31:41.101483
dynamic_TF_carry/ROBUSTA          2026-04-07 22:31:41.101714
dynamic_TF_carry/EU-UTILS         2026-04-07 22:31:41.101943
dynamic_TF_carry/OAT              2026-04-07 22:31:41.102171
dynamic_TF_carry/BUND             2026-04-07 22:31:41.102399
dynamic_TF_carry/CAD              2026-04-07 22:31:41.102629
dynamic_TF_carry/LUMBER-new       2026-04-07 22:31:41.102857
dynamic_TF_carry/CRUDE_W_mini     2026-04-07 22:31:41.103085
dynamic_TF_carry/US2              2026-04-07 22:31:41.103313
dynamic_TF_carry/US-UTILS         2026-04-07 22:31:41.103540
dynamic_TF_carry/HEATOIL          2026-04-07 22:31:41.103769
dynamic_TF_carry/CORN             2026-04-07 22:31:41.103998
dynamic_TF_carry/FTSETAIWAN       2026-04-07 22:31:41.104227
dynamic_TF_carry/STEEL            2026-04-07 22:31:41.104456
dynamic_TF_carry/FTSEVIET         2026-04-07 22:31:41.104684
dynamic_TF_carry/TOPIX            2026-04-07 22:31:41.104912
dynamic_TF_carry/US10U            2026-04-07 22:31:41.105141
dynamic_TF_carry/PALLAD           2026-04-07 22:31:41.105371
dynamic_TF_carry/JP-REALESTATE    2026-04-07 22:31:41.105604
dynamic_TF_carry/RUBBER           2026-04-07 22:31:41.105834
dynamic_TF_carry/ETHEREUM         2026-04-07 22:31:41.106292
dynamic_TF_carry/INR              2026-04-07 22:31:41.106520
dynamic_TF_carry/KRWUSD_mini      2026-04-07 22:31:41.106750
dynamic_TF_carry/ZAR              2026-04-07 22:31:41.107208
dynamic_TF_carry/MIB              2026-04-07 22:31:41.107897
dynamic_TF_carry/US-STAPLES       2026-04-07 22:31:41.108126
dynamic_TF_carry/SUGAR11          2026-04-07 22:31:41.108355
dynamic_TF_carry/EPRA-EUROPE      2026-04-07 22:31:41.108584
dynamic_TF_carry/SGD              2026-04-07 22:31:41.108815
dynamic_TF_carry/EU-BASIC         2026-04-07 22:31:41.109044
dynamic_TF_carry/COTTON           2026-04-07 22:31:41.109273
dynamic_TF_carry/BBCOMM           2026-04-07 22:31:41.109502
dynamic_TF_carry/BTP              2026-04-07 22:31:41.109734
dynamic_TF_carry/COAL-GEORDIE     2026-04-07 22:31:41.109963
dynamic_TF_carry/JPY              2026-04-07 22:31:41.110193
dynamic_TF_carry/WHEY             2026-04-07 22:31:41.110422
dynamic_TF_carry/NIKKEI400        2026-04-07 22:31:41.110650
dynamic_TF_carry/DAX              2026-04-07 22:31:41.110879
dynamic_TF_carry/CRUDE_W_micro    2026-04-07 22:31:41.111108
dynamic_TF_carry/EU-TRAVEL        2026-04-07 22:31:41.111337
dynamic_TF_carry/RUSSELL          2026-04-07 22:31:41.111605
dynamic_TF_carry/ZINC_LME         2026-04-07 22:31:41.111836
dynamic_TF_carry/EU-OIL           2026-04-07 22:31:41.112065
dynamic_TF_carry/SPI200           2026-04-07 22:31:41.112524
dynamic_TF_carry/EURCAD           2026-04-07 22:31:41.112754
dynamic_TF_carry/GAS-PEN          2026-04-07 22:31:41.112983
dynamic_TF_carry/SHATZ            2026-04-07 22:31:41.113212
dynamic_TF_carry/MILLWHEAT        2026-04-07 22:31:41.113440
dynamic_TF_carry/DOW              2026-04-07 22:31:41.113673
dynamic_TF_carry/EUROSTX-LARGE    2026-04-07 22:31:41.113902
dynamic_TF_carry/KR10             2026-04-07 22:31:41.114130
dynamic_TF_carry/EURIBOR-ICE      2026-04-07 22:31:41.114359
dynamic_TF_carry/EU-HOUSE         2026-04-07 22:31:41.114587
dynamic_TF_carry/REDWHEAT         2026-04-07 22:31:41.114815
dynamic_TF_carry/SUGAR_WHITE      2026-04-07 22:31:41.115043
dynamic_TF_carry/US-REALESTATE    2026-04-07 22:31:41.115272
dynamic_TF_carry/EUA              2026-04-07 22:31:41.115728
dynamic_TF_carry/NIKKEI           2026-04-07 22:31:41.116186
dynamic_TF_carry/EU-REALESTATE    2026-04-07 22:31:41.116416
dynamic_TF_carry/GBPJPY           2026-04-07 22:31:41.116645
dynamic_TF_carry/SOYBEAN          2026-04-07 22:31:41.116873
dynamic_TF_carry/SARONA           2026-04-07 22:31:41.117103
dynamic_TF_carry/JGB              2026-04-07 22:31:41.117332
dynamic_TF_carry/BOVESPA          2026-04-07 22:31:41.117560
dynamic_TF_carry/LEANHOG          2026-04-07 22:31:41.117794
dynamic_TF_carry/OJ               2026-04-07 22:31:41.118023
dynamic_TF_carry/BRE              2026-04-07 22:31:41.118250
dynamic_TF_carry/SUGAR16          2026-04-07 22:31:41.118479
dynamic_TF_carry/BRENT-LAST       2026-04-07 22:31:41.118709
dynamic_TF_carry/ALUMINIUM        2026-04-07 22:31:41.118939
dynamic_TF_carry/GBPCHF           2026-04-07 22:31:41.119168
dynamic_TF_carry/FTSECHINAA       2026-04-07 22:31:41.119398
dynamic_TF_carry/GAS_US_mini      2026-04-07 22:31:41.119626
dynamic_TF_carry/KR3              2026-04-07 22:31:41.119854
dynamic_TF_carry/SILVER           2026-04-07 22:31:41.120082
dynamic_TF_carry/BITCOIN          2026-04-07 22:31:41.120310
dynamic_TF_carry/FEEDCOW          2026-04-07 22:31:41.120541
dynamic_TF_carry/RICE             2026-04-07 22:31:41.120771
dynamic_TF_carry/SOYMEAL          2026-04-07 22:31:41.120998
dynamic_TF_carry/US5              2026-04-07 22:31:41.121226
dynamic_TF_carry/CNH              2026-04-07 22:31:41.121455
dynamic_TF_carry/EUROSTX200-LARGE 2026-04-07 22:31:41.121686
dynamic_TF_carry/IG               2026-04-07 22:31:41.121917
dynamic_TF_carry/CZK              2026-04-07 22:31:41.122145
dynamic_TF_carry/SONIA3           2026-04-07 22:31:41.122372
dynamic_TF_carry/EUR              2026-04-07 22:31:41.122602
dynamic_TF_carry/LEAD_LME         2026-04-07 22:31:41.122831
dynamic_TF_carry/PLAT             2026-04-07 22:31:41.123060
dynamic_TF_carry/GBP              2026-04-07 22:31:41.123289
dynamic_TF_carry/CRUDE_ICE        2026-04-07 22:31:41.123520
dynamic_TF_carry/SOFR             2026-04-07 22:31:41.123750
dynamic_TF_carry/CHINAA-CON       2026-04-07 22:31:41.123980
dynamic_TF_carry/SWISSLEAD        2026-04-07 22:31:41.124210
dynamic_TF_carry/EU-MEDIA         2026-04-07 22:31:41.124438
dynamic_TF_carry/EUROSTX          2026-04-07 22:31:41.124666
dynamic_TF_carry/EU-MID           2026-04-07 22:31:41.124895
dynamic_TF_carry/HIGHYIELD        2026-04-07 22:31:41.125122
dynamic_TF_carry/BOBL             2026-04-07 22:31:41.125351
dynamic_TF_carry/R1000            2026-04-07 22:31:41.125582
dynamic_TF_carry/US3              2026-04-07 22:31:41.125811
dynamic_TF_carry/EU-CONSTRUCTION  2026-04-07 22:31:41.126041
dynamic_TF_carry/AUD              2026-04-07 22:31:41.126271
dynamic_TF_carry/FTSECHINAH       2026-04-07 22:31:41.126500
dynamic_TF_carry/MSCITAIWAN       2026-04-07 22:31:41.126730
dynamic_TF_carry/KOSPI            2026-04-07 22:31:41.127188
dynamic_TF_carry/MILK             2026-04-07 22:31:41.127417
dynamic_TF_carry/GICS             2026-04-07 22:31:41.127646
dynamic_TF_carry/AEX              2026-04-07 22:31:41.127916
dynamic_TF_carry/COFFEE           2026-04-07 22:31:41.128148
dynamic_TF_carry/COCOA_LDN        2026-04-07 22:31:41.128378
dynamic_TF_carry/V2X              2026-04-07 22:31:41.128608
dynamic_TF_carry/MSCIASIA         2026-04-07 22:31:41.128838
dynamic_TF_carry/US-ENERGY        2026-04-07 22:31:41.129067
dynamic_TF_carry/US20             2026-04-07 22:31:41.129297
dynamic_TF_carry/VNKI             2026-04-07 22:31:41.129525
dynamic_TF_carry/FTSEINDO         2026-04-07 22:31:41.129761
dynamic_TF_carry/WHEAT_ICE        2026-04-07 22:31:41.129990
dynamic_TF_carry/CHF              2026-04-07 22:31:41.130219
dynamic_TF_carry/COCOA            2026-04-07 22:31:41.130447
dynamic_TF_carry/HANGENT_mini     2026-04-07 22:31:41.130676
dynamic_TF_carry/BUTTER           2026-04-07 22:31:41.130905
dynamic_TF_carry/EU-CHEM          2026-04-07 22:31:41.131133
dynamic_TF_carry/YENEUR           2026-04-07 22:31:41.131362
dynamic_TF_carry/EUROSTX-SMALL    2026-04-07 22:31:41.131590
dynamic_TF_carry/EU-RETAIL        2026-04-07 22:31:41.131819
dynamic_TF_carry/US-INDUSTRY      2026-04-07 22:31:41.132277
dynamic_TF_carry/CHFJPY           2026-04-07 22:31:41.132507
dynamic_TF_carry/FTSE250          2026-04-07 22:31:41.132736
dynamic_TF_carry/EU-AUTO          2026-04-07 22:31:41.132965
dynamic_TF_carry/EURCHF           2026-04-07 22:31:41.133193
dynamic_TF_carry/GILT             2026-04-07 22:31:41.133423
dynamic_TF_carry/IRON             2026-04-07 22:31:41.133655
dynamic_TF_carry/KRWUSD           2026-04-07 22:31:41.133888
dynamic_TF_carry/MSCISING         2026-04-07 22:31:41.134119
dynamic_TF_carry/PLN              2026-04-07 22:31:41.134350
dynamic_TF_carry/COTTON2          2026-04-07 22:31:41.134580
dynamic_TF_carry/HANGTECH         2026-04-07 22:31:41.134810
dynamic_TF_carry/LIVECOW          2026-04-07 22:31:41.135039
dynamic_TF_carry/SP500_micro      2026-04-07 22:31:41.135268
dynamic_TF_carry/CAD5             2026-04-07 22:31:41.135498
dynamic_TF_carry/CAC              2026-04-07 22:31:41.135726
dynamic_TF_carry/EU-DIV30         2026-04-07 22:31:41.135955
dynamic_TF_carry/EU-TECH          2026-04-07 22:31:41.136185
dynamic_TF_carry/FED              2026-04-07 22:31:41.136414
dynamic_TF_carry/GASOIL           2026-04-07 22:31:41.136643
dynamic_TF_carry/KOSDAQ           2026-04-07 22:31:41.136877
dynamic_TF_carry/KOSPI_mini       2026-04-07 22:31:41.137107
dynamic_TF_carry/TWD              2026-04-07 22:31:41.137337
dynamic_TF_carry/MXP              2026-04-07 22:31:41.137570
dynamic_TF_carry/NICKEL_LME       2026-04-07 22:31:41.137801
dynamic_TF_carry/NASDAQ_micro     2026-04-07 22:31:41.138031
dynamic_TF_carry/DX               2026-04-07 22:31:41.138261
dynamic_TF_carry/EU-HEALTH        2026-04-07 22:31:41.138490
dynamic_TF_carry/EURAUD           2026-04-07 22:31:41.138720
dynamic_TF_carry/AUD_micro        2026-04-07 22:31:41.138950
dynamic_TF_carry/MSCIEAFA         2026-04-07 22:31:41.139179


======================================================================================================================
                                                Status of trade limits                                                
======================================================================================================================

                   period_days  trade_limit  trades_since_last_reset  trade_capacity_remaining   time_since_last_reset
 JPY                        14            4                      2.0                       2.0 12 days 07:58:33.293319
 JPY                        30            5                      2.0                       3.0 12 days 07:58:33.294813
 CORN                        1            4                      0.0                       4.0  0 days 00:00:00.000003
 EU-MEDIA                    1            4                      0.0                       4.0  0 days 00:00:00.000002
 EU-HOUSE                    1            4                      0.0                       4.0  0 days 00:00:00.000002
 EU-DJ-UTIL                  1            4                      0.0                       4.0  0 days 00:00:00.000001
 EU-DJ-TELECOM               1            4                      0.0                       4.0  0 days 00:00:00.000002
 EU-DJ-TECH                  1            4                      0.0                       4.0  0 days 00:00:00.000001
 EU-DJ-OIL                   1            4                      0.0                       4.0  0 days 00:00:00.000002
 EU-CONSTRUCTION             1            4                      0.0                       4.0  0 days 00:00:00.000002
 CZK                         1            4                      0.0                       4.0  0 days 00:00:00.000001
 COTTON                      1            4                      0.0                       4.0  0 days 00:00:00.000001
 COPPER-mini                 1            4                      0.0                       4.0  0 days 00:00:00.000002
 CLP                         1            4                      0.0                       4.0  0 days 00:00:00.000002
 CH10                        1            4                      0.0                       4.0  0 days 00:00:00.000001
 BUTTER                      1            4                      0.0                       4.0  0 days 00:00:00.000002
 BOVESPA                     1            4                      0.0                       4.0  0 days 00:00:00.000002
 BEL20                       1            4                      0.0                       4.0  0 days 00:00:00.000001
 ALUMINIUM                   1            4                      0.0                       4.0  0 days 00:00:00.000002
 YENEUR                     30            4                      0.0                       4.0 12 days 07:58:40.405208
 US30                       30            4                      0.0                       4.0  0 days 00:00:00.000001
 CNH-onshore                 1            4                      0.0                       4.0  0 days 00:00:00.000001
 EU-MID                      1            4                      0.0                       4.0  0 days 00:00:00.000001
 EU-REALESTATE               1            4                      0.0                       4.0  0 days 00:00:00.000002
 EURCHF                      1            4                      0.0                       4.0  0 days 00:00:00.000001
 US-HEALTH                   1            4                      0.0                       4.0  0 days 00:00:00.000002
 US-ENERGY                   1            4                      0.0                       4.0  0 days 00:00:00.000001
 US-DISCRETE                 1            4                      0.0                       4.0  0 days 00:00:00.000002
 SMI-MID                     1            4                      0.0                       4.0  0 days 00:00:00.000001
 SGX                         1            4                      0.0                       4.0  0 days 00:00:00.000002
 SGD                         1            4                      0.0                       4.0  0 days 00:00:00.000001
 OMX                         1            4                      0.0                       4.0  0 days 00:00:00.000002
 MSCIASIA                    1            4                      0.0                       4.0  0 days 00:00:00.000001
 MILKWET                     1            4                      0.0                       4.0  0 days 00:00:00.000002
 MILKDRY                     1            4                      0.0                       4.0  0 days 00:00:00.000002
 MID-DAX                     1            4                      0.0                       4.0  0 days 00:00:00.000001
 JP-REALESTATE               1            4                      0.0                       4.0  0 days 00:00:00.000002
 JGB-SGX-mini                1            4                      0.0                       4.0  0 days 00:00:00.000001
 IRS                         1            4                      0.0                       4.0  0 days 00:00:00.000002
 FTSEINDO                    1            4                      0.0                       4.0  0 days 00:00:00.000001
 EUROSTX200-LARGE            1            4                      0.0                       4.0  0 days 00:00:00.000002
 EUROSTX-SMALL               1            4                      0.0                       4.0  0 days 00:00:00.000002
 EUROSTX-LARGE               1            4                      0.0                       4.0  0 days 00:00:00.000001
 EURIBOR                     1            4                      0.0                       4.0  0 days 00:00:00.000002
 US3                        30            4                      0.0                       4.0  0 days 00:00:00.000002
 US10U                      30            4                      0.0                       4.0  0 days 00:00:00.000001
 SP400                      30            4                      0.0                       4.0  0 days 00:00:00.000002
 SEK                        30            4                      0.0                       4.0  0 days 00:00:00.000002
 GBPEUR                     14            4                      0.0                       4.0  0 days 00:00:00.000001
 GAS-LAST                   14            4                      0.0                       4.0  0 days 00:00:00.000002
 FTSETAIWAN                 14            4                      0.0                       4.0  0 days 00:00:00.000001
 EU-TECH                    14            4                      0.0                       4.0  0 days 00:00:00.000001
 EU-CHEM                    14            4                      0.0                       4.0  0 days 00:00:00.000002
 ETHEREUM                   14            4                      0.0                       4.0  0 days 00:00:00.000002
 CNH                        14            4                      0.0                       4.0  0 days 00:00:00.000002
 BUXL                       14            4                      0.0                       4.0  0 days 00:00:00.000002
 BTP3                       14            4                      0.0                       4.0  0 days 00:00:00.000002
 BRENT-LAST                 14            4                      0.0                       4.0  0 days 00:00:00.000001
 BONO                       14            4                      0.0                       4.0  0 days 00:00:00.000002
 YENEUR                      1            4                      0.0                       4.0  0 days 00:00:00.000001
 US3                         1            4                      0.0                       4.0  0 days 00:00:00.000002
 US10U                       1            4                      0.0                       4.0  0 days 00:00:00.000001
 US-REALESTATE               1            4                      0.0                       4.0  0 days 00:00:00.000002
 TOPIX                       1            4                      0.0                       4.0  0 days 00:00:00.000005
 SP400                       1            4                      0.0                       4.0  0 days 00:00:00.000001
 SEK                         1            4                      0.0                       4.0  0 days 00:00:00.000002
 RUSSELL                     1            4                      0.0                       4.0  0 days 00:00:00.000001
 HEATOIL                    14            4                      0.0                       4.0  0 days 00:00:00.000002
 JGB                        14            4                      0.0                       4.0  0 days 00:00:00.000001
 ZAR                         1            4                      0.0                       4.0  0 days 00:00:00.000001
 NOK                        14            4                      0.0                       4.0  0 days 00:00:00.000001
 NOK                        30            4                      0.0                       4.0  0 days 00:00:00.000001
 JGB                        30            4                      0.0                       4.0  0 days 00:00:00.000002
 HEATOIL                    30            4                      0.0                       4.0  0 days 00:00:00.000001
 GBPEUR                     30            4                      0.0                       4.0  0 days 00:00:00.000001
 GASOILINE                  30            4                      0.0                       4.0 21 days 08:58:39.618059
 GAS-LAST                   30            4                      0.0                       4.0  0 days 00:00:00.000002
 ETHEREUM                   30            4                      0.0                       4.0  0 days 00:00:00.000001
 CHF                        30            4                      0.0                       4.0 18 days 07:58:48.533948
 BUXL                       30            4                      0.0                       4.0  0 days 00:00:00.000002
 US-INDUSTRY                 1            4                      0.0                       4.0  0 days 00:00:00.000001
 BTP3                       30            4                      0.0                       4.0  0 days 00:00:00.000001
 BONO                       30            4                      0.0                       4.0  0 days 00:00:00.000002
 YENEUR                     14            4                      0.0                       4.0 12 days 07:58:40.407906
 US30                       14            4                      0.0                       4.0  0 days 00:00:00.000002
 US3                        14            4                      0.0                       4.0  0 days 00:00:00.000001
