
********************************************************************************
                   Status report produced on 06/01/2026 22:58                   
********************************************************************************


Delayed methods: No delays

=============================
Delayed adjusted / FX prices 
=============================

                  last_update
IG        2025-11-28 16:00:02
HIGHYIELD 2025-11-28 16:00:02


===============================================
           Delayed optimal positions           
===============================================

                                    last_update
dynamic_TF_carry/SGX 2024-12-02 22:31:28.544775

Instruments at trade limit: No constraints

================================================
         Instruments at position limit          
================================================

                 keys  position pos_limit  spare
0              KRWUSD         0       0.0    0.0
135         CHF_micro         0       0.0    0.0
132         HIGHYIELD         0       0.0    0.0
128              BUXL        -1       1.0    0.0
124     EU-DJ-TELECOM         0       0.0    0.0
119         EU-TRAVEL         0       0.0    0.0
117            PALLAD         0       0.0    0.0
112               IRS         0       0.0    0.0
110           SMI-MID         0       0.0    0.0
107          EU-HOUSE         0       0.0    0.0
105               PLN         0       0.0    0.0
101              GICS         0       0.0    0.0
97             GBPJPY         0       0.0    0.0
93                NOK         0       0.0    0.0
89             BUTTER         0       0.0    0.0
81           ETHEREUM         0       0.0    0.0
78                SEK         0       0.0    0.0
76       COAL-GEORDIE         0       0.0    0.0
72        CNH-onshore         0       0.0    0.0
66    GASOILINE_micro         0       0.0    0.0
65           HOUSE-US         0       0.0    0.0
64        HEATOIL-ICE         0       0.0    0.0
137           MILKWET         0       0.0    0.0
138              WHEY         0       0.0    0.0
142           GAS-PEN        -1       1.0    0.0
144           BOVESPA         0       0.0    0.0
241               OMX         0       0.0    0.0
240          AEX_mini         0       0.0    0.0
234            EURCHF         0       0.0    0.0
231              COAL         0       0.0    0.0
227       EPRA-EUROPE         0       0.0    0.0
225                IG         0       0.0    0.0
219         SWISSLEAD         0       0.0    0.0
218          EU-MEDIA         0       0.0    0.0
212               CLP         0       0.0    0.0
198            NASDAQ         0       0.0    0.0
62              SP400         0       0.0    0.0
195               MIB         1       1.0    0.0
182          JGB-mini         0       0.0    0.0
179        COPPER_LME         0       0.0    0.0
176           TIN_LME         0       0.0    0.0
174               TWD         0       0.0    0.0
169              CH10         0       0.0    0.0
168          TWD-mini         0       0.0    0.0
165   EU-CONSTRUCTION         0       0.0    0.0
164       COPPER-mini         0       0.0    0.0
163            COTTON         0       0.0    0.0
146        EU-DJ-TECH         0       0.0    0.0
189               JGB         0       0.0    0.0
51             AUDJPY         0       0.0    0.0
244            EURCAD         0       0.0    0.0
49                AEX         1       1.0    0.0
39             CHFJPY         0       0.0    0.0
35              R1000         0       0.0    0.0
32          EU-RETAIL         0       0.0    0.0
31             EURAUD         0       0.0    0.0
22           MSCIEAFA         2       2.0    0.0
21             YENEUR         2       2.0    0.0
18                SGX         0       0.0    0.0
17            MILKDRY         0       0.0    0.0
16   EUROSTX200-LARGE         0       0.0    0.0
46            EU-CHEM         0       0.0    0.0
47               VNKI         0       0.0    0.0
20      EUROSTX-LARGE         0       0.0    0.0
38           JPY_mini         0       0.0    0.0
2            SGD_mini         0       0.0    0.0
9                 CZK         0       0.0    0.0
5               STEEL         0       0.0    0.0


=========================================================
         Overrides in database consider deleting         
=========================================================

                                                 override
NICKEL_LME             Override Close because in database
OATIES           Override Reduce only because in database
VNKI             Override Reduce only because in database
COAL             Override Reduce only because in database
WHEY             Override Reduce only because in database
CRUDE_W_mini     Override Reduce only because in database
GAS_US_mini      Override Reduce only because in database
VIX_mini         Override Reduce only because in database
RICE             Override Reduce only because in database
IBEX_mini        Override Reduce only because in database
IBEX             Override Reduce only because in database
GICS             Override Reduce only because in database
GOLD-mini        Override Reduce only because in database
CHINAA-CON       Override Reduce only because in database
STEEL            Override Reduce only because in database
AEX              Override Reduce only because in database
AEX_mini         Override Reduce only because in database
CAC              Override Reduce only because in database
GASOILINE_micro  Override Reduce only because in database

Locked instruments (position mismatch): []

==============================================
Status of adjusted price / FX price collection
==============================================

                         last_update
IG               2025-11-28 16:00:02
HIGHYIELD        2025-11-28 16:00:02
GBPJPY           2026-01-05 23:00:00
MSCIWORLD        2026-01-05 23:00:00
SGD_mini         2026-01-05 23:00:00
SGD              2026-01-05 23:00:00
CH10             2026-01-05 23:00:00
KRWUSD           2026-01-05 23:00:00
CHFJPY           2026-01-05 23:00:00
EUROSTX200-LARGE 2026-01-05 23:00:00
HOUSE-US         2026-01-05 23:00:00
CLP              2026-01-05 23:00:00
CNH-onshore      2026-01-05 23:00:00
MILKWET          2026-01-05 23:00:00
OMX              2026-01-05 23:00:00
CZK              2026-01-05 23:00:00
MSCIEMASIA       2026-01-05 23:00:00
GBPCHF           2026-01-05 23:00:00
GASOILINE_micro  2026-01-05 23:00:00
SGX              2026-01-05 23:00:00
COTTON           2026-01-05 23:00:00
WHEY             2026-01-05 23:00:00
TWD-mini         2026-01-05 23:00:00
BOVESPA          2026-01-05 23:00:00
IRS              2026-01-05 23:00:00
JGB-mini         2026-01-05 23:00:00
SWISSLEAD        2026-01-05 23:00:00
SUGAR16          2026-01-05 23:00:00
TWD              2026-01-06 03:00:00
FTSEINDO         2026-01-06 03:00:00
FTSEVIET         2026-01-06 03:00:00
MSCITAIWAN*      2026-01-06 04:00:00
JP-REALESTATE    2026-01-06 04:00:00
KRWUSD_mini*     2026-01-06 04:00:00
IRON             2026-01-06 04:00:00
MUMMY            2026-01-06 04:00:00
SPI200           2026-01-06 04:00:00
CNH              2026-01-06 04:00:00
VNKI             2026-01-06 04:00:00
HANG_mini        2026-01-06 05:00:00
MSCISING         2026-01-06 05:00:00
KR10             2026-01-06 05:00:00
KR3              2026-01-06 05:00:00
KOSDAQ           2026-01-06 05:00:00
KOSPI            2026-01-06 05:00:00
KOSPI_mini       2026-01-06 05:00:00
JGB              2026-01-06 05:00:00
JGB-SGX-mini     2026-01-06 05:00:00
HANGTECH         2026-01-06 05:00:00
HANGENT_mini     2026-01-06 05:00:00
NIKKEI           2026-01-06 05:00:00
NIKKEI400        2026-01-06 05:00:00
HANGENT          2026-01-06 05:00:00
HANG             2026-01-06 05:00:00
CHINAA-CON       2026-01-06 05:00:00
TOPIX*           2026-01-06 05:00:00
FTSECHINAA*      2026-01-06 05:00:00
RUBBER           2026-01-06 05:00:00
FTSECHINAH       2026-01-06 05:00:00
FTSETAIWAN       2026-01-06 05:00:00
EU-DJ-TELECOM    2026-01-06 11:00:00
EU-MID           2026-01-06 12:00:00
EU-TRAVEL        2026-01-06 14:00:00
AEX_mini         2026-01-06 14:00:00
TIN_LME          2026-01-06 14:00:00
EPRA-EUROPE      2026-01-06 14:00:00
COAL             2026-01-06 14:00:00
SMI-MID          2026-01-06 14:00:00
EU-TECH          2026-01-06 15:00:00
EURIBOR          2026-01-06 15:00:00
FTSE100          2026-01-06 15:00:00
IBEX             2026-01-06 15:00:00
EUA              2026-01-06 15:00:00
EURIBOR-ICE      2026-01-06 15:00:00
GICS             2026-01-06 15:00:00
GILT             2026-01-06 15:00:00
HEATOIL-ICE      2026-01-06 15:00:00
FTSE250          2026-01-06 15:00:00
EUROSTX-LARGE    2026-01-06 15:00:00
MILLWHEAT        2026-01-06 15:00:00
EU-INSURE        2026-01-06 15:00:00
ZINC_LME         2026-01-06 15:00:00
ALUMINIUM_LME    2026-01-06 15:00:00
WHEAT_ICE        2026-01-06 15:00:00
V2X              2026-01-06 15:00:00
BONO             2026-01-06 15:00:00
BRENT_W          2026-01-06 15:00:00
SONIA3           2026-01-06 15:00:00
SARONA           2026-01-06 15:00:00
ROBUSTA          2026-01-06 15:00:00
IBEX_mini        2026-01-06 15:00:00
COAL-GEORDIE     2026-01-06 15:00:00
GASOIL           2026-01-06 15:00:00
GAS-PEN*         2026-01-06 15:00:00
NICKEL_LME       2026-01-06 15:00:00
COPPER_LME       2026-01-06 15:00:00
CRUDE_ICE        2026-01-06 15:00:00
EU-DJ-OIL        2026-01-06 15:00:00
EU-CONSTRUCTION  2026-01-06 15:00:00
EU-CHEM          2026-01-06 15:00:00
COCOA_LDN        2026-01-06 15:00:00
MIB*             2026-01-06 15:00:00
LEAD_LME         2026-01-06 15:00:00
GASOILINE_ICE    2026-01-06 16:00:00
OAT              2026-01-06 16:00:00
MSCIASIA         2026-01-06 16:00:00
SMI              2026-01-06 16:00:00
SHATZ            2026-01-06 16:00:00
SUGAR_WHITE      2026-01-06 16:00:00
PLN              2026-01-06 16:00:00
AEX*             2026-01-06 16:00:00
CAC              2026-01-06 16:00:00
EU-RETAIL        2026-01-06 16:00:00
EU-REALESTATE    2026-01-06 16:00:00
EU-OIL           2026-01-06 16:00:00
EU-MEDIA         2026-01-06 16:00:00
EU-HOUSE         2026-01-06 16:00:00
EU-HEALTH        2026-01-06 16:00:00
EU-FOOD          2026-01-06 16:00:00
EU-DJ-UTIL       2026-01-06 16:00:00
BUND             2026-01-06 16:00:00
EU-DJ-TECH       2026-01-06 16:00:00
EU-DIV30         2026-01-06 16:00:00
EU-BASIC         2026-01-06 16:00:00
EU-BANKS         2026-01-06 16:00:00
EU-AUTO          2026-01-06 16:00:00
BTP3             2026-01-06 16:00:00
BTP              2026-01-06 16:00:00
BOBL             2026-01-06 16:00:00
EURAUD           2026-01-06 16:00:00
EURCAD           2026-01-06 16:00:00
EU-UTILS         2026-01-06 16:00:00
DAX              2026-01-06 16:00:00
BUXL*            2026-01-06 16:00:00
AUDJPY           2026-01-06 16:00:00
EURO600          2026-01-06 16:00:00
EUROSTX-SMALL    2026-01-06 16:00:00
EUROSTX          2026-01-06 16:00:00
R1000            2026-01-06 17:00:00
SUGAR11          2026-01-06 17:00:00
BUTTER           2026-01-06 18:00:00
COFFEE           2026-01-06 18:00:00
COCOA            2026-01-06 18:00:00
OJ               2026-01-06 18:00:00
CORN_mini        2026-01-06 19:00:00
CORN             2026-01-06 19:00:00
US-DISCRETE      2026-01-06 19:00:00
SOYBEAN          2026-01-06 19:00:00
CAD2             2026-01-06 19:00:00
SOYBEAN_mini     2026-01-06 19:00:00
SOYMEAL          2026-01-06 19:00:00
SOYOIL           2026-01-06 19:00:00
CANOLA           2026-01-06 19:00:00
COTTON2          2026-01-06 19:00:00
RICE*            2026-01-06 19:00:00
REDWHEAT         2026-01-06 19:00:00
STEEL            2026-01-06 19:00:00
OATIES           2026-01-06 19:00:00
CHEESE           2026-01-06 19:00:00
GAS-LAST         2026-01-06 19:00:00
LIVECOW          2026-01-06 19:00:00
MILKDRY          2026-01-06 19:00:00
INR              2026-01-06 19:00:00
JPY_mini         2026-01-06 19:00:00
GOLD             2026-01-06 19:00:00
WHEAT*           2026-01-06 19:00:00
DX               2026-01-06 19:00:00
LEANHOG*         2026-01-06 19:00:00
BBCOMM           2026-01-06 19:00:00
WHEAT_mini       2026-01-06 19:00:00
FED              2026-01-06 19:00:00
ZAR              2026-01-06 19:00:00
FEEDCOW          2026-01-06 19:00:00
VIX              2026-01-06 20:00:00
AUD              2026-01-06 20:00:00
SP500_micro      2026-01-06 20:00:00
AUD_micro*       2026-01-06 20:00:00
YENEUR*          2026-01-06 20:00:00
VIX_mini         2026-01-06 20:00:00
ALUMINIUM        2026-01-06 20:00:00
SP400            2026-01-06 20:00:00
SP500            2026-01-06 20:00:00
US-REALESTATE    2026-01-06 20:00:00
US30             2026-01-06 20:00:00
US-STAPLES       2026-01-06 20:00:00
US-MATERIAL      2026-01-06 20:00:00
US-INDUSTRY      2026-01-06 20:00:00
US-HEALTH        2026-01-06 20:00:00
US-ENERGY        2026-01-06 20:00:00
US-UTILS         2026-01-06 20:00:00
US5              2026-01-06 20:00:00
US10             2026-01-06 20:00:00
BITCOIN*         2026-01-06 20:00:00
BRE*             2026-01-06 20:00:00
BRENT-LAST       2026-01-06 20:00:00
US10U            2026-01-06 20:00:00
US2              2026-01-06 20:00:00
US20             2026-01-06 20:00:00
SOFR             2026-01-06 20:00:00
US3              2026-01-06 20:00:00
CHF_micro        2026-01-06 20:00:00
SILVER*          2026-01-06 20:00:00
MILK             2026-01-06 20:00:00
DOW_mini         2026-01-06 20:00:00
LUMBER-new       2026-01-06 20:00:00
CAD*             2026-01-06 20:00:00
ETHEREUM         2026-01-06 20:00:00
JPY*             2026-01-06 20:00:00
EUR              2026-01-06 20:00:00
HEATOIL          2026-01-06 20:00:00
EURCHF           2026-01-06 20:00:00
GOLD_micro*      2026-01-06 20:00:00
GOLD-mini        2026-01-06 20:00:00
EUR_micro        2026-01-06 20:00:00
EUR_mini         2026-01-06 20:00:00
GBP_micro        2026-01-06 20:00:00
FANG             2026-01-06 20:00:00
GBPEUR           2026-01-06 20:00:00
GBP*             2026-01-06 20:00:00
GAS_US_mini*     2026-01-06 20:00:00
GAS_US           2026-01-06 20:00:00
DOW              2026-01-06 20:00:00
CRUDE_W_mini     2026-01-06 20:00:00
ETHER-micro      2026-01-06 20:00:00
CRUDE_W_micro*   2026-01-06 20:00:00
CAD10*           2026-01-06 20:00:00
CAD5             2026-01-06 20:00:00
CAD_micro        2026-01-06 20:00:00
SEK              2026-01-06 20:00:00
MSCIEAFA*        2026-01-06 20:00:00
RUSSELL*         2026-01-06 20:00:00
CHF              2026-01-06 20:00:00
GASOILINE        2026-01-06 20:00:00
PLAT             2026-01-06 20:00:00
PALLAD           2026-01-06 20:00:00
RUSSELL_mini     2026-01-06 20:00:00
NZD              2026-01-06 20:00:00
NOK              2026-01-06 20:00:00
COPPER           2026-01-06 20:00:00
COPPER-micro     2026-01-06 20:00:00
COPPER-mini      2026-01-06 20:00:00
NASDAQ_micro     2026-01-06 20:00:00
NASDAQ           2026-01-06 20:00:00
MXP*             2026-01-06 20:00:00
CRUDE_W          2026-01-06 20:00:00
CHFUSD           2026-01-06 23:00:00
JPYUSD           2026-01-06 23:00:00
EURUSD           2026-01-06 23:00:00
CADUSD           2026-01-06 23:00:00
KRWUSD           2026-01-06 23:00:00
SGDUSD           2026-01-06 23:00:00
SEKUSD           2026-01-06 23:00:00
GBPUSD           2026-01-06 23:00:00
HKDUSD           2026-01-06 23:00:00
MXPUSD           2026-01-06 23:00:00
CNHUSD           2026-01-06 23:00:00
AUDUSD           2026-01-06 23:00:00


============================================================
           Status of optimal position generation            
============================================================

                                                 last_update
dynamic_TF_carry/SGX              2024-12-02 22:31:28.544775
dynamic_TF_carry/EURIBOR          2026-01-06 22:31:38.393006
dynamic_TF_carry/SWISSLEAD        2026-01-06 22:31:38.393263
dynamic_TF_carry/WHEY             2026-01-06 22:31:38.393504
dynamic_TF_carry/AUD_micro        2026-01-06 22:31:38.393746
dynamic_TF_carry/AUDJPY           2026-01-06 22:31:38.393980
dynamic_TF_carry/BRENT-LAST       2026-01-06 22:31:38.394212
dynamic_TF_carry/COAL-GEORDIE     2026-01-06 22:31:38.394443
dynamic_TF_carry/MSCIASIA         2026-01-06 22:31:38.394672
dynamic_TF_carry/SUGAR16          2026-01-06 22:31:38.394903
dynamic_TF_carry/CZK              2026-01-06 22:31:38.395134
dynamic_TF_carry/CLP              2026-01-06 22:31:38.395364
dynamic_TF_carry/COPPER-micro     2026-01-06 22:31:38.395595
dynamic_TF_carry/US5              2026-01-06 22:31:38.395825
dynamic_TF_carry/CRUDE_W_mini     2026-01-06 22:31:38.396055
dynamic_TF_carry/MUMMY            2026-01-06 22:31:38.396285
dynamic_TF_carry/SGD              2026-01-06 22:31:38.396514
dynamic_TF_carry/SP500_micro      2026-01-06 22:31:38.396743
dynamic_TF_carry/EU-TECH          2026-01-06 22:31:38.396973
dynamic_TF_carry/ETHEREUM         2026-01-06 22:31:38.397204
dynamic_TF_carry/EU-TRAVEL        2026-01-06 22:31:38.397435
dynamic_TF_carry/KOSPI            2026-01-06 22:31:38.397668
dynamic_TF_carry/SARONA           2026-01-06 22:31:38.397899
dynamic_TF_carry/KRWUSD_mini      2026-01-06 22:31:38.398130
dynamic_TF_carry/ZAR              2026-01-06 22:31:38.398361
dynamic_TF_carry/NASDAQ_micro     2026-01-06 22:31:38.398592
dynamic_TF_carry/GBPJPY           2026-01-06 22:31:38.398823
dynamic_TF_carry/ALUMINIUM        2026-01-06 22:31:38.399055
dynamic_TF_carry/FEEDCOW          2026-01-06 22:31:38.399285
dynamic_TF_carry/OATIES           2026-01-06 22:31:38.399515
dynamic_TF_carry/SEK              2026-01-06 22:31:38.399746
dynamic_TF_carry/SUGAR11          2026-01-06 22:31:38.399977
dynamic_TF_carry/TIN_LME          2026-01-06 22:31:38.400208
dynamic_TF_carry/CRUDE_ICE        2026-01-06 22:31:38.400439
dynamic_TF_carry/GBP              2026-01-06 22:31:38.400671
dynamic_TF_carry/EURCAD           2026-01-06 22:31:38.400902
dynamic_TF_carry/SPI200           2026-01-06 22:31:38.401132
dynamic_TF_carry/COCOA            2026-01-06 22:31:38.401363
dynamic_TF_carry/EU-DJ-UTIL       2026-01-06 22:31:38.401598
dynamic_TF_carry/EU-DJ-TELECOM    2026-01-06 22:31:38.401829
dynamic_TF_carry/US2              2026-01-06 22:31:38.402059
dynamic_TF_carry/KR10             2026-01-06 22:31:38.402288
dynamic_TF_carry/COPPER_LME       2026-01-06 22:31:38.402519
dynamic_TF_carry/IRON             2026-01-06 22:31:38.402749
dynamic_TF_carry/VNKI             2026-01-06 22:31:38.403210
dynamic_TF_carry/AUD              2026-01-06 22:31:38.403440
dynamic_TF_carry/FTSE100          2026-01-06 22:31:38.403670
dynamic_TF_carry/FTSEINDO         2026-01-06 22:31:38.403901
dynamic_TF_carry/US30             2026-01-06 22:31:38.404131
dynamic_TF_carry/BONO             2026-01-06 22:31:38.404361
dynamic_TF_carry/COFFEE           2026-01-06 22:31:38.404590
dynamic_TF_carry/EU-RETAIL        2026-01-06 22:31:38.404822
dynamic_TF_carry/EUROSTX          2026-01-06 22:31:38.405051
dynamic_TF_carry/RUSSELL          2026-01-06 22:31:38.405282
dynamic_TF_carry/SOYBEAN_mini     2026-01-06 22:31:38.405514
dynamic_TF_carry/US-DISCRETE      2026-01-06 22:31:38.405748
dynamic_TF_carry/TWD              2026-01-06 22:31:38.405979
dynamic_TF_carry/COCOA_LDN        2026-01-06 22:31:38.406210
dynamic_TF_carry/CNH              2026-01-06 22:31:38.406442
dynamic_TF_carry/AEX              2026-01-06 22:31:38.406674
dynamic_TF_carry/CH10             2026-01-06 22:31:38.406905
dynamic_TF_carry/EU-CONSTRUCTION  2026-01-06 22:31:38.407135
dynamic_TF_carry/EU-MID           2026-01-06 22:31:38.407366
dynamic_TF_carry/FTSETAIWAN       2026-01-06 22:31:38.407596
dynamic_TF_carry/BUXL             2026-01-06 22:31:38.407827
dynamic_TF_carry/ZINC_LME         2026-01-06 22:31:38.408058
dynamic_TF_carry/LEAD_LME         2026-01-06 22:31:38.408288
dynamic_TF_carry/EU-HOUSE         2026-01-06 22:31:38.408979
dynamic_TF_carry/TOPIX            2026-01-06 22:31:38.409210
dynamic_TF_carry/NOK              2026-01-06 22:31:38.409440
dynamic_TF_carry/SOFR             2026-01-06 22:31:38.409676
dynamic_TF_carry/GBPCHF           2026-01-06 22:31:38.409908
dynamic_TF_carry/LUMBER-new       2026-01-06 22:31:38.410138
dynamic_TF_carry/VIX              2026-01-06 22:31:38.410368
dynamic_TF_carry/SILVER           2026-01-06 22:31:38.410599
dynamic_TF_carry/PLN              2026-01-06 22:31:38.410829
dynamic_TF_carry/FTSECHINAH       2026-01-06 22:31:38.411060
dynamic_TF_carry/HANGTECH         2026-01-06 22:31:38.411289
dynamic_TF_carry/US-REALESTATE    2026-01-06 22:31:38.411748
dynamic_TF_carry/HANG_mini        2026-01-06 22:31:38.412206
dynamic_TF_carry/CHINAA-CON       2026-01-06 22:31:38.412436
dynamic_TF_carry/SOYOIL           2026-01-06 22:31:38.412665
dynamic_TF_carry/IG               2026-01-06 22:31:38.412896
dynamic_TF_carry/OAT              2026-01-06 22:31:38.413125
dynamic_TF_carry/HIGHYIELD        2026-01-06 22:31:38.413355
dynamic_TF_carry/EURIBOR-ICE      2026-01-06 22:31:38.413588
dynamic_TF_carry/GAS_US_mini      2026-01-06 22:31:38.413819
dynamic_TF_carry/EU-HEALTH        2026-01-06 22:31:38.414050
dynamic_TF_carry/CORN             2026-01-06 22:31:38.414279
dynamic_TF_carry/CAD2             2026-01-06 22:31:38.414511
dynamic_TF_carry/OJ               2026-01-06 22:31:38.414742
dynamic_TF_carry/SOYMEAL          2026-01-06 22:31:38.414970
dynamic_TF_carry/CHF              2026-01-06 22:31:38.415200
dynamic_TF_carry/CHEESE           2026-01-06 22:31:38.415658
dynamic_TF_carry/COTTON           2026-01-06 22:31:38.415887
dynamic_TF_carry/EURO600          2026-01-06 22:31:38.416118
dynamic_TF_carry/EU-AUTO          2026-01-06 22:31:38.416347
dynamic_TF_carry/FANG             2026-01-06 22:31:38.416577
dynamic_TF_carry/COAL             2026-01-06 22:31:38.416807
dynamic_TF_carry/MSCISING         2026-01-06 22:31:38.417036
dynamic_TF_carry/R1000            2026-01-06 22:31:38.417266
dynamic_TF_carry/PALLAD           2026-01-06 22:31:38.417496
dynamic_TF_carry/BOVESPA          2026-01-06 22:31:38.417730
dynamic_TF_carry/COTTON2          2026-01-06 22:31:38.417960
dynamic_TF_carry/US-ENERGY        2026-01-06 22:31:38.418191
dynamic_TF_carry/CANOLA           2026-01-06 22:31:38.418421
dynamic_TF_carry/OMX              2026-01-06 22:31:38.418652
dynamic_TF_carry/US-STAPLES       2026-01-06 22:31:38.418882
dynamic_TF_carry/STEEL            2026-01-06 22:31:38.419111
dynamic_TF_carry/BOBL             2026-01-06 22:31:38.419572
dynamic_TF_carry/JP-REALESTATE    2026-01-06 22:31:38.419801
dynamic_TF_carry/MSCITAIWAN       2026-01-06 22:31:38.420030
dynamic_TF_carry/JGB              2026-01-06 22:31:38.420260
dynamic_TF_carry/NICKEL_LME       2026-01-06 22:31:38.420490
dynamic_TF_carry/EU-OIL           2026-01-06 22:31:38.420720
dynamic_TF_carry/HOUSE-US         2026-01-06 22:31:38.420951
dynamic_TF_carry/EU-DIV30         2026-01-06 22:31:38.421182
dynamic_TF_carry/GAS-PEN          2026-01-06 22:31:38.421414
dynamic_TF_carry/MILK             2026-01-06 22:31:38.421649
dynamic_TF_carry/GBPEUR           2026-01-06 22:31:38.421879
dynamic_TF_carry/DAX              2026-01-06 22:31:38.422109
dynamic_TF_carry/MSCIEAFA         2026-01-06 22:31:38.422339
dynamic_TF_carry/FTSE250          2026-01-06 22:31:38.422569
dynamic_TF_carry/JPY              2026-01-06 22:31:38.422799
dynamic_TF_carry/LIVECOW          2026-01-06 22:31:38.423031
dynamic_TF_carry/KOSDAQ           2026-01-06 22:31:38.423263
dynamic_TF_carry/BBCOMM           2026-01-06 22:31:38.423726
dynamic_TF_carry/MILLWHEAT        2026-01-06 22:31:38.423956
dynamic_TF_carry/US-INDUSTRY      2026-01-06 22:31:38.424419
dynamic_TF_carry/DOW              2026-01-06 22:31:38.424650
dynamic_TF_carry/SUGAR_WHITE      2026-01-06 22:31:38.424882
dynamic_TF_carry/EUROSTX200-LARGE 2026-01-06 22:31:38.425114
dynamic_TF_carry/GAS-LAST         2026-01-06 22:31:38.425343
dynamic_TF_carry/INR              2026-01-06 22:31:38.425577
dynamic_TF_carry/JGB-SGX-mini     2026-01-06 22:31:38.425808
dynamic_TF_carry/SONIA3           2026-01-06 22:31:38.426039
dynamic_TF_carry/YENEUR           2026-01-06 22:31:38.426270
dynamic_TF_carry/EU-BASIC         2026-01-06 22:31:38.426501
dynamic_TF_carry/BRENT_W          2026-01-06 22:31:38.426732
dynamic_TF_carry/US10U            2026-01-06 22:31:38.427196
dynamic_TF_carry/HEATOIL          2026-01-06 22:31:38.427428
dynamic_TF_carry/MSCIWORLD        2026-01-06 22:31:38.427663
dynamic_TF_carry/EU-REALESTATE    2026-01-06 22:31:38.427894
dynamic_TF_carry/IBEX_mini        2026-01-06 22:31:38.428126
dynamic_TF_carry/NIKKEI           2026-01-06 22:31:38.428356
dynamic_TF_carry/SHATZ            2026-01-06 22:31:38.428587
dynamic_TF_carry/LEANHOG          2026-01-06 22:31:38.428819
dynamic_TF_carry/EU-UTILS         2026-01-06 22:31:38.429051
dynamic_TF_carry/V2X              2026-01-06 22:31:38.429282
dynamic_TF_carry/GASOIL           2026-01-06 22:31:38.429514
dynamic_TF_carry/EU-INSURE        2026-01-06 22:31:38.429750
dynamic_TF_carry/BTP3             2026-01-06 22:31:38.430211
dynamic_TF_carry/CRUDE_W_micro    2026-01-06 22:31:38.430441
dynamic_TF_carry/BTP              2026-01-06 22:31:38.430672
dynamic_TF_carry/US3              2026-01-06 22:31:38.430902
dynamic_TF_carry/GILT             2026-01-06 22:31:38.431132
dynamic_TF_carry/MXP              2026-01-06 22:31:38.431362
dynamic_TF_carry/FTSEVIET         2026-01-06 22:31:38.431594
dynamic_TF_carry/BUND             2026-01-06 22:31:38.431826
dynamic_TF_carry/SMI              2026-01-06 22:31:38.432056
dynamic_TF_carry/CAD              2026-01-06 22:31:38.432287
dynamic_TF_carry/NIKKEI400        2026-01-06 22:31:38.432517
dynamic_TF_carry/RUBBER           2026-01-06 22:31:38.432747
dynamic_TF_carry/EUA              2026-01-06 22:31:38.432977
dynamic_TF_carry/US-MATERIAL      2026-01-06 22:31:38.433209
dynamic_TF_carry/GICS             2026-01-06 22:31:38.433440
dynamic_TF_carry/MSCIEMASIA       2026-01-06 22:31:38.433675
dynamic_TF_carry/EU-CHEM          2026-01-06 22:31:38.433906
dynamic_TF_carry/RICE             2026-01-06 22:31:38.434136
dynamic_TF_carry/EUR_micro        2026-01-06 22:31:38.434367
dynamic_TF_carry/SP400            2026-01-06 22:31:38.434597
dynamic_TF_carry/EPRA-EUROPE      2026-01-06 22:31:38.434828
dynamic_TF_carry/US-HEALTH        2026-01-06 22:31:38.435058
dynamic_TF_carry/EUROSTX-LARGE    2026-01-06 22:31:38.435289
dynamic_TF_carry/EU-FOOD          2026-01-06 22:31:38.435518
dynamic_TF_carry/WHEAT_ICE        2026-01-06 22:31:38.435749
dynamic_TF_carry/EURAUD           2026-01-06 22:31:38.435980
dynamic_TF_carry/MILKDRY          2026-01-06 22:31:38.436208
dynamic_TF_carry/IRS              2026-01-06 22:31:38.436439
dynamic_TF_carry/ROBUSTA          2026-01-06 22:31:38.436669
dynamic_TF_carry/US-UTILS         2026-01-06 22:31:38.436898
dynamic_TF_carry/KRWUSD           2026-01-06 22:31:38.437358
dynamic_TF_carry/MILKWET          2026-01-06 22:31:38.437592
dynamic_TF_carry/EUR              2026-01-06 22:31:38.437822
dynamic_TF_carry/MIB              2026-01-06 22:31:38.438052
dynamic_TF_carry/REDWHEAT         2026-01-06 22:31:38.438285
dynamic_TF_carry/HANGENT_mini     2026-01-06 22:31:38.438517
dynamic_TF_carry/BRE              2026-01-06 22:31:38.438748
dynamic_TF_carry/GASOILINE        2026-01-06 22:31:38.438979
dynamic_TF_carry/EUROSTX-SMALL    2026-01-06 22:31:38.439211
dynamic_TF_carry/US20             2026-01-06 22:31:38.439442
dynamic_TF_carry/EURCHF           2026-01-06 22:31:38.439677
dynamic_TF_carry/CAC              2026-01-06 22:31:38.439912
dynamic_TF_carry/KOSPI_mini       2026-01-06 22:31:38.440145
dynamic_TF_carry/BITCOIN          2026-01-06 22:31:38.440378
dynamic_TF_carry/SMI-MID          2026-01-06 22:31:38.440611
dynamic_TF_carry/EU-MEDIA         2026-01-06 22:31:38.440845
dynamic_TF_carry/US10             2026-01-06 22:31:38.441078
dynamic_TF_carry/CHFJPY           2026-01-06 22:31:38.441312
dynamic_TF_carry/EU-BANKS         2026-01-06 22:31:38.441780
dynamic_TF_carry/CAD5             2026-01-06 22:31:38.442012
dynamic_TF_carry/COPPER           2026-01-06 22:31:38.442243
dynamic_TF_carry/FED              2026-01-06 22:31:38.442474
dynamic_TF_carry/GOLD_micro       2026-01-06 22:31:38.442705
dynamic_TF_carry/PLAT             2026-01-06 22:31:38.442938
dynamic_TF_carry/DX               2026-01-06 22:31:38.443172
dynamic_TF_carry/CAD10            2026-01-06 22:31:38.443640
dynamic_TF_carry/NZD              2026-01-06 22:31:38.443872
dynamic_TF_carry/FTSECHINAA       2026-01-06 22:31:38.444104
dynamic_TF_carry/KR3              2026-01-06 22:31:38.444336
dynamic_TF_carry/SOYBEAN          2026-01-06 22:31:38.444567
dynamic_TF_carry/WHEAT            2026-01-06 22:31:38.444799
dynamic_TF_carry/BUTTER           2026-01-06 22:31:38.445033


======================================================================================================================
                                                Status of trade limits                                                
======================================================================================================================

                   period_days  trade_limit  trades_since_last_reset  trade_capacity_remaining   time_since_last_reset
 GAS_US_mini                14            4                      2.0                       2.0  6 days 08:57:59.461513
 TOPIX                       1            4                      1.0                       3.0  0 days 20:57:07.039017
 CORN                        1            4                      0.0                       4.0  0 days 00:00:00.000004
 EU-DJ-UTIL                  1            4                      0.0                       4.0  0 days 00:00:00.000002
 EU-DJ-TELECOM               1            4                      0.0                       4.0  0 days 00:00:00.000002
 EU-DJ-TECH                  1            4                      0.0                       4.0  0 days 00:00:00.000002
 EU-DJ-OIL                   1            4                      0.0                       4.0  0 days 00:00:00.000001
 EU-CONSTRUCTION             1            4                      0.0                       4.0  0 days 00:00:00.000002
 CZK                         1            4                      0.0                       4.0  0 days 00:00:00.000002
 COTTON                      1            4                      0.0                       4.0  0 days 00:00:00.000002
 COPPER-mini                 1            4                      0.0                       4.0  0 days 00:00:00.000002
 CNH-onshore                 1            4                      0.0                       4.0  0 days 00:00:00.000002
 CLP                         1            4                      0.0                       4.0  0 days 00:00:00.000002
 CH10                        1            4                      0.0                       4.0  0 days 00:00:00.000002
 BUTTER                      1            4                      0.0                       4.0  0 days 00:00:00.000002
 BOVESPA                     1            4                      0.0                       4.0  0 days 00:00:00.000002
 BEL20                       1            4                      0.0                       4.0  0 days 00:00:00.000002
 ALUMINIUM                   1            4                      0.0                       4.0  0 days 00:00:00.000002
 YENEUR                     30            4                      0.0                       4.0  0 days 00:00:00.000002
 US30                       30            4                      0.0                       4.0  0 days 00:00:00.000002
 US3                        30            4                      0.0                       4.0  0 days 00:00:00.000002
 EU-HOUSE                    1            4                      0.0                       4.0  0 days 00:00:00.000001
 EU-MEDIA                    1            4                      0.0                       4.0  0 days 00:00:00.000002
 EU-REALESTATE               1            4                      0.0                       4.0  0 days 00:00:00.000002
 US10U                      30            4                      0.0                       4.0  0 days 00:00:00.000002
 US-ENERGY                   1            4                      0.0                       4.0  0 days 00:00:00.000002
 US-DISCRETE                 1            4                      0.0                       4.0  0 days 00:00:00.000002
 SMI-MID                     1            4                      0.0                       4.0  0 days 00:00:00.000002
 SGX                         1            4                      0.0                       4.0  0 days 00:00:00.000002
 SGD                         1            4                      0.0                       4.0  0 days 00:00:00.000002
 OMX                         1            4                      0.0                       4.0  0 days 00:00:00.000002
 MSCIASIA                    1            4                      0.0                       4.0  0 days 00:00:00.000002
 MILKWET                     1            4                      0.0                       4.0  0 days 00:00:00.000002
 MILKDRY                     1            4                      0.0                       4.0  0 days 00:00:00.000002
 MID-DAX                     1            4                      0.0                       4.0  0 days 00:00:00.000002
 JP-REALESTATE               1            4                      0.0                       4.0  0 days 00:00:00.000002
 JGB-SGX-mini                1            4                      0.0                       4.0  0 days 00:00:00.000002
 IRS                         1            4                      0.0                       4.0  0 days 00:00:00.000002
 FTSEINDO                    1            4                      0.0                       4.0  0 days 00:00:00.000002
 EUROSTX200-LARGE            1            4                      0.0                       4.0  0 days 00:00:00.000002
 EUROSTX-SMALL               1            4                      0.0                       4.0  0 days 00:00:00.000002
 EUROSTX-LARGE               1            4                      0.0                       4.0  0 days 00:00:00.000002
 EURIBOR                     1            4                      0.0                       4.0  0 days 00:00:00.000002
 EURCHF                      1            4                      0.0                       4.0  0 days 00:00:00.000002
 EU-MID                      1            4                      0.0                       4.0  0 days 00:00:00.000002
 SP400                      30            4                      0.0                       4.0  0 days 00:00:00.000002
 SEK                        30            4                      0.0                       4.0  0 days 00:00:00.000002
 NOK                        30            4                      0.0                       4.0  0 days 00:00:00.000001
 HEATOIL                    14            4                      0.0                       4.0  0 days 00:00:00.000001
 GBPEUR                     14            4                      0.0                       4.0  0 days 00:00:00.000002
 GAS-LAST                   14            4                      0.0                       4.0  0 days 00:00:00.000001
 FTSETAIWAN                 14            4                      0.0                       4.0  0 days 00:00:00.000002
 EU-TECH                    14            4                      0.0                       4.0  0 days 00:00:00.000001
 EU-CHEM                    14            4                      0.0                       4.0  0 days 00:00:00.000001
 ETHEREUM                   14            4                      0.0                       4.0  0 days 00:00:00.000001
 CNH                        14            4                      0.0                       4.0  0 days 00:00:00.000001
 BUXL                       14            4                      0.0                       4.0  0 days 00:00:00.000001
 BTP3                       14            4                      0.0                       4.0  0 days 00:00:00.000002
 BRENT-LAST                 14            4                      0.0                       4.0  0 days 00:00:00.000002
 BONO                       14            4                      0.0                       4.0  0 days 00:00:00.000001
 YENEUR                      1            4                      0.0                       4.0  0 days 00:00:00.000001
 US3                         1            4                      0.0                       4.0  0 days 00:00:00.000002
 US10U                       1            4                      0.0                       4.0  0 days 00:00:00.000001
 US-REALESTATE               1            4                      0.0                       4.0  0 days 00:00:00.000002
 SP400                       1            4                      0.0                       4.0  0 days 00:00:00.000002
 SEK                         1            4                      0.0                       4.0  0 days 00:00:00.000002
 RUSSELL                     1            4                      0.0                       4.0  0 days 00:00:00.000001
 JGB                        14            4                      0.0                       4.0  0 days 00:00:00.000002
 US-HEALTH                   1            4                      0.0                       4.0  0 days 00:00:00.000002
 ZAR                         1            4                      0.0                       4.0  0 days 00:00:00.000002
 R1000                      14            4                      0.0                       4.0  0 days 00:00:00.000002
 JGB                        30            4                      0.0                       4.0  0 days 00:00:00.000002
 HEATOIL                    30            4                      0.0                       4.0  0 days 00:00:00.000002
 GBPEUR                     30            4                      0.0                       4.0  0 days 00:00:00.000002
 GAS_US_mini                30            6                      2.0                       4.0  6 days 08:57:59.460521
 GASOILINE                  30            4                      0.0                       4.0  6 days 08:57:56.848516
 GAS-LAST                   30            4                      0.0                       4.0  0 days 00:00:00.000002
 ETHEREUM                   30            4                      0.0                       4.0  0 days 00:00:00.000002
 CHF                        30            4                      0.0                       4.0  0 days 00:00:00.000002
 BUXL                       30            4                      0.0                       4.0 21 days 14:14:44.679362
 BTP3                       30            4                      0.0                       4.0  0 days 00:00:00.000002
 BRENT-LAST                 30            4                      0.0                       4.0  0 days 00:00:00.000002
 BONO                       30            4                      0.0                       4.0  0 days 00:00:00.000002
 YENEUR                     14            4                      0.0                       4.0  0 days 00:00:00.000002
 US30                       14            4                      0.0                       4.0  0 days 00:00:00.000001
 US3                        14            4                      0.0                       4.0  0 days 00:00:00.000002
 US10U                      14            4                      0.0                       4.0  0 days 00:00:00.000001
 SP400                      14            4                      0.0                       4.0  0 days 00:00:00.000002
 SEK                        14            4                      0.0                       4.0  0 days 00:00:00.000002
 REDWHEAT                   14            4                      0.0                       4.0  0 days 00:00:00.000002
 NOK                        14            4                      0.0                       4.0  0 days 00:00:00.000001
