
********************************************************************************
                   Status report produced on 11/06/2025 22:56                   
********************************************************************************


Delayed methods: No delays

=============================
Delayed adjusted / FX prices 
=============================

                  last_update
HIGHYIELD 2025-05-29 23:00:01
IG        2025-05-30 15:00:01


===============================================
           Delayed optimal positions           
===============================================

                                    last_update
dynamic_TF_carry/SGX 2024-12-02 22:31:28.544775

Instruments at trade limit: No constraints

================================================
         Instruments at position limit          
================================================

                 keys  position pos_limit  spare
245     EU-DJ-TELECOM         0       0.0    0.0
81             GBPJPY         0       0.0    0.0
80   EUROSTX200-LARGE         0       0.0    0.0
77              STEEL         0       0.0    0.0
156          TWD-mini         0       0.0    0.0
164          EU-MEDIA         0       0.0    0.0
166            CHFJPY         0       0.0    0.0
70          CHF_micro         0       0.0    0.0
171           MILKWET         0       0.0    0.0
172           GAS-PEN        -1       1.0    0.0
173        EU-DJ-TECH         0       0.0    0.0
174               JGB         0       0.0    0.0
177               CLP         0       0.0    0.0
118            AUDJPY         0       0.0    0.0
57          EU-TRAVEL         0       0.0    0.0
56    GASOILINE_micro         0       0.0    0.0
186       EPRA-EUROPE         0       0.0    0.0
189     EUROSTX-LARGE         0       0.0    0.0
50                MIB         1       1.0    0.0
194          SGD_mini         0       0.0    0.0
83               COAL         0       0.0    0.0
48                PLN         0       0.0    0.0
149          EU-HOUSE         0       0.0    0.0
145               RUR         0       0.0    0.0
117          HOUSE-US         0       0.0    0.0
116         HIGHYIELD         0       0.0    0.0
125          JGB-mini         0       0.0    0.0
114             SP400         0       0.0    0.0
131           MILKDRY         0       0.0    0.0
132          JPY_mini         0       0.0    0.0
107   EU-CONSTRUCTION         0       0.0    0.0
106          ETHEREUM         0       0.0    0.0
139               CZK         0       0.0    0.0
104            COTTON         0       0.0    0.0
140            EURCAD         0       0.0    0.0
101              CH10         0       0.0    0.0
100      COAL-GEORDIE         0       0.0    0.0
99                SEK         0       0.0    0.0
98               WHEY         0       0.0    0.0
97           AEX_mini         0       0.0    0.0
95            TIN_LME         0       0.0    0.0
93          SWISSLEAD         0       0.0    0.0
92                OMX         0       0.0    0.0
148             R1000         0       0.0    0.0
197               NOK         0       0.0    0.0
59         COPPER_LME         0       0.0    0.0
233            NASDAQ         0       0.0    0.0
210            EURAUD         0       0.0    0.0
234              VNKI         0       0.0    0.0
44            SMI-MID         0       0.0    0.0
23             EURCHF         0       0.0    0.0
208           BOVESPA         0       0.0    0.0
22                 IG         0       0.0    0.0
214       HEATOIL-ICE         0       0.0    0.0
6           EU-RETAIL         0       0.0    0.0
17        COPPER-mini         0       0.0    0.0
201            PALLAD         0       0.0    0.0
25            EU-CHEM         0       0.0    0.0
227            BUTTER         0       0.0    0.0
224               TWD         0       0.0    0.0
200            KRWUSD         0       0.0    0.0
43                SGX         0       0.0    0.0
42               GICS         0       0.0    0.0
199               IRS         0       0.0    0.0
223       CNH-onshore         0       0.0    0.0


==========================================================
         Overrides in database consider deleting          
==========================================================

                                                  override
NICKEL_LME              Override Close because in database
OATIES            Override Reduce only because in database
FTSE100           Override Reduce only because in database
JGB-mini          Override Reduce only because in database
LUMBER-new        Override Reduce only because in database
COPPER-mini       Override Reduce only because in database
SPI200            Override Reduce only because in database
GICS              Override Reduce only because in database
KRWUSD            Override Reduce only because in database
PLN               Override Reduce only because in database
SOYBEAN_mini      Override Reduce only because in database
TWD               Override Reduce only because in database
CHF_micro         Override Reduce only because in database
NOK               Override Reduce only because in database
R1000             Override Reduce only because in database
IBEX_mini         Override Reduce only because in database
VIX_mini          Override Reduce only because in database
EU-CHEM           Override Reduce only because in database
EU-INSURE         Override Reduce only because in database
IBEX              Override Reduce only because in database
COAL              Override Reduce only because in database
AUDJPY            Override Reduce only because in database
CAD_micro         Override Reduce only because in database
EUR_mini          Override Reduce only because in database
GBPCHF            Override Reduce only because in database
CNH-onshore       Override Reduce only because in database
SEK               Override Reduce only because in database
OMX               Override Reduce only because in database
GBPJPY            Override Reduce only because in database
NIKKEI400         Override Reduce only because in database
RUR               Override Reduce only because in database
JPY_mini          Override Reduce only because in database
EURCHF            Override Reduce only because in database
EU-BANKS          Override Reduce only because in database
EU-CONSTRUCTION   Override Reduce only because in database
GASOILINE_micro   Override Reduce only because in database
ZAR               Override Reduce only because in database
BOVESPA           Override Reduce only because in database
BBCOMM            Override Reduce only because in database
CRUDE_W_mini      Override Reduce only because in database
SP500_micro       Override Reduce only because in database
EU-TECH           Override Reduce only because in database
US-DISCRETE       Override Reduce only because in database
SMI-MID           Override Reduce only because in database
INR               Override Reduce only because in database
MIB               Override Reduce only because in database
EU-RETAIL         Override Reduce only because in database
SP500             Override Reduce only because in database
EU-OIL            Override Reduce only because in database
FTSECHINAA        Override Reduce only because in database
US-ENERGY         Override Reduce only because in database
EUROSTX-SMALL     Override Reduce only because in database
US-INDUSTRY       Override Reduce only because in database
WHEAT_mini        Override Reduce only because in database
NASDAQ_micro      Override Reduce only because in database
US-HEALTH         Override Reduce only because in database
EU-DJ-OIL         Override Reduce only because in database
MSCIWORLD         Override Reduce only because in database
MSCIEMASIA        Override Reduce only because in database
CHINAA-CON        Override Reduce only because in database
SMI               Override Reduce only because in database
EU-UTILS          Override Reduce only because in database
EU-MID            Override Reduce only because in database
EPRA-EUROPE       Override Reduce only because in database
EU-HEALTH         Override Reduce only because in database
EU-HOUSE          Override Reduce only because in database
DOW_mini          Override Reduce only because in database
KR10              Override Reduce only because in database
STEEL             Override Reduce only because in database
EU-DJ-TECH        Override Reduce only because in database
US-MATERIAL       Override Reduce only because in database
US-STAPLES        Override Reduce only because in database
EU-DJ-TELECOM     Override Reduce only because in database
CORN_mini         Override Reduce only because in database
NASDAQ            Override Reduce only because in database
EU-BASIC          Override Reduce only because in database
EU-DIV30          Override Reduce only because in database
EU-AUTO           Override Reduce only because in database
AEX               Override Reduce only because in database
FTSEINDO          Override Reduce only because in database
FTSETAIWAN        Override Reduce only because in database
EUROSTX-LARGE     Override Reduce only because in database
FTSE250           Override Reduce only because in database
EU-DJ-UTIL        Override Reduce only because in database
MSCIEAFA          Override Reduce only because in database
EU-MEDIA          Override Reduce only because in database
HANGENT_mini      Override Reduce only because in database
EUROSTX           Override Reduce only because in database
EU-TRAVEL         Override Reduce only because in database
EURO600           Override Reduce only because in database
EU-REALESTATE     Override Reduce only because in database
SWISSLEAD         Override Reduce only because in database
AEX_mini          Override Reduce only because in database
CAC               Override Reduce only because in database
US-REALESTATE     Override Reduce only because in database
MSCIASIA          Override Reduce only because in database
EU-FOOD           Override Reduce only because in database
US-UTILS          Override Reduce only because in database
EUROSTX200-LARGE  Override Reduce only because in database
COTTON            Override Reduce only because in database
SP400             Override Reduce only because in database
RUSSELL_mini      Override Reduce only because in database
FANG              Override Reduce only because in database
SGX               Override Reduce only because in database
YENEUR            Override Reduce only because in database

Locked instruments (position mismatch): []

==============================================
Status of adjusted price / FX price collection
==============================================

                         last_update
HIGHYIELD        2025-05-29 23:00:01
IG               2025-05-30 15:00:01
SGX              2025-06-09 23:00:00
SUGAR16          2025-06-10 23:00:00
OMX              2025-06-10 23:00:00
CHFJPY           2025-06-10 23:00:00
RUR              2025-06-10 23:00:00
COTTON           2025-06-10 23:00:00
SGD              2025-06-10 23:00:00
SGD_mini         2025-06-10 23:00:00
GICS             2025-06-10 23:00:00
GBPJPY           2025-06-10 23:00:00
CZK              2025-06-10 23:00:00
MILKWET          2025-06-10 23:00:00
CLP              2025-06-10 23:00:00
EPRA-EUROPE      2025-06-10 23:00:00
CNH-onshore      2025-06-10 23:00:00
AUDJPY           2025-06-10 23:00:00
TIN_LME          2025-06-10 23:00:00
KRWUSD           2025-06-10 23:00:00
BOVESPA          2025-06-10 23:00:00
SWISSLEAD        2025-06-10 23:00:00
IRS              2025-06-10 23:00:00
FTSEVIET         2025-06-10 23:00:00
GAS-PEN*         2025-06-10 23:00:00
TWD              2025-06-11 02:00:00
VNKI             2025-06-11 02:00:00
JP-REALESTATE    2025-06-11 02:00:00
JGB-mini         2025-06-11 02:00:00
HANG_mini        2025-06-11 04:00:00
KRWUSD_mini      2025-06-11 04:00:00
MSCITAIWAN       2025-06-11 04:00:00
KR3              2025-06-11 04:00:00
MUMMY*           2025-06-11 04:00:00
HANGTECH         2025-06-11 04:00:00
HANGENT_mini     2025-06-11 04:00:00
SPI200           2025-06-11 04:00:00
HANG             2025-06-11 04:00:00
CHINAA-CON       2025-06-11 04:00:00
TWD-mini         2025-06-11 04:00:00
HANGENT          2025-06-11 04:00:00
FTSECHINAH       2025-06-11 04:00:00
TOPIX*           2025-06-11 05:00:00
KR10             2025-06-11 05:00:00
KOSPI_mini       2025-06-11 05:00:00
KOSPI            2025-06-11 05:00:00
KOSDAQ           2025-06-11 05:00:00
FTSEINDO         2025-06-11 05:00:00
FTSETAIWAN       2025-06-11 05:00:00
JGB-SGX-mini     2025-06-11 05:00:00
IRON*            2025-06-11 05:00:00
FTSECHINAA       2025-06-11 05:00:00
CNH              2025-06-11 05:00:00
JGB              2025-06-11 05:00:00
MSCISING*        2025-06-11 05:00:00
RUBBER           2025-06-11 05:00:00
NIKKEI*          2025-06-11 05:00:00
NIKKEI400        2025-06-11 05:00:00
AEX_mini         2025-06-11 08:00:00
LEAD_LME         2025-06-11 10:00:00
COPPER_LME       2025-06-11 12:00:00
EUROSTX-LARGE    2025-06-11 13:00:00
EUROSTX200-LARGE 2025-06-11 13:00:00
EU-CHEM          2025-06-11 13:00:00
EU-TRAVEL        2025-06-11 13:00:00
EURIBOR          2025-06-11 14:00:00
EU-MID           2025-06-11 14:00:00
MSCIWORLD        2025-06-11 14:00:00
EU-TECH          2025-06-11 15:00:00
IBEX             2025-06-11 15:00:00
FTSE100          2025-06-11 15:00:00
HEATOIL-ICE      2025-06-11 15:00:00
FTSE250          2025-06-11 15:00:00
EUA              2025-06-11 15:00:00
GILT             2025-06-11 15:00:00
IBEX_mini*       2025-06-11 15:00:00
EURIBOR-ICE      2025-06-11 15:00:00
EUROSTX-SMALL    2025-06-11 15:00:00
MILLWHEAT        2025-06-11 15:00:00
EU-INSURE        2025-06-11 15:00:00
ZINC_LME         2025-06-11 15:00:00
ALUMINIUM_LME    2025-06-11 15:00:00
WHEAT_ICE        2025-06-11 15:00:00
BRENT_W          2025-06-11 15:00:00
SONIA3           2025-06-11 15:00:00
SMI-MID          2025-06-11 15:00:00
SARONA           2025-06-11 15:00:00
CH10             2025-06-11 15:00:00
EU-MEDIA         2025-06-11 15:00:00
COAL             2025-06-11 15:00:00
COAL-GEORDIE     2025-06-11 15:00:00
ROBUSTA          2025-06-11 15:00:00
COCOA_LDN        2025-06-11 15:00:00
EU-HOUSE         2025-06-11 15:00:00
NICKEL_LME       2025-06-11 15:00:00
CRUDE_ICE        2025-06-11 15:00:00
EU-DJ-UTIL       2025-06-11 15:00:00
DAX              2025-06-11 15:00:00
GASOIL           2025-06-11 15:00:00
PLN              2025-06-11 15:00:00
MIB*             2025-06-11 15:00:00
EU-DJ-TECH       2025-06-11 15:00:00
GBPCHF           2025-06-11 16:00:00
WHEY             2025-06-11 16:00:00
SUGAR_WHITE      2025-06-11 16:00:00
SMI              2025-06-11 16:00:00
SHATZ            2025-06-11 16:00:00
MSCIASIA         2025-06-11 16:00:00
OAT              2025-06-11 16:00:00
V2X*             2025-06-11 16:00:00
GASOILINE_micro  2025-06-11 16:00:00
AEX              2025-06-11 16:00:00
CAC              2025-06-11 16:00:00
EU-OIL           2025-06-11 16:00:00
EU-REALESTATE    2025-06-11 16:00:00
EU-RETAIL        2025-06-11 16:00:00
EU-DJ-TELECOM    2025-06-11 16:00:00
EU-UTILS         2025-06-11 16:00:00
EU-DJ-OIL        2025-06-11 16:00:00
EU-DIV30         2025-06-11 16:00:00
EU-CONSTRUCTION  2025-06-11 16:00:00
EU-BASIC         2025-06-11 16:00:00
EU-BANKS         2025-06-11 16:00:00
EURO600          2025-06-11 16:00:00
EU-AUTO          2025-06-11 16:00:00
EU-HEALTH        2025-06-11 16:00:00
EUROSTX          2025-06-11 16:00:00
BOBL             2025-06-11 16:00:00
BONO             2025-06-11 16:00:00
BTP*             2025-06-11 16:00:00
BTP3             2025-06-11 16:00:00
BUND             2025-06-11 16:00:00
GASOILINE_ICE    2025-06-11 16:00:00
BUXL             2025-06-11 16:00:00
EU-FOOD          2025-06-11 16:00:00
US-DISCRETE      2025-06-11 17:00:00
EURCAD           2025-06-11 17:00:00
SUGAR11          2025-06-11 17:00:00
OJ               2025-06-11 18:00:00
COFFEE           2025-06-11 18:00:00
COCOA            2025-06-11 18:00:00
CHEESE           2025-06-11 18:00:00
MILKDRY          2025-06-11 18:00:00
R1000            2025-06-11 18:00:00
HOUSE-US         2025-06-11 18:00:00
CORN             2025-06-11 19:00:00
MSCIEMASIA       2025-06-11 19:00:00
RICE             2025-06-11 19:00:00
REDWHEAT         2025-06-11 19:00:00
COTTON2          2025-06-11 19:00:00
CORN_mini        2025-06-11 19:00:00
BBCOMM           2025-06-11 19:00:00
GAS-LAST         2025-06-11 19:00:00
STEEL            2025-06-11 19:00:00
COPPER-mini      2025-06-11 19:00:00
BRENT-LAST       2025-06-11 19:00:00
WHEAT*           2025-06-11 19:00:00
WHEAT_mini       2025-06-11 19:00:00
OATIES           2025-06-11 19:00:00
BUTTER           2025-06-11 19:00:00
GBP_micro        2025-06-11 19:00:00
FEEDCOW*         2025-06-11 19:00:00
SOYMEAL          2025-06-11 19:00:00
ALUMINIUM        2025-06-11 19:00:00
MILK             2025-06-11 19:00:00
DX*              2025-06-11 19:00:00
CANOLA*          2025-06-11 19:00:00
LIVECOW          2025-06-11 19:00:00
LEANHOG          2025-06-11 19:00:00
SOYBEAN          2025-06-11 19:00:00
SOYOIL           2025-06-11 19:00:00
SOYBEAN_mini     2025-06-11 19:00:00
CAD2             2025-06-11 19:00:00
EURCHF           2025-06-11 19:00:00
EURAUD           2025-06-11 19:00:00
AUD              2025-06-11 20:00:00
SP500            2025-06-11 20:00:00
YENEUR*          2025-06-11 20:00:00
SP400            2025-06-11 20:00:00
ZAR              2025-06-11 20:00:00
SP500_micro      2025-06-11 20:00:00
US2              2025-06-11 20:00:00
US20             2025-06-11 20:00:00
US10U*           2025-06-11 20:00:00
US3              2025-06-11 20:00:00
US30             2025-06-11 20:00:00
US5              2025-06-11 20:00:00
US10             2025-06-11 20:00:00
US-UTILS         2025-06-11 20:00:00
SOFR             2025-06-11 20:00:00
AUD_micro        2025-06-11 20:00:00
BITCOIN          2025-06-11 20:00:00
US-MATERIAL      2025-06-11 20:00:00
US-INDUSTRY      2025-06-11 20:00:00
US-HEALTH        2025-06-11 20:00:00
US-ENERGY        2025-06-11 20:00:00
VIX              2025-06-11 20:00:00
VIX_mini         2025-06-11 20:00:00
BRE              2025-06-11 20:00:00
US-REALESTATE    2025-06-11 20:00:00
US-STAPLES       2025-06-11 20:00:00
GASOILINE        2025-06-11 20:00:00
SILVER           2025-06-11 20:00:00
LUMBER-new       2025-06-11 20:00:00
ETHER-micro      2025-06-11 20:00:00
ETHEREUM         2025-06-11 20:00:00
CAD*             2025-06-11 20:00:00
JPY              2025-06-11 20:00:00
INR              2025-06-11 20:00:00
EUR              2025-06-11 20:00:00
HEATOIL          2025-06-11 20:00:00
EUR_micro        2025-06-11 20:00:00
EUR_mini         2025-06-11 20:00:00
GOLD_micro       2025-06-11 20:00:00
GOLD-mini        2025-06-11 20:00:00
GOLD             2025-06-11 20:00:00
FANG             2025-06-11 20:00:00
FED              2025-06-11 20:00:00
GBPEUR           2025-06-11 20:00:00
GBP              2025-06-11 20:00:00
GAS_US_mini*     2025-06-11 20:00:00
GAS_US           2025-06-11 20:00:00
DOW_mini         2025-06-11 20:00:00
DOW*             2025-06-11 20:00:00
JPY_mini         2025-06-11 20:00:00
MSCIEAFA         2025-06-11 20:00:00
CAD10            2025-06-11 20:00:00
CAD5             2025-06-11 20:00:00
CAD_micro        2025-06-11 20:00:00
SEK              2025-06-11 20:00:00
CRUDE_W_mini     2025-06-11 20:00:00
RUSSELL          2025-06-11 20:00:00
CHF              2025-06-11 20:00:00
CHF_micro        2025-06-11 20:00:00
PLAT*            2025-06-11 20:00:00
PALLAD           2025-06-11 20:00:00
RUSSELL_mini     2025-06-11 20:00:00
NZD              2025-06-11 20:00:00
NOK              2025-06-11 20:00:00
COPPER-micro     2025-06-11 20:00:00
NASDAQ_micro     2025-06-11 20:00:00
NASDAQ           2025-06-11 20:00:00
MXP*             2025-06-11 20:00:00
CRUDE_W          2025-06-11 20:00:00
CRUDE_W_micro    2025-06-11 20:00:00
COPPER           2025-06-11 20:00:00
HKDUSD           2025-06-11 23:00:00
CHFUSD           2025-06-11 23:00:00
JPYUSD           2025-06-11 23:00:00
EURUSD           2025-06-11 23:00:00
CADUSD           2025-06-11 23:00:00
SGDUSD           2025-06-11 23:00:00
CNHUSD           2025-06-11 23:00:00
SEKUSD           2025-06-11 23:00:00
GBPUSD           2025-06-11 23:00:00
MXPUSD           2025-06-11 23:00:00
KRWUSD           2025-06-11 23:00:00
AUDUSD           2025-06-11 23:00:00


============================================================
           Status of optimal position generation            
============================================================

                                                 last_update
dynamic_TF_carry/SGX              2024-12-02 22:31:28.544775
dynamic_TF_carry/GAS-LAST         2025-06-11 22:31:36.858390
dynamic_TF_carry/COPPER           2025-06-11 22:31:36.858640
dynamic_TF_carry/SMI              2025-06-11 22:31:36.858874
dynamic_TF_carry/EU-HEALTH        2025-06-11 22:31:36.859105
dynamic_TF_carry/US-HEALTH        2025-06-11 22:31:36.859335
dynamic_TF_carry/CAD2             2025-06-11 22:31:36.859564
dynamic_TF_carry/DOW              2025-06-11 22:31:36.860020
dynamic_TF_carry/SARONA           2025-06-11 22:31:36.860248
dynamic_TF_carry/BOBL             2025-06-11 22:31:36.860475
dynamic_TF_carry/STEEL            2025-06-11 22:31:36.860701
dynamic_TF_carry/CRUDE_W_mini     2025-06-11 22:31:36.860927
dynamic_TF_carry/CHF              2025-06-11 22:31:36.861152
dynamic_TF_carry/SOYBEAN          2025-06-11 22:31:36.861379
dynamic_TF_carry/TWD              2025-06-11 22:31:36.861610
dynamic_TF_carry/EURCHF           2025-06-11 22:31:36.861837
dynamic_TF_carry/CZK              2025-06-11 22:31:36.862063
dynamic_TF_carry/WHEY             2025-06-11 22:31:36.862288
dynamic_TF_carry/EUROSTX200-LARGE 2025-06-11 22:31:36.862513
dynamic_TF_carry/SP400            2025-06-11 22:31:36.862737
dynamic_TF_carry/MIB              2025-06-11 22:31:36.862961
dynamic_TF_carry/RUSSELL          2025-06-11 22:31:36.863188
dynamic_TF_carry/SGD              2025-06-11 22:31:36.863415
dynamic_TF_carry/COPPER-micro     2025-06-11 22:31:36.863865
dynamic_TF_carry/COPPER_LME       2025-06-11 22:31:36.864091
dynamic_TF_carry/SEK              2025-06-11 22:31:36.864316
dynamic_TF_carry/CHINAA-CON       2025-06-11 22:31:36.864540
dynamic_TF_carry/FANG             2025-06-11 22:31:36.864766
dynamic_TF_carry/YENEUR           2025-06-11 22:31:36.864991
dynamic_TF_carry/COTTON           2025-06-11 22:31:36.865216
dynamic_TF_carry/MILK             2025-06-11 22:31:36.865443
dynamic_TF_carry/PLAT             2025-06-11 22:31:36.865673
dynamic_TF_carry/SUGAR16          2025-06-11 22:31:36.865900
dynamic_TF_carry/OAT              2025-06-11 22:31:36.866125
dynamic_TF_carry/COCOA_LDN        2025-06-11 22:31:36.866577
dynamic_TF_carry/EU-MEDIA         2025-06-11 22:31:36.866803
dynamic_TF_carry/VNKI             2025-06-11 22:31:36.867028
dynamic_TF_carry/LIVECOW          2025-06-11 22:31:36.867253
dynamic_TF_carry/BUND             2025-06-11 22:31:36.867481
dynamic_TF_carry/LEANHOG          2025-06-11 22:31:36.867707
dynamic_TF_carry/BTP3             2025-06-11 22:31:36.867933
dynamic_TF_carry/US-DISCRETE      2025-06-11 22:31:36.868385
dynamic_TF_carry/US2              2025-06-11 22:31:36.868612
dynamic_TF_carry/KRWUSD_mini      2025-06-11 22:31:36.868838
dynamic_TF_carry/EU-HOUSE         2025-06-11 22:31:36.869064
dynamic_TF_carry/KOSDAQ           2025-06-11 22:31:36.869290
dynamic_TF_carry/HANGENT_mini     2025-06-11 22:31:36.869517
dynamic_TF_carry/FTSE100          2025-06-11 22:31:36.869748
dynamic_TF_carry/SPI200           2025-06-11 22:31:36.869974
dynamic_TF_carry/TIN_LME          2025-06-11 22:31:36.870202
dynamic_TF_carry/EU-FOOD          2025-06-11 22:31:36.870430
dynamic_TF_carry/EU-REALESTATE    2025-06-11 22:31:36.870657
dynamic_TF_carry/CANOLA           2025-06-11 22:31:36.870883
dynamic_TF_carry/AUDJPY           2025-06-11 22:31:36.871110
dynamic_TF_carry/COAL-GEORDIE     2025-06-11 22:31:36.871337
dynamic_TF_carry/COFFEE           2025-06-11 22:31:36.871564
dynamic_TF_carry/US20             2025-06-11 22:31:36.871793
dynamic_TF_carry/JPY              2025-06-11 22:31:36.872019
dynamic_TF_carry/EUROSTX-SMALL    2025-06-11 22:31:36.872271
dynamic_TF_carry/FEEDCOW          2025-06-11 22:31:36.872500
dynamic_TF_carry/NASDAQ_micro     2025-06-11 22:31:36.872729
dynamic_TF_carry/BOVESPA          2025-06-11 22:31:36.872958
dynamic_TF_carry/OATIES           2025-06-11 22:31:36.873185
dynamic_TF_carry/PLN              2025-06-11 22:31:36.873413
dynamic_TF_carry/EUA              2025-06-11 22:31:36.873646
dynamic_TF_carry/MSCIWORLD        2025-06-11 22:31:36.873874
dynamic_TF_carry/EU-AUTO          2025-06-11 22:31:36.874102
dynamic_TF_carry/REDWHEAT         2025-06-11 22:31:36.874329
dynamic_TF_carry/EU-CONSTRUCTION  2025-06-11 22:31:36.874557
dynamic_TF_carry/MILKDRY          2025-06-11 22:31:36.874784
dynamic_TF_carry/GBP              2025-06-11 22:31:36.875011
dynamic_TF_carry/CORN             2025-06-11 22:31:36.875240
dynamic_TF_carry/SOYMEAL          2025-06-11 22:31:36.875469
dynamic_TF_carry/US10             2025-06-11 22:31:36.875698
dynamic_TF_carry/MSCITAIWAN       2025-06-11 22:31:36.875926
dynamic_TF_carry/HIGHYIELD        2025-06-11 22:31:36.876155
dynamic_TF_carry/US-ENERGY        2025-06-11 22:31:36.876610
dynamic_TF_carry/US-INDUSTRY      2025-06-11 22:31:36.876838
dynamic_TF_carry/CRUDE_ICE        2025-06-11 22:31:36.877066
dynamic_TF_carry/NZD              2025-06-11 22:31:36.877295
dynamic_TF_carry/CRUDE_W_micro    2025-06-11 22:31:36.877523
dynamic_TF_carry/CLP              2025-06-11 22:31:36.877755
dynamic_TF_carry/DX               2025-06-11 22:31:36.877983
dynamic_TF_carry/INR              2025-06-11 22:31:36.878211
dynamic_TF_carry/KR3              2025-06-11 22:31:36.878438
dynamic_TF_carry/US30             2025-06-11 22:31:36.878892
dynamic_TF_carry/IRON             2025-06-11 22:31:36.879119
dynamic_TF_carry/LUMBER-new       2025-06-11 22:31:36.879346
dynamic_TF_carry/ROBUSTA          2025-06-11 22:31:36.879575
dynamic_TF_carry/IRS              2025-06-11 22:31:36.879804
dynamic_TF_carry/HOUSE-US         2025-06-11 22:31:36.880032
dynamic_TF_carry/SP500_micro      2025-06-11 22:31:36.880260
dynamic_TF_carry/MILKWET          2025-06-11 22:31:36.880487
dynamic_TF_carry/BONO             2025-06-11 22:31:36.880714
dynamic_TF_carry/MSCIEMASIA       2025-06-11 22:31:36.880941
dynamic_TF_carry/EU-MID           2025-06-11 22:31:36.881168
dynamic_TF_carry/KOSPI_mini       2025-06-11 22:31:36.881394
dynamic_TF_carry/EU-OIL           2025-06-11 22:31:36.881627
dynamic_TF_carry/MSCIEAFA         2025-06-11 22:31:36.881855
dynamic_TF_carry/ETHEREUM         2025-06-11 22:31:36.882084
dynamic_TF_carry/SUGAR_WHITE      2025-06-11 22:31:36.882313
dynamic_TF_carry/JP-REALESTATE    2025-06-11 22:31:36.882540
dynamic_TF_carry/EURIBOR          2025-06-11 22:31:36.882767
dynamic_TF_carry/IBEX_mini        2025-06-11 22:31:36.882993
dynamic_TF_carry/EU-INSURE        2025-06-11 22:31:36.883220
dynamic_TF_carry/EU-DIV30         2025-06-11 22:31:36.883447
dynamic_TF_carry/JGB              2025-06-11 22:31:36.883674
dynamic_TF_carry/CHEESE           2025-06-11 22:31:36.883901
dynamic_TF_carry/SOFR             2025-06-11 22:31:36.884127
dynamic_TF_carry/SOYBEAN_mini     2025-06-11 22:31:36.884355
dynamic_TF_carry/SHATZ            2025-06-11 22:31:36.884582
dynamic_TF_carry/FED              2025-06-11 22:31:36.884810
dynamic_TF_carry/MSCIASIA         2025-06-11 22:31:36.885036
dynamic_TF_carry/EU-RETAIL        2025-06-11 22:31:36.885262
dynamic_TF_carry/RICE             2025-06-11 22:31:36.885721
dynamic_TF_carry/HANGTECH         2025-06-11 22:31:36.885950
dynamic_TF_carry/FTSE250          2025-06-11 22:31:36.886177
dynamic_TF_carry/GAS_US_mini      2025-06-11 22:31:36.886405
dynamic_TF_carry/EURCAD           2025-06-11 22:31:36.886632
dynamic_TF_carry/EUROSTX-LARGE    2025-06-11 22:31:36.886860
dynamic_TF_carry/COCOA            2025-06-11 22:31:36.887087
dynamic_TF_carry/EU-DJ-TELECOM    2025-06-11 22:31:36.887541
dynamic_TF_carry/EUR              2025-06-11 22:31:36.887768
dynamic_TF_carry/AUD_micro        2025-06-11 22:31:36.887995
dynamic_TF_carry/IG               2025-06-11 22:31:36.888223
dynamic_TF_carry/LEAD_LME         2025-06-11 22:31:36.888451
dynamic_TF_carry/KOSPI            2025-06-11 22:31:36.888679
dynamic_TF_carry/GILT             2025-06-11 22:31:36.888907
dynamic_TF_carry/SMI-MID          2025-06-11 22:31:36.889136
dynamic_TF_carry/EU-CHEM          2025-06-11 22:31:36.889597
dynamic_TF_carry/EPRA-EUROPE      2025-06-11 22:31:36.889827
dynamic_TF_carry/GOLD_micro       2025-06-11 22:31:36.890054
dynamic_TF_carry/HANG_mini        2025-06-11 22:31:36.890282
dynamic_TF_carry/ZAR              2025-06-11 22:31:36.890511
dynamic_TF_carry/KRWUSD           2025-06-11 22:31:36.890739
dynamic_TF_carry/SWISSLEAD        2025-06-11 22:31:36.891193
dynamic_TF_carry/EURAUD           2025-06-11 22:31:36.891646
dynamic_TF_carry/EU-BANKS         2025-06-11 22:31:36.892099
dynamic_TF_carry/US3              2025-06-11 22:31:36.892325
dynamic_TF_carry/BUXL             2025-06-11 22:31:36.892552
dynamic_TF_carry/MXP              2025-06-11 22:31:36.892779
dynamic_TF_carry/EU-UTILS         2025-06-11 22:31:36.893008
dynamic_TF_carry/EUROSTX          2025-06-11 22:31:36.893236
dynamic_TF_carry/GASOIL           2025-06-11 22:31:36.893463
dynamic_TF_carry/ZINC_LME         2025-06-11 22:31:36.893696
dynamic_TF_carry/GASOILINE        2025-06-11 22:31:36.893924
dynamic_TF_carry/GBPCHF           2025-06-11 22:31:36.894151
dynamic_TF_carry/RUBBER           2025-06-11 22:31:36.894379
dynamic_TF_carry/GBPEUR           2025-06-11 22:31:36.894607
dynamic_TF_carry/US-MATERIAL      2025-06-11 22:31:36.894833
dynamic_TF_carry/EU-TRAVEL        2025-06-11 22:31:36.895060
dynamic_TF_carry/EU-DJ-UTIL       2025-06-11 22:31:36.895287
dynamic_TF_carry/SILVER           2025-06-11 22:31:36.895514
dynamic_TF_carry/EU-TECH          2025-06-11 22:31:36.895741
dynamic_TF_carry/EURIBOR-ICE      2025-06-11 22:31:36.895967
dynamic_TF_carry/MILLWHEAT        2025-06-11 22:31:36.896194
dynamic_TF_carry/CH10             2025-06-11 22:31:36.896444
dynamic_TF_carry/FTSEVIET         2025-06-11 22:31:36.896674
dynamic_TF_carry/SUGAR11          2025-06-11 22:31:36.896902
dynamic_TF_carry/FTSECHINAH       2025-06-11 22:31:36.897131
dynamic_TF_carry/COAL             2025-06-11 22:31:36.897359
dynamic_TF_carry/GAS-PEN          2025-06-11 22:31:36.897590
dynamic_TF_carry/DAX              2025-06-11 22:31:36.897820
dynamic_TF_carry/BITCOIN          2025-06-11 22:31:36.898049
dynamic_TF_carry/GBPJPY           2025-06-11 22:31:36.898277
dynamic_TF_carry/EU-BASIC         2025-06-11 22:31:36.898504
dynamic_TF_carry/FTSETAIWAN       2025-06-11 22:31:36.898746
dynamic_TF_carry/COTTON2          2025-06-11 22:31:36.898974
dynamic_TF_carry/AEX              2025-06-11 22:31:36.899202
dynamic_TF_carry/BTP              2025-06-11 22:31:36.899429
dynamic_TF_carry/CHFJPY           2025-06-11 22:31:36.899657
dynamic_TF_carry/EUR_micro        2025-06-11 22:31:36.899884
dynamic_TF_carry/EURO600          2025-06-11 22:31:36.900112
dynamic_TF_carry/CAC              2025-06-11 22:31:36.900338
dynamic_TF_carry/MSCISING         2025-06-11 22:31:36.900565
dynamic_TF_carry/CAD10            2025-06-11 22:31:36.900793
dynamic_TF_carry/PALLAD           2025-06-11 22:31:36.901019
dynamic_TF_carry/CAD              2025-06-11 22:31:36.901246
dynamic_TF_carry/NICKEL_LME       2025-06-11 22:31:36.901473
dynamic_TF_carry/MUMMY            2025-06-11 22:31:36.901703
dynamic_TF_carry/WHEAT_ICE        2025-06-11 22:31:36.901930
dynamic_TF_carry/HEATOIL          2025-06-11 22:31:36.902158
dynamic_TF_carry/SONIA3           2025-06-11 22:31:36.902385
dynamic_TF_carry/BRENT_W          2025-06-11 22:31:36.902917
dynamic_TF_carry/JGB-SGX-mini     2025-06-11 22:31:36.903151
dynamic_TF_carry/US-REALESTATE    2025-06-11 22:31:36.903379
dynamic_TF_carry/GICS             2025-06-11 22:31:36.903607
dynamic_TF_carry/FTSEINDO         2025-06-11 22:31:36.903835
dynamic_TF_carry/TOPIX            2025-06-11 22:31:36.904063
dynamic_TF_carry/ALUMINIUM        2025-06-11 22:31:36.904291
dynamic_TF_carry/BBCOMM           2025-06-11 22:31:36.904519
dynamic_TF_carry/BRENT-LAST       2025-06-11 22:31:36.904748
dynamic_TF_carry/CAD5             2025-06-11 22:31:36.904977
dynamic_TF_carry/US-STAPLES       2025-06-11 22:31:36.905431
dynamic_TF_carry/NIKKEI           2025-06-11 22:31:36.905664
dynamic_TF_carry/OJ               2025-06-11 22:31:36.905894
dynamic_TF_carry/OMX              2025-06-11 22:31:36.906122
dynamic_TF_carry/R1000            2025-06-11 22:31:36.906349
dynamic_TF_carry/NOK              2025-06-11 22:31:36.906578
dynamic_TF_carry/SOYOIL           2025-06-11 22:31:36.906806
dynamic_TF_carry/V2X              2025-06-11 22:31:36.907035
dynamic_TF_carry/CNH              2025-06-11 22:31:36.907265
dynamic_TF_carry/NIKKEI400        2025-06-11 22:31:36.907493
dynamic_TF_carry/FTSECHINAA       2025-06-11 22:31:36.907721
dynamic_TF_carry/US5              2025-06-11 22:31:36.907948
dynamic_TF_carry/BRE              2025-06-11 22:31:36.908176
dynamic_TF_carry/AUD              2025-06-11 22:31:36.908405
dynamic_TF_carry/KR10             2025-06-11 22:31:36.908634
dynamic_TF_carry/RUR              2025-06-11 22:31:36.908862
dynamic_TF_carry/WHEAT            2025-06-11 22:31:36.909089
dynamic_TF_carry/BUTTER           2025-06-11 22:31:36.909317
dynamic_TF_carry/VIX              2025-06-11 22:31:36.909545
dynamic_TF_carry/US10U            2025-06-11 22:31:36.909778
dynamic_TF_carry/US-UTILS         2025-06-11 22:31:36.910005


======================================================================================================================
                                                Status of trade limits                                                
======================================================================================================================

                   period_days  trade_limit  trades_since_last_reset  trade_capacity_remaining   time_since_last_reset
 BTP                        14            4                      1.0                       3.0  8 days 14:57:18.432674
 OAT                        30            4                      1.0                       3.0  7 days 14:57:30.284360
 GAS_US_mini                14            4                      1.0                       3.0  2 days 08:57:34.535709
 BTP                        30            4                      1.0                       3.0  8 days 14:57:18.434438
 OAT                        14            4                      1.0                       3.0  7 days 14:57:30.282730
 EU-HOUSE                    1            4                      0.0                       4.0  0 days 00:00:00.000002
 EU-DJ-UTIL                  1            4                      0.0                       4.0  0 days 00:00:00.000002
 EU-DJ-TELECOM               1            4                      0.0                       4.0  0 days 00:00:00.000001
 EU-DJ-TECH                  1            4                      0.0                       4.0  0 days 00:00:00.000001
 EU-DJ-OIL                   1            4                      0.0                       4.0  0 days 00:00:00.000002
 EU-CONSTRUCTION             1            4                      0.0                       4.0  0 days 00:00:00.000001
 CZK                         1            4                      0.0                       4.0  0 days 00:00:00.000002
 COTTON                      1            4                      0.0                       4.0  0 days 00:00:00.000001
 CNH-onshore                 1            4                      0.0                       4.0  0 days 00:00:00.000001
 EU-MEDIA                    1            4                      0.0                       4.0  0 days 00:00:00.000001
 CLP                         1            4                      0.0                       4.0  0 days 00:00:00.000002
 CH10                        1            4                      0.0                       4.0  0 days 00:00:00.000001
 BUTTER                      1            4                      0.0                       4.0  0 days 00:00:00.000002
 BOVESPA                     1            4                      0.0                       4.0  0 days 00:00:00.000001
 BEL20                       1            4                      0.0                       4.0  0 days 00:00:00.000001
 ALUMINIUM                   1            4                      0.0                       4.0  0 days 00:00:00.000001
 YENEUR                     30            4                      0.0                       4.0  0 days 00:00:00.000002
 COPPER-mini                 1            4                      0.0                       4.0  0 days 00:00:00.000001
 EU-MID                      1            4                      0.0                       4.0  0 days 00:00:00.000001
 EURCHF                      1            4                      0.0                       4.0  0 days 00:00:00.000001
 US30                       30            4                      0.0                       4.0  0 days 00:00:00.000002
 US-HEALTH                   1            4                      0.0                       4.0  0 days 00:00:00.000001
 US-ENERGY                   1            4                      0.0                       4.0  0 days 00:00:00.000002
 US-DISCRETE                 1            4                      0.0                       4.0  0 days 00:00:00.000001
 SMI-MID                     1            4                      0.0                       4.0  0 days 00:00:00.000001
 SGX                         1            4                      0.0                       4.0  0 days 00:00:00.000002
 SGD                         1            4                      0.0                       4.0  0 days 00:00:00.000001
 OMX                         1            4                      0.0                       4.0  0 days 00:00:00.000001
 MSCIASIA                    1            4                      0.0                       4.0  0 days 00:00:00.000002
 MILKWET                     1            4                      0.0                       4.0  0 days 00:00:00.000001
 MILKDRY                     1            4                      0.0                       4.0  0 days 00:00:00.000002
 MID-DAX                     1            4                      0.0                       4.0  0 days 00:00:00.000001
 JP-REALESTATE               1            4                      0.0                       4.0  0 days 00:00:00.000001
 JGB-SGX-mini                1            4                      0.0                       4.0  0 days 00:00:00.000002
 IRS                         1            4                      0.0                       4.0  0 days 00:00:00.000002
 FTSEINDO                    1            4                      0.0                       4.0  0 days 00:00:00.000001
 EUROSTX200-LARGE            1            4                      0.0                       4.0  0 days 00:00:00.000001
 EUROSTX-SMALL               1            4                      0.0                       4.0  0 days 00:00:00.000001
 EUROSTX-LARGE               1            4                      0.0                       4.0  0 days 00:00:00.000002
 EURIBOR                     1            4                      0.0                       4.0  0 days 00:00:00.000001
 EU-REALESTATE               1            4                      0.0                       4.0  0 days 00:00:00.000002
 US3                        30            4                      0.0                       4.0  0 days 00:00:00.000001
 SP400                      30            4                      0.0                       4.0  0 days 00:00:00.000002
 US-INDUSTRY                 1            4                      0.0                       4.0  0 days 00:00:00.000001
