
********************************************************************************
                   Status report produced on 03/07/2025 22:57                   
********************************************************************************


Delayed methods: No delays

=============================
Delayed adjusted / FX prices 
=============================

                  last_update
HIGHYIELD 2025-05-29 23:00:01
IG        2025-05-30 15:00:01
RUR       2025-06-12 23:00:01


===============================================
           Delayed optimal positions           
===============================================

                                    last_update
dynamic_TF_carry/SGX 2024-12-02 22:31:28.544775

Instruments at trade limit: No constraints

================================================
         Instruments at position limit          
================================================

                 keys  position pos_limit  spare
245         EU-TRAVEL         0       0.0    0.0
156          ETHEREUM         0       0.0    0.0
78           JPY_mini         0       0.0    0.0
155              GICS         0       0.0    0.0
191               MIB         1       1.0    0.0
72             EURCHF         0       0.0    0.0
139          SGD_mini         0       0.0    0.0
200       CNH-onshore         0       0.0    0.0
202              COAL         0       0.0    0.0
187            BUTTER         0       0.0    0.0
67             EURAUD         0       0.0    0.0
64          SWISSLEAD         0       0.0    0.0
204         CHF_micro         0       0.0    0.0
207          JGB-mini         0       0.0    0.0
208               SEK         0       0.0    0.0
108              WHEY         0       0.0    0.0
216            NASDAQ         0       0.0    0.0
51                IRS         0       0.0    0.0
218            AUDJPY         0       0.0    0.0
121      COAL-GEORDIE         0       0.0    0.0
125           GAS-PEN        -1       1.0    0.0
81            TIN_LME         0       0.0    0.0
116             STEEL         0       0.0    0.0
107           BOVESPA         0       0.0    0.0
161            CHFJPY         0       0.0    0.0
159             SP400         0       0.0    0.0
104           MILKDRY         0       0.0    0.0
158     EUROSTX-LARGE         0       0.0    0.0
163               RUR         0       0.0    0.0
112         HIGHYIELD         0       0.0    0.0
165          EU-MEDIA         0       0.0    0.0
82            MILKWET         0       0.0    0.0
113             R1000         0       0.0    0.0
114  EUROSTX200-LARGE         0       0.0    0.0
175            EURCAD         0       0.0    0.0
157              CH10         0       0.0    0.0
176               PLN         0       0.0    0.0
177               CLP         0       0.0    0.0
179          AEX_mini         0       0.0    0.0
180   GASOILINE_micro         0       0.0    0.0
184            PALLAD         0       0.0    0.0
95                CZK         0       0.0    0.0
126          TWD-mini         0       0.0    0.0
160               TWD         0       0.0    0.0
26         EU-DJ-TECH         0       0.0    0.0
43            SMI-MID         0       0.0    0.0
230       EPRA-EUROPE         0       0.0    0.0
231           EU-CHEM         0       0.0    0.0
27                 IG         0       0.0    0.0
150               OMX         0       0.0    0.0
147            GBPJPY         0       0.0    0.0
233       HEATOIL-ICE         0       0.0    0.0
146   EU-CONSTRUCTION         0       0.0    0.0
132               NOK         0       0.0    0.0
144         EU-RETAIL         0       0.0    0.0
10         COPPER_LME         0       0.0    0.0
35           HOUSE-US         0       0.0    0.0
24             KRWUSD         0       0.0    0.0
7              COTTON         0       0.0    0.0
6                VNKI         0       0.0    0.0
222               SGX         0       0.0    0.0
5                 JGB         0       0.0    0.0
4         COPPER-mini         0       0.0    0.0
223     EU-DJ-TELECOM         0       0.0    0.0
3            EU-HOUSE         0       0.0    0.0


=====================================================
       Overrides in database consider deleting       
=====================================================

                                             override
NICKEL_LME         Override Close because in database
STEEL        Override Reduce only because in database
HIGHYIELD    Override Reduce only because in database
RICE         Override Reduce only because in database
IG           Override Reduce only because in database
GOLD-mini    Override Reduce only because in database
IBEX_mini    Override Reduce only because in database
VIX_mini     Override Reduce only because in database
IBEX         Override Reduce only because in database
GICS         Override Reduce only because in database
KOSPI_mini   Override Reduce only because in database
SGD          Override Reduce only because in database
CNH-onshore  Override Reduce only because in database

Locked instruments (position mismatch): []

==============================================
Status of adjusted price / FX price collection
==============================================

                         last_update
HIGHYIELD        2025-05-29 23:00:01
IG               2025-05-30 15:00:01
RUR              2025-06-12 23:00:01
SGX              2025-06-30 23:00:00
CNH-onshore      2025-06-30 23:00:00
CH10             2025-07-02 23:00:00
CHFJPY           2025-07-02 23:00:00
CLP              2025-07-02 23:00:00
PLN              2025-07-02 23:00:00
OMX              2025-07-02 23:00:00
COTTON           2025-07-02 23:00:00
MSCIEMASIA       2025-07-02 23:00:00
MILKWET          2025-07-02 23:00:00
KRWUSD           2025-07-02 23:00:00
IRS              2025-07-02 23:00:00
HOUSE-US         2025-07-02 23:00:00
EUROSTX-LARGE    2025-07-02 23:00:00
GICS             2025-07-02 23:00:00
GBPCHF           2025-07-02 23:00:00
SGD_mini         2025-07-02 23:00:00
CZK              2025-07-02 23:00:00
GASOILINE_micro  2025-07-02 23:00:00
TWD              2025-07-02 23:00:00
AEX_mini         2025-07-02 23:00:00
BOVESPA          2025-07-02 23:00:00
SUGAR16          2025-07-02 23:00:00
VNKI             2025-07-02 23:00:00
SWISSLEAD        2025-07-02 23:00:00
TIN_LME          2025-07-02 23:00:00
WHEY             2025-07-02 23:00:00
TWD-mini         2025-07-03 02:00:00
JGB-mini         2025-07-03 02:00:00
KR3              2025-07-03 04:00:00
JP-REALESTATE    2025-07-03 04:00:00
JGB-SGX-mini     2025-07-03 04:00:00
IRON*            2025-07-03 04:00:00
KRWUSD_mini      2025-07-03 04:00:00
HANGTECH         2025-07-03 04:00:00
HANGENT          2025-07-03 04:00:00
FTSEVIET         2025-07-03 04:00:00
SPI200           2025-07-03 04:00:00
SGD              2025-07-03 04:00:00
HANGENT_mini     2025-07-03 04:00:00
FTSEINDO         2025-07-03 04:00:00
HANG_mini        2025-07-03 04:00:00
CHINAA-CON       2025-07-03 04:00:00
CNH              2025-07-03 04:00:00
HANG             2025-07-03 04:00:00
FTSECHINAH       2025-07-03 04:00:00
JGB              2025-07-03 05:00:00
FTSECHINAA       2025-07-03 05:00:00
KOSDAQ*          2025-07-03 05:00:00
KOSPI            2025-07-03 05:00:00
KOSPI_mini       2025-07-03 05:00:00
FTSETAIWAN       2025-07-03 05:00:00
KR10             2025-07-03 05:00:00
RUBBER           2025-07-03 05:00:00
NIKKEI400        2025-07-03 05:00:00
NIKKEI           2025-07-03 05:00:00
MUMMY*           2025-07-03 05:00:00
MSCITAIWAN       2025-07-03 05:00:00
TOPIX*           2025-07-03 05:00:00
MSCISING         2025-07-03 05:00:00
COAL-GEORDIE     2025-07-03 10:00:00
EUROSTX200-LARGE 2025-07-03 14:00:00
IBEX_mini        2025-07-03 15:00:00
EURAUD           2025-07-03 15:00:00
IBEX             2025-07-03 15:00:00
WHEAT_ICE        2025-07-03 15:00:00
EURIBOR          2025-07-03 15:00:00
EURIBOR-ICE      2025-07-03 15:00:00
COCOA_LDN        2025-07-03 15:00:00
FTSE100          2025-07-03 15:00:00
GILT             2025-07-03 15:00:00
HEATOIL-ICE      2025-07-03 15:00:00
GASOIL           2025-07-03 15:00:00
EUROSTX-SMALL    2025-07-03 15:00:00
ROBUSTA          2025-07-03 15:00:00
BRENT_W          2025-07-03 15:00:00
COAL             2025-07-03 15:00:00
ALUMINIUM_LME    2025-07-03 15:00:00
EUA              2025-07-03 15:00:00
EU-TECH          2025-07-03 15:00:00
MILLWHEAT        2025-07-03 15:00:00
EPRA-EUROPE      2025-07-03 15:00:00
MIB*             2025-07-03 15:00:00
LEAD_LME         2025-07-03 15:00:00
BONO             2025-07-03 15:00:00
MSCIWORLD        2025-07-03 15:00:00
EU-CONSTRUCTION  2025-07-03 15:00:00
EU-TRAVEL        2025-07-03 15:00:00
CRUDE_ICE        2025-07-03 15:00:00
COPPER_LME       2025-07-03 15:00:00
EU-HOUSE         2025-07-03 15:00:00
ZINC_LME         2025-07-03 15:00:00
SONIA3           2025-07-03 15:00:00
EU-MID           2025-07-03 15:00:00
BUTTER           2025-07-03 15:00:00
SARONA           2025-07-03 15:00:00
FTSE250          2025-07-03 15:00:00
NICKEL_LME       2025-07-03 15:00:00
EU-RETAIL        2025-07-03 15:00:00
SHATZ            2025-07-03 16:00:00
MSCIASIA         2025-07-03 16:00:00
INR              2025-07-03 16:00:00
OAT              2025-07-03 16:00:00
V2X              2025-07-03 16:00:00
NOK              2025-07-03 16:00:00
SMI-MID          2025-07-03 16:00:00
SUGAR_WHITE      2025-07-03 16:00:00
SMI              2025-07-03 16:00:00
AEX              2025-07-03 16:00:00
BOBL             2025-07-03 16:00:00
EU-REALESTATE    2025-07-03 16:00:00
EU-OIL           2025-07-03 16:00:00
EU-MEDIA         2025-07-03 16:00:00
EU-INSURE        2025-07-03 16:00:00
EU-HEALTH        2025-07-03 16:00:00
EU-FOOD          2025-07-03 16:00:00
EU-DJ-UTIL       2025-07-03 16:00:00
EU-DJ-TELECOM    2025-07-03 16:00:00
EU-UTILS         2025-07-03 16:00:00
EU-DJ-TECH       2025-07-03 16:00:00
EU-DIV30         2025-07-03 16:00:00
EU-CHEM          2025-07-03 16:00:00
EU-BASIC         2025-07-03 16:00:00
EU-BANKS         2025-07-03 16:00:00
EU-AUTO          2025-07-03 16:00:00
BTP*             2025-07-03 16:00:00
BTP3             2025-07-03 16:00:00
BUND*            2025-07-03 16:00:00
EU-DJ-OIL        2025-07-03 16:00:00
EURCAD           2025-07-03 16:00:00
BUXL             2025-07-03 16:00:00
EURO600          2025-07-03 16:00:00
EUROSTX          2025-07-03 16:00:00
CAC              2025-07-03 16:00:00
DAX              2025-07-03 16:00:00
ALUMINIUM        2025-07-03 16:00:00
GASOILINE_ICE    2025-07-03 16:00:00
GAS-PEN*         2025-07-03 16:00:00
AUDJPY           2025-07-03 16:00:00
EURCHF           2025-07-03 16:00:00
BBCOMM           2025-07-03 16:00:00
SOYMEAL          2025-07-03 17:00:00
PLAT*            2025-07-03 17:00:00
REDWHEAT         2025-07-03 17:00:00
RICE*            2025-07-03 17:00:00
CHF_micro        2025-07-03 17:00:00
CHEESE           2025-07-03 17:00:00
SOYBEAN_mini     2025-07-03 17:00:00
SOYBEAN          2025-07-03 17:00:00
SEK              2025-07-03 17:00:00
CAD_micro        2025-07-03 17:00:00
SILVER           2025-07-03 17:00:00
CAD*             2025-07-03 17:00:00
SOFR             2025-07-03 17:00:00
SOYOIL           2025-07-03 17:00:00
CHF              2025-07-03 17:00:00
GASOILINE        2025-07-03 17:00:00
BRENT-LAST       2025-07-03 17:00:00
SUGAR11          2025-07-03 17:00:00
ZAR              2025-07-03 17:00:00
YENEUR*          2025-07-03 17:00:00
AUD              2025-07-03 17:00:00
WHEAT_mini       2025-07-03 17:00:00
WHEAT*           2025-07-03 17:00:00
AUD_micro        2025-07-03 17:00:00
US5              2025-07-03 17:00:00
STEEL            2025-07-03 17:00:00
US30             2025-07-03 17:00:00
US20             2025-07-03 17:00:00
US2              2025-07-03 17:00:00
US10U            2025-07-03 17:00:00
US10             2025-07-03 17:00:00
BITCOIN          2025-07-03 17:00:00
BRE              2025-07-03 17:00:00
PALLAD           2025-07-03 17:00:00
US3              2025-07-03 17:00:00
COPPER           2025-07-03 17:00:00
R1000            2025-07-03 17:00:00
OATIES           2025-07-03 17:00:00
MILK             2025-07-03 17:00:00
ETHEREUM         2025-07-03 17:00:00
LUMBER-new       2025-07-03 17:00:00
LIVECOW          2025-07-03 17:00:00
LEANHOG*         2025-07-03 17:00:00
JPY_mini         2025-07-03 17:00:00
JPY*             2025-07-03 17:00:00
EUR              2025-07-03 17:00:00
EUR_micro        2025-07-03 17:00:00
EUR_mini         2025-07-03 17:00:00
MILKDRY          2025-07-03 17:00:00
FED              2025-07-03 17:00:00
GOLD-mini        2025-07-03 17:00:00
GOLD             2025-07-03 17:00:00
FEEDCOW*         2025-07-03 17:00:00
GAS-LAST         2025-07-03 17:00:00
GBP_micro        2025-07-03 17:00:00
GBPJPY           2025-07-03 17:00:00
GBPEUR           2025-07-03 17:00:00
GBP*             2025-07-03 17:00:00
GAS_US_mini*     2025-07-03 17:00:00
GAS_US           2025-07-03 17:00:00
GOLD_micro*      2025-07-03 17:00:00
ETHER-micro      2025-07-03 17:00:00
HEATOIL          2025-07-03 17:00:00
CRUDE_W          2025-07-03 17:00:00
COPPER-micro     2025-07-03 17:00:00
NZD              2025-07-03 17:00:00
COPPER-mini      2025-07-03 17:00:00
CORN             2025-07-03 17:00:00
CRUDE_W_mini     2025-07-03 17:00:00
CRUDE_W_micro*   2025-07-03 17:00:00
MXP*             2025-07-03 17:00:00
CORN_mini        2025-07-03 17:00:00
FANG             2025-07-03 18:00:00
NASDAQ_micro     2025-07-03 18:00:00
RUSSELL_mini     2025-07-03 18:00:00
RUSSELL          2025-07-03 18:00:00
SP400            2025-07-03 18:00:00
VIX_mini         2025-07-03 18:00:00
COCOA            2025-07-03 18:00:00
COFFEE           2025-07-03 18:00:00
VIX              2025-07-03 18:00:00
US-UTILS         2025-07-03 18:00:00
NASDAQ           2025-07-03 18:00:00
US-REALESTATE    2025-07-03 18:00:00
SP500            2025-07-03 18:00:00
SP500_micro      2025-07-03 18:00:00
DOW_mini         2025-07-03 18:00:00
US-STAPLES       2025-07-03 18:00:00
DOW*             2025-07-03 18:00:00
OJ               2025-07-03 18:00:00
US-DISCRETE      2025-07-03 18:00:00
MSCIEAFA         2025-07-03 18:00:00
US-HEALTH        2025-07-03 18:00:00
US-INDUSTRY      2025-07-03 18:00:00
US-MATERIAL      2025-07-03 18:00:00
US-ENERGY        2025-07-03 18:00:00
COTTON2          2025-07-03 19:00:00
CAD2             2025-07-03 19:00:00
DX*              2025-07-03 19:00:00
CANOLA*          2025-07-03 19:00:00
CAD5             2025-07-03 20:00:00
CAD10            2025-07-03 20:00:00
CHFUSD           2025-07-03 23:00:00
JPYUSD           2025-07-03 23:00:00
EURUSD           2025-07-03 23:00:00
CADUSD           2025-07-03 23:00:00
KRWUSD           2025-07-03 23:00:00
MXPUSD           2025-07-03 23:00:00
SEKUSD           2025-07-03 23:00:00
GBPUSD           2025-07-03 23:00:00
SGDUSD           2025-07-03 23:00:00
HKDUSD           2025-07-03 23:00:00
CNHUSD           2025-07-03 23:00:00
AUDUSD           2025-07-03 23:00:00


============================================================
           Status of optimal position generation            
============================================================

                                                 last_update
dynamic_TF_carry/SGX              2024-12-02 22:31:28.544775
dynamic_TF_carry/HANG_mini        2025-07-03 22:31:37.226661
dynamic_TF_carry/SOFR             2025-07-03 22:31:37.226922
dynamic_TF_carry/NASDAQ_micro     2025-07-03 22:31:37.227163
dynamic_TF_carry/COFFEE           2025-07-03 22:31:37.227400
dynamic_TF_carry/FTSEINDO         2025-07-03 22:31:37.227635
dynamic_TF_carry/EURIBOR-ICE      2025-07-03 22:31:37.227868
dynamic_TF_carry/WHEAT            2025-07-03 22:31:37.228100
dynamic_TF_carry/AUD              2025-07-03 22:31:37.228332
dynamic_TF_carry/EU-REALESTATE    2025-07-03 22:31:37.228564
dynamic_TF_carry/FANG             2025-07-03 22:31:37.228796
dynamic_TF_carry/SUGAR16          2025-07-03 22:31:37.229031
dynamic_TF_carry/US10U            2025-07-03 22:31:37.229265
dynamic_TF_carry/CRUDE_W_mini     2025-07-03 22:31:37.229734
dynamic_TF_carry/US-ENERGY        2025-07-03 22:31:37.229965
dynamic_TF_carry/SOYBEAN_mini     2025-07-03 22:31:37.230199
dynamic_TF_carry/US5              2025-07-03 22:31:37.230456
dynamic_TF_carry/FTSECHINAH       2025-07-03 22:31:37.230695
dynamic_TF_carry/BBCOMM           2025-07-03 22:31:37.230926
dynamic_TF_carry/EU-DIV30         2025-07-03 22:31:37.231156
dynamic_TF_carry/MILLWHEAT        2025-07-03 22:31:37.231389
dynamic_TF_carry/MILKWET          2025-07-03 22:31:37.231621
dynamic_TF_carry/EU-CHEM          2025-07-03 22:31:37.231852
dynamic_TF_carry/EU-MEDIA         2025-07-03 22:31:37.232084
dynamic_TF_carry/EUROSTX-SMALL    2025-07-03 22:31:37.232315
dynamic_TF_carry/KOSDAQ           2025-07-03 22:31:37.232546
dynamic_TF_carry/SOYOIL           2025-07-03 22:31:37.232777
dynamic_TF_carry/TOPIX            2025-07-03 22:31:37.233008
dynamic_TF_carry/EU-BASIC         2025-07-03 22:31:37.233239
dynamic_TF_carry/COPPER           2025-07-03 22:31:37.233470
dynamic_TF_carry/NICKEL_LME       2025-07-03 22:31:37.233704
dynamic_TF_carry/CAD2             2025-07-03 22:31:37.233934
dynamic_TF_carry/EU-HEALTH        2025-07-03 22:31:37.234164
dynamic_TF_carry/EU-AUTO          2025-07-03 22:31:37.234396
dynamic_TF_carry/LIVECOW          2025-07-03 22:31:37.234627
dynamic_TF_carry/SHATZ            2025-07-03 22:31:37.234860
dynamic_TF_carry/CAD5             2025-07-03 22:31:37.235092
dynamic_TF_carry/ETHEREUM         2025-07-03 22:31:37.235322
dynamic_TF_carry/KRWUSD           2025-07-03 22:31:37.235552
dynamic_TF_carry/DAX              2025-07-03 22:31:37.235784
dynamic_TF_carry/GBPCHF           2025-07-03 22:31:37.236015
dynamic_TF_carry/SP500_micro      2025-07-03 22:31:37.236246
dynamic_TF_carry/PLN              2025-07-03 22:31:37.236479
dynamic_TF_carry/GAS_US_mini      2025-07-03 22:31:37.236712
dynamic_TF_carry/COTTON           2025-07-03 22:31:37.236944
dynamic_TF_carry/FTSE100          2025-07-03 22:31:37.237174
dynamic_TF_carry/KR10             2025-07-03 22:31:37.237405
dynamic_TF_carry/SUGAR_WHITE      2025-07-03 22:31:37.237642
dynamic_TF_carry/EURCHF           2025-07-03 22:31:37.237876
dynamic_TF_carry/EPRA-EUROPE      2025-07-03 22:31:37.238107
dynamic_TF_carry/BRENT_W          2025-07-03 22:31:37.238340
dynamic_TF_carry/INR              2025-07-03 22:31:37.238572
dynamic_TF_carry/WHEAT_ICE        2025-07-03 22:31:37.238804
dynamic_TF_carry/CH10             2025-07-03 22:31:37.239036
dynamic_TF_carry/IG               2025-07-03 22:31:37.239269
dynamic_TF_carry/FTSETAIWAN       2025-07-03 22:31:37.239500
dynamic_TF_carry/BUND             2025-07-03 22:31:37.239731
dynamic_TF_carry/VIX              2025-07-03 22:31:37.239963
dynamic_TF_carry/US20             2025-07-03 22:31:37.240214
dynamic_TF_carry/EU-CONSTRUCTION  2025-07-03 22:31:37.240447
dynamic_TF_carry/HIGHYIELD        2025-07-03 22:31:37.240679
dynamic_TF_carry/EURCAD           2025-07-03 22:31:37.240911
dynamic_TF_carry/ROBUSTA          2025-07-03 22:31:37.241141
dynamic_TF_carry/NIKKEI           2025-07-03 22:31:37.241372
dynamic_TF_carry/GOLD_micro       2025-07-03 22:31:37.241608
dynamic_TF_carry/SPI200           2025-07-03 22:31:37.241841
dynamic_TF_carry/MUMMY            2025-07-03 22:31:37.242073
dynamic_TF_carry/RUR              2025-07-03 22:31:37.242303
dynamic_TF_carry/CHF              2025-07-03 22:31:37.242535
dynamic_TF_carry/TIN_LME          2025-07-03 22:31:37.242767
dynamic_TF_carry/RUBBER           2025-07-03 22:31:37.242998
dynamic_TF_carry/FTSEVIET         2025-07-03 22:31:37.243229
dynamic_TF_carry/AUD_micro        2025-07-03 22:31:37.243460
dynamic_TF_carry/FTSECHINAA       2025-07-03 22:31:37.243693
dynamic_TF_carry/DOW              2025-07-03 22:31:37.243925
dynamic_TF_carry/IRON             2025-07-03 22:31:37.244157
dynamic_TF_carry/MXP              2025-07-03 22:31:37.244388
dynamic_TF_carry/EU-TRAVEL        2025-07-03 22:31:37.244619
dynamic_TF_carry/YENEUR           2025-07-03 22:31:37.245083
dynamic_TF_carry/SP400            2025-07-03 22:31:37.245314
dynamic_TF_carry/JGB              2025-07-03 22:31:37.245546
dynamic_TF_carry/OATIES           2025-07-03 22:31:37.245782
dynamic_TF_carry/EU-DJ-TELECOM    2025-07-03 22:31:37.246014
dynamic_TF_carry/EURO600          2025-07-03 22:31:37.246243
dynamic_TF_carry/GBPEUR           2025-07-03 22:31:37.246474
dynamic_TF_carry/US-HEALTH        2025-07-03 22:31:37.246933
dynamic_TF_carry/EUA              2025-07-03 22:31:37.247163
dynamic_TF_carry/NIKKEI400        2025-07-03 22:31:37.247395
dynamic_TF_carry/OAT              2025-07-03 22:31:37.247626
dynamic_TF_carry/GASOILINE        2025-07-03 22:31:37.247857
dynamic_TF_carry/MSCIWORLD        2025-07-03 22:31:37.248089
dynamic_TF_carry/BUTTER           2025-07-03 22:31:37.248319
dynamic_TF_carry/CNH              2025-07-03 22:31:37.248550
dynamic_TF_carry/COCOA            2025-07-03 22:31:37.248780
dynamic_TF_carry/LEANHOG          2025-07-03 22:31:37.249011
dynamic_TF_carry/FEEDCOW          2025-07-03 22:31:37.249242
dynamic_TF_carry/GICS             2025-07-03 22:31:37.249471
dynamic_TF_carry/CAD              2025-07-03 22:31:37.249705
dynamic_TF_carry/BTP              2025-07-03 22:31:37.249935
dynamic_TF_carry/SMI              2025-07-03 22:31:37.250165
dynamic_TF_carry/HEATOIL          2025-07-03 22:31:37.250396
dynamic_TF_carry/SGD              2025-07-03 22:31:37.250628
dynamic_TF_carry/US-REALESTATE    2025-07-03 22:31:37.250858
dynamic_TF_carry/EU-TECH          2025-07-03 22:31:37.251088
dynamic_TF_carry/COPPER-micro     2025-07-03 22:31:37.251321
dynamic_TF_carry/EURIBOR          2025-07-03 22:31:37.251553
dynamic_TF_carry/MIB              2025-07-03 22:31:37.251783
dynamic_TF_carry/SONIA3           2025-07-03 22:31:37.252015
dynamic_TF_carry/LUMBER-new       2025-07-03 22:31:37.252246
dynamic_TF_carry/SWISSLEAD        2025-07-03 22:31:37.252479
dynamic_TF_carry/BRE              2025-07-03 22:31:37.252710
dynamic_TF_carry/KR3              2025-07-03 22:31:37.252940
dynamic_TF_carry/BITCOIN          2025-07-03 22:31:37.253170
dynamic_TF_carry/KOSPI_mini       2025-07-03 22:31:37.253400
dynamic_TF_carry/CORN             2025-07-03 22:31:37.253634
dynamic_TF_carry/US-DISCRETE      2025-07-03 22:31:37.253864
dynamic_TF_carry/AUDJPY           2025-07-03 22:31:37.254094
dynamic_TF_carry/CHFJPY           2025-07-03 22:31:37.254324
dynamic_TF_carry/SEK              2025-07-03 22:31:37.254556
dynamic_TF_carry/EU-BANKS         2025-07-03 22:31:37.254787
dynamic_TF_carry/EUR              2025-07-03 22:31:37.255019
dynamic_TF_carry/EUROSTX-LARGE    2025-07-03 22:31:37.255250
dynamic_TF_carry/SARONA           2025-07-03 22:31:37.255481
dynamic_TF_carry/FTSE250          2025-07-03 22:31:37.255714
dynamic_TF_carry/ALUMINIUM        2025-07-03 22:31:37.255945
dynamic_TF_carry/US2              2025-07-03 22:31:37.256176
dynamic_TF_carry/COCOA_LDN        2025-07-03 22:31:37.256407
dynamic_TF_carry/COAL-GEORDIE     2025-07-03 22:31:37.256638
dynamic_TF_carry/SMI-MID          2025-07-03 22:31:37.256868
dynamic_TF_carry/KRWUSD_mini      2025-07-03 22:31:37.257100
dynamic_TF_carry/EURAUD           2025-07-03 22:31:37.257332
dynamic_TF_carry/GAS-LAST         2025-07-03 22:31:37.257562
dynamic_TF_carry/COAL             2025-07-03 22:31:37.257796
dynamic_TF_carry/EUR_micro        2025-07-03 22:31:37.258027
dynamic_TF_carry/IBEX_mini        2025-07-03 22:31:37.258493
dynamic_TF_carry/MSCIEAFA         2025-07-03 22:31:37.258725
dynamic_TF_carry/EU-RETAIL        2025-07-03 22:31:37.258957
dynamic_TF_carry/CZK              2025-07-03 22:31:37.259188
dynamic_TF_carry/CAC              2025-07-03 22:31:37.259419
dynamic_TF_carry/EU-HOUSE         2025-07-03 22:31:37.259652
dynamic_TF_carry/SILVER           2025-07-03 22:31:37.260113
dynamic_TF_carry/CANOLA           2025-07-03 22:31:37.260345
dynamic_TF_carry/FED              2025-07-03 22:31:37.260576
dynamic_TF_carry/KOSPI            2025-07-03 22:31:37.260805
dynamic_TF_carry/US30             2025-07-03 22:31:37.261079
dynamic_TF_carry/MSCITAIWAN       2025-07-03 22:31:37.261315
dynamic_TF_carry/CLP              2025-07-03 22:31:37.261547
dynamic_TF_carry/DX               2025-07-03 22:31:37.261786
dynamic_TF_carry/GAS-PEN          2025-07-03 22:31:37.262018
dynamic_TF_carry/GBP              2025-07-03 22:31:37.262249
dynamic_TF_carry/SUGAR11          2025-07-03 22:31:37.262480
dynamic_TF_carry/US-UTILS         2025-07-03 22:31:37.262941
dynamic_TF_carry/HANGENT_mini     2025-07-03 22:31:37.263172
dynamic_TF_carry/JGB-SGX-mini     2025-07-03 22:31:37.263404
dynamic_TF_carry/TWD              2025-07-03 22:31:37.263633
dynamic_TF_carry/EUROSTX          2025-07-03 22:31:37.263863
dynamic_TF_carry/SOYMEAL          2025-07-03 22:31:37.264094
dynamic_TF_carry/BOBL             2025-07-03 22:31:37.264553
dynamic_TF_carry/EU-INSURE        2025-07-03 22:31:37.264782
dynamic_TF_carry/HANGTECH         2025-07-03 22:31:37.265011
dynamic_TF_carry/CHINAA-CON       2025-07-03 22:31:37.265473
dynamic_TF_carry/OMX              2025-07-03 22:31:37.265708
dynamic_TF_carry/V2X              2025-07-03 22:31:37.265938
dynamic_TF_carry/BRENT-LAST       2025-07-03 22:31:37.266171
dynamic_TF_carry/EU-FOOD          2025-07-03 22:31:37.266403
dynamic_TF_carry/NOK              2025-07-03 22:31:37.266634
dynamic_TF_carry/EU-UTILS         2025-07-03 22:31:37.266865
dynamic_TF_carry/MILKDRY          2025-07-03 22:31:37.267096
dynamic_TF_carry/BUXL             2025-07-03 22:31:37.267326
dynamic_TF_carry/COTTON2          2025-07-03 22:31:37.267557
dynamic_TF_carry/CRUDE_W_micro    2025-07-03 22:31:37.267787
dynamic_TF_carry/EU-DJ-UTIL       2025-07-03 22:31:37.268016
dynamic_TF_carry/MSCIASIA         2025-07-03 22:31:37.268245
dynamic_TF_carry/HOUSE-US         2025-07-03 22:31:37.268703
dynamic_TF_carry/BONO             2025-07-03 22:31:37.268932
dynamic_TF_carry/VNKI             2025-07-03 22:31:37.269161
dynamic_TF_carry/BTP3             2025-07-03 22:31:37.269390
dynamic_TF_carry/SOYBEAN          2025-07-03 22:31:37.269624
dynamic_TF_carry/US10             2025-07-03 22:31:37.269853
dynamic_TF_carry/PALLAD           2025-07-03 22:31:37.270083
dynamic_TF_carry/US3              2025-07-03 22:31:37.270313
dynamic_TF_carry/R1000            2025-07-03 22:31:37.270541
dynamic_TF_carry/CHEESE           2025-07-03 22:31:37.270770
dynamic_TF_carry/WHEY             2025-07-03 22:31:37.270999
dynamic_TF_carry/BOVESPA          2025-07-03 22:31:37.271229
dynamic_TF_carry/MSCIEMASIA       2025-07-03 22:31:37.271458
dynamic_TF_carry/US-INDUSTRY      2025-07-03 22:31:37.271918
dynamic_TF_carry/LEAD_LME         2025-07-03 22:31:37.272148
dynamic_TF_carry/COPPER_LME       2025-07-03 22:31:37.272378
dynamic_TF_carry/EUROSTX200-LARGE 2025-07-03 22:31:37.272608
dynamic_TF_carry/JP-REALESTATE    2025-07-03 22:31:37.272837
dynamic_TF_carry/PLAT             2025-07-03 22:31:37.273067
dynamic_TF_carry/EU-OIL           2025-07-03 22:31:37.273299
dynamic_TF_carry/RUSSELL          2025-07-03 22:31:37.273533
dynamic_TF_carry/MILK             2025-07-03 22:31:37.273772
dynamic_TF_carry/CRUDE_ICE        2025-07-03 22:31:37.274004
dynamic_TF_carry/IRS              2025-07-03 22:31:37.274236
dynamic_TF_carry/CAD10            2025-07-03 22:31:37.274467
dynamic_TF_carry/EU-MID           2025-07-03 22:31:37.274697
dynamic_TF_carry/NZD              2025-07-03 22:31:37.275159
dynamic_TF_carry/US-STAPLES       2025-07-03 22:31:37.275390
dynamic_TF_carry/OJ               2025-07-03 22:31:37.275619
dynamic_TF_carry/STEEL            2025-07-03 22:31:37.275849
dynamic_TF_carry/JPY              2025-07-03 22:31:37.276079
dynamic_TF_carry/RICE             2025-07-03 22:31:37.276310
dynamic_TF_carry/AEX              2025-07-03 22:31:37.277002
dynamic_TF_carry/REDWHEAT         2025-07-03 22:31:37.277232
dynamic_TF_carry/ZAR              2025-07-03 22:31:37.277463
dynamic_TF_carry/GASOIL           2025-07-03 22:31:37.277700
dynamic_TF_carry/ZINC_LME         2025-07-03 22:31:37.277931
dynamic_TF_carry/GILT             2025-07-03 22:31:37.278161
dynamic_TF_carry/MSCISING         2025-07-03 22:31:37.278392
dynamic_TF_carry/US-MATERIAL      2025-07-03 22:31:37.278622
dynamic_TF_carry/GBPJPY           2025-07-03 22:31:37.278852


======================================================================================================================
                                                Status of trade limits                                                
======================================================================================================================

                   period_days  trade_limit  trades_since_last_reset  trade_capacity_remaining   time_since_last_reset
 GAS_US_mini                30            6                      5.0                       1.0 24 days 08:58:14.146625
 US10U                      30            4                      1.0                       3.0 27 days 07:58:14.572753
 OAT                        30            4                      1.0                       3.0 29 days 14:58:09.895504
 JPY                        30            5                      2.0                       3.0 16 days 07:58:13.016437
 GAS_US_mini                14            4                      1.0                       3.0  3 days 08:57:49.109846
 BRENT-LAST                 30            4                      1.0                       3.0 17 days 08:58:00.051495
 EU-DJ-UTIL                  1            4                      0.0                       4.0  0 days 00:00:00.000001
 EU-DJ-TELECOM               1            4                      0.0                       4.0  0 days 00:00:00.000001
 EU-DJ-TECH                  1            4                      0.0                       4.0  0 days 00:00:00.000002
 EU-DJ-OIL                   1            4                      0.0                       4.0  0 days 00:00:00.000002
 EU-CONSTRUCTION             1            4                      0.0                       4.0  0 days 00:00:00.000001
 CZK                         1            4                      0.0                       4.0  0 days 00:00:00.000001
 COTTON                      1            4                      0.0                       4.0  0 days 00:00:00.000002
 COPPER-mini                 1            4                      0.0                       4.0  0 days 00:00:00.000002
 CNH-onshore                 1            4                      0.0                       4.0  0 days 00:00:00.000001
 CLP                         1            4                      0.0                       4.0  0 days 00:00:00.000001
 CH10                        1            4                      0.0                       4.0  0 days 00:00:00.000002
 BUTTER                      1            4                      0.0                       4.0  0 days 00:00:00.000002
 BOVESPA                     1            4                      0.0                       4.0  0 days 00:00:00.000001
 BEL20                       1            4                      0.0                       4.0  0 days 00:00:00.000001
 ALUMINIUM                   1            4                      0.0                       4.0  0 days 00:00:00.000001
 YENEUR                     30            4                      0.0                       4.0  8 days 07:58:08.750766
 US30                       30            4                      0.0                       4.0  0 days 00:00:00.000002
 EU-HOUSE                    1            4                      0.0                       4.0  0 days 00:00:00.000001
 EU-MEDIA                    1            4                      0.0                       4.0  0 days 00:00:00.000002
 CORN                        1            4                      0.0                       4.0  0 days 00:00:00.000003
 US3                        30            4                      0.0                       4.0  0 days 00:00:00.000001
 US-ENERGY                   1            4                      0.0                       4.0  0 days 00:00:00.000001
 US-DISCRETE                 1            4                      0.0                       4.0  0 days 00:00:00.000001
 SMI-MID                     1            4                      0.0                       4.0  0 days 00:00:00.000002
 SGX                         1            4                      0.0                       4.0  0 days 00:00:00.000002
 SGD                         1            4                      0.0                       4.0  0 days 00:00:00.000001
 OMX                         1            4                      0.0                       4.0  0 days 00:00:00.000001
 MSCIASIA                    1            4                      0.0                       4.0  0 days 00:00:00.000002
 MILKWET                     1            4                      0.0                       4.0  0 days 00:00:00.000001
 MILKDRY                     1            4                      0.0                       4.0  0 days 00:00:00.000001
 MID-DAX                     1            4                      0.0                       4.0  0 days 00:00:00.000001
 JP-REALESTATE               1            4                      0.0                       4.0  0 days 00:00:00.000002
 JGB-SGX-mini                1            4                      0.0                       4.0  0 days 00:00:00.000002
 IRS                         1            4                      0.0                       4.0  0 days 00:00:00.000001
 FTSEINDO                    1            4                      0.0                       4.0  0 days 00:00:00.000001
 EUROSTX200-LARGE            1            4                      0.0                       4.0  0 days 00:00:00.000001
 EUROSTX-SMALL               1            4                      0.0                       4.0  0 days 00:00:00.000001
 EUROSTX-LARGE               1            4                      0.0                       4.0  0 days 00:00:00.000002
 EURIBOR                     1            4                      0.0                       4.0  0 days 00:00:00.000001
 EURCHF                      1            4                      0.0                       4.0  0 days 00:00:00.000001
 EU-MID                      1            4                      0.0                       4.0  0 days 00:00:00.000002
 EU-REALESTATE               1            4                      0.0                       4.0  0 days 00:00:00.000001
 NOK                        30            4                      0.0                       4.0  0 days 00:00:00.000002
 SEK                        30            4                      0.0                       4.0  0 days 00:00:00.000002
 GBPEUR                     14            4                      0.0                       4.0  0 days 00:00:00.000002
 GAS-LAST                   14            4                      0.0                       4.0  0 days 00:00:00.000002
 FTSETAIWAN                 14            4                      0.0                       4.0  0 days 00:00:00.000001
 EU-TECH                    14            4                      0.0                       4.0  0 days 00:00:00.000002
 EU-CHEM                    14            4                      0.0                       4.0  0 days 00:00:00.000001
 ETHEREUM                   14            4                      0.0                       4.0  0 days 00:00:00.000001
 CNH                        14            4                      0.0                       4.0  0 days 00:00:00.000002
 BUXL                       14            4                      0.0                       4.0  0 days 00:00:00.000001
 BTP3                       14            4                      0.0                       4.0  0 days 00:00:00.000001
 BRENT-LAST                 14            4                      0.0                       4.0  0 days 00:00:00.000001
 BONO                       14            4                      0.0                       4.0  0 days 00:00:00.000001
 YENEUR                      1            4                      0.0                       4.0  0 days 00:00:00.000002
 US3                         1            4                      0.0                       4.0  0 days 00:00:00.000001
 US10U                       1            4                      0.0                       4.0  0 days 00:00:00.000001
 US-REALESTATE               1            4                      0.0                       4.0  0 days 00:00:00.000002
 TOPIX                       1            4                      0.0                       4.0  0 days 00:00:00.000002
 SP400                       1            4                      0.0                       4.0  0 days 00:00:00.000001
 SEK                         1            4                      0.0                       4.0  0 days 00:00:00.000001
 RUSSELL                     1            4                      0.0                       4.0  0 days 00:00:00.000001
 HEATOIL                    14            4                      0.0                       4.0  0 days 00:00:00.000001
 SP400                      30            4                      0.0                       4.0  0 days 00:00:00.000002
 JGB                        14            4                      0.0                       4.0  0 days 00:00:00.000002
 NOK                        14            4                      0.0                       4.0  0 days 00:00:00.000002
 US-HEALTH                   1            4                      0.0                       4.0  0 days 00:00:00.000002
 JGB                        30            4                      0.0                       4.0  0 days 00:00:00.000001
 HEATOIL                    30            4                      0.0                       4.0  0 days 00:00:00.000002
 GBPEUR                     30            4                      0.0                       4.0  0 days 00:00:00.000002
 GASOILINE                  30            4                      0.0                       4.0  0 days 00:00:00.000002
 GAS-LAST                   30            4                      0.0                       4.0  0 days 00:00:00.000002
 ETHEREUM                   30            4                      0.0                       4.0  0 days 00:00:00.000001
 CHF                        30            4                      0.0                       4.0  0 days 00:00:00.000001
 BUXL                       30            4                      0.0                       4.0  0 days 00:00:00.000001
 BTP3                       30            4                      0.0                       4.0  0 days 00:00:00.000002
 BONO                       30            4                      0.0                       4.0  0 days 00:00:00.000001
 YENEUR                     14            4                      0.0                       4.0  8 days 07:58:08.752475
 US30                       14            4                      0.0                       4.0  0 days 00:00:00.000002
 US3                        14            4                      0.0                       4.0  0 days 00:00:00.000002
 US10U                      14            4                      0.0                       4.0  2 days 07:58:15.421462
 SP400                      14            4                      0.0                       4.0  0 days 00:00:00.000001
 SEK                        14            4                      0.0                       4.0  0 days 00:00:00.000002
 REDWHEAT                   14            4                      0.0                       4.0  0 days 00:00:00.000002
 R1000                      14            4                      0.0                       4.0  0 days 00:00:00.000001
 ZAR                         1            4                      0.0                       4.0  0 days 00:00:00.000001
 US-INDUSTRY                 1            4                      0.0                       4.0  0 days 00:00:00.000002
 US-STAPLES                  1            4                      0.0                       4.0  0 days 00:00:00.000001
