
********************************************************************************
                   Status report produced on 18/06/2024 22:54                   
********************************************************************************


Delayed methods: No delays

===============================
 Delayed adjusted / FX prices  
===============================

                    last_update
HEATOIL     2024-05-31 19:00:00
COTTON      2024-06-13 23:00:00
SGD         2024-06-13 23:00:00
SP500_micro 2024-06-14 20:00:00
EUR_micro   2024-06-14 20:00:00

Delayed optimal positions: No delays
Instruments at trade limit: No constraints

================================================
         Instruments at position limit          
================================================

                 keys  position pos_limit  spare
125       COPPER-mini         0       0.0    0.0
98      EUROSTX-LARGE         0       0.0    0.0
56                TWD         0       0.0    0.0
193           MILKWET         0       0.0    0.0
195           EU-CHEM         0       0.0    0.0
198               PLN         0       0.0    0.0
102            EURCHF         0       0.0    0.0
202              WHEY         0       0.0    0.0
137             R1000         0       0.0    0.0
106     EU-DJ-TELECOM         0       0.0    0.0
107           US-TECH         0       0.0    0.0
43             EURCAD         0       0.0    0.0
42                SGX         0       0.0    0.0
81        CNH-onshore         0       0.0    0.0
40                JGB         0       0.0    0.0
39    GASOILINE_micro         0       0.0    0.0
190          JPY_mini         0       0.0    0.0
205       HEATOIL-ICE         0       0.0    0.0
186           ETHANOL         0       0.0    0.0
61    EU-CONSTRUCTION         0       0.0    0.0
149           SMI-MID         0       0.0    0.0
79                AEX         1       1.0    0.0
84               GICS         0       0.0    0.0
76             COTTON         0       0.0    0.0
75             PALLAD         0       0.0    0.0
146          JGB-mini         0       0.0    0.0
145            AUDJPY         0       0.0    0.0
90           ETHEREUM         0       0.0    0.0
166           TIN_LME         0       0.0    0.0
142              CH10         0       0.0    0.0
93           TWD-mini         0       0.0    0.0
95             KRWUSD         0       0.0    0.0
179               OMX         0       0.0    0.0
181              VNKI         0       0.0    0.0
96           EU-MEDIA         0       0.0    0.0
97         EU-DJ-TECH         0       0.0    0.0
37                NOK         0       0.0    0.0
41          EU-TRAVEL         0       0.0    0.0
207               CZK         0       0.0    0.0
221               RUR         0       0.0    0.0
223          AEX_mini         0       0.0    0.0
206               IRS         0       0.0    0.0
114          EU-HOUSE         0       0.0    0.0
229  EUROSTX200-LARGE         0       0.0    0.0
13               COAL         0       0.0    0.0
219         HIGHYIELD         0       0.0    0.0
233            EURAUD         0       0.0    0.0
9            HOUSE-US         0       0.0    0.0
236            BUTTER         0       0.0    0.0
7                 CLP         0       0.0    0.0
242       EPRA-EUROPE         0       0.0    0.0
245          SGD_mini         0       0.0    0.0
121      COAL-GEORDIE         0       0.0    0.0
234         SWISSLEAD         0       0.0    0.0
21                SEK         0       0.0    0.0
113            NASDAQ         0       0.0    0.0
216        COPPER_LME         0       0.0    0.0
34            BOVESPA         0       0.0    0.0
109            CHFJPY         0       0.0    0.0
211           MILKDRY         0       0.0    0.0
212                IG         0       0.0    0.0
28                VIX        -5       5.0    0.0
27              SP400         0       0.0    0.0
213         CHF_micro         0       0.0    0.0
82             GBPJPY         0       0.0    0.0
26          EU-RETAIL         0       0.0    0.0
25              STEEL         0       0.0    0.0


==========================================================
         Overrides in database consider deleting          
==========================================================

                                                  override
NICKEL_LME              Override Close because in database
SOYBEAN_mini      Override Reduce only because in database
STEEL             Override Reduce only because in database
CRUDE_W_mini      Override Reduce only because in database
SUGAR16           Override Reduce only because in database
MILKWET           Override Reduce only because in database
COPPER-mini       Override Reduce only because in database
MSCIASIA          Override Reduce only because in database
VNKI              Override Reduce only because in database
FTSEINDO          Override Reduce only because in database
FTSE250           Override Reduce only because in database
EU-REALESTATE     Override Reduce only because in database
CORN_mini         Override Reduce only because in database
EU-DJ-UTIL        Override Reduce only because in database
US-PROPERTY       Override Reduce only because in database
EU-HOUSE          Override Reduce only because in database
FANG              Override Reduce only because in database
EU-UTILS          Override Reduce only because in database
EU-AUTO           Override Reduce only because in database
EU-INSURE         Override Reduce only because in database
DAX               Override Reduce only because in database
EUROSTX-SMALL     Override Reduce only because in database
DJSTX-SMALL       Override Reduce only because in database
US-MATERIAL       Override Reduce only because in database
COTTON            Override Reduce only because in database
US-FINANCE        Override Reduce only because in database
US-DISCRETE       Override Reduce only because in database
BB3M              Override Reduce only because in database
EU-MID            Override Reduce only because in database
US-REALESTATE     Override Reduce only because in database
EU-MEDIA          Override Reduce only because in database
EUROSTX-LARGE     Override Reduce only because in database
EU-HEALTH         Override Reduce only because in database
COAL              Override Reduce only because in database
GASOILINE_micro   Override Reduce only because in database
EU-TECH           Override Reduce only because in database
MSCIWORLD         Override Reduce only because in database
EUROSTX200-LARGE  Override Reduce only because in database
OMX               Override Reduce only because in database
INR               Override Reduce only because in database
IBEX_mini         Override Reduce only because in database
EU-DJ-OIL         Override Reduce only because in database
EU-FOOD           Override Reduce only because in database
EU-DJ-TECH        Override Reduce only because in database
US-STAPLES        Override Reduce only because in database
AEX               Override Reduce only because in database
AEX_mini          Override Reduce only because in database
EU-BASIC          Override Reduce only because in database
EU-CHEM           Override Reduce only because in database
SGX               Override Reduce only because in database
EU-TRAVEL         Override Reduce only because in database
EU-DJ-TELECOM     Override Reduce only because in database
EU-CONSTRUCTION   Override Reduce only because in database
EPRA-EUROPE       Override Reduce only because in database
EU-RETAIL         Override Reduce only because in database
MSCIEMASIA        Override Reduce only because in database
FTSEVIET          Override Reduce only because in database
SWISSLEAD         Override Reduce only because in database
SMI-MID           Override Reduce only because in database
GAS_US_mini       Override Reduce only because in database
FTSECHINAH        Override Reduce only because in database
COAL-GEORDIE      Override Reduce only because in database
MSCISING          Override Reduce only because in database
CHEESE            Override Reduce only because in database
GAS-PEN           Override Reduce only because in database
HANG              Override Reduce only because in database
WHEY              Override Reduce only because in database
CLP               Override Reduce only because in database
MSCITAIWAN        Override Reduce only because in database
RICE              Override Reduce only because in database
HANGTECH          Override Reduce only because in database
HANGENT           Override Reduce only because in database
ETHANOL           Override Reduce only because in database
HIGHYIELD         Override Reduce only because in database
GAS-LAST          Override Reduce only because in database
IG                Override Reduce only because in database
VIX_mini          Override Reduce only because in database

Locked instruments (position mismatch): []

==============================================
Status of adjusted price / FX price collection
==============================================

                         last_update
HEATOIL          2024-05-31 19:00:00
COTTON           2024-06-13 23:00:00
SGD              2024-06-13 23:00:00
SP500_micro*     2024-06-14 20:00:00
EUR_micro        2024-06-14 20:00:00
IRS              2024-06-17 23:00:00
NICKEL_LME       2024-06-17 23:00:00
SGX              2024-06-17 23:00:00
ETHANOL          2024-06-17 23:00:00
RUR              2024-06-17 23:00:00
CHFJPY           2024-06-17 23:00:00
CZK              2024-06-17 23:00:00
CLP              2024-06-17 23:00:00
CNH-onshore      2024-06-17 23:00:00
MSCIWORLD        2024-06-17 23:00:00
MILKWET          2024-06-17 23:00:00
SUGAR16          2024-06-17 23:00:00
GAS-PEN          2024-06-17 23:00:00
SWISSLEAD        2024-06-17 23:00:00
FTSEINDO         2024-06-17 23:00:00
ALUMINIUM        2024-06-17 23:00:00
BB3M             2024-06-17 23:00:00
HOUSE-US         2024-06-17 23:00:00
TWD              2024-06-17 23:00:00
BOVESPA          2024-06-17 23:00:00
OMX              2024-06-17 23:00:00
TIN_LME          2024-06-17 23:00:00
JGB-mini         2024-06-18 01:00:00
VNKI             2024-06-18 01:00:00
SGD_mini         2024-06-18 02:00:00
TWD-mini         2024-06-18 02:00:00
JP-REALESTATE    2024-06-18 04:00:00
JGB-SGX-mini     2024-06-18 04:00:00
FTSEVIET         2024-06-18 04:00:00
HANGENT          2024-06-18 04:00:00
HANG             2024-06-18 04:00:00
MSCITAIWAN       2024-06-18 04:00:00
FTSECHINAH       2024-06-18 04:00:00
HANG_mini        2024-06-18 04:00:00
KR10             2024-06-18 04:00:00
HANGENT_mini     2024-06-18 04:00:00
HANGTECH         2024-06-18 04:00:00
SPI200           2024-06-18 04:00:00
CHINAA-CON       2024-06-18 04:00:00
CNH              2024-06-18 04:00:00
IRON*            2024-06-18 05:00:00
JGB              2024-06-18 05:00:00
KR3              2024-06-18 05:00:00
RUBBER           2024-06-18 05:00:00
KOSPI_mini       2024-06-18 05:00:00
TOPIX            2024-06-18 05:00:00
MSCISING*        2024-06-18 05:00:00
KOSPI            2024-06-18 05:00:00
MUMMY            2024-06-18 05:00:00
KOSDAQ           2024-06-18 05:00:00
FTSETAIWAN*      2024-06-18 05:00:00
NIKKEI*          2024-06-18 05:00:00
NIKKEI400        2024-06-18 05:00:00
FTSECHINAA       2024-06-18 05:00:00
KRWUSD_mini      2024-06-18 05:00:00
EURIBOR          2024-06-18 10:00:00
EPRA-EUROPE      2024-06-18 10:00:00
COAL-GEORDIE     2024-06-18 11:00:00
EU-HOUSE         2024-06-18 13:00:00
AEX_mini         2024-06-18 13:00:00
HIGHYIELD        2024-06-18 14:00:00
BRENT_W          2024-06-18 15:00:00
EURIBOR-ICE      2024-06-18 15:00:00
HEATOIL-ICE      2024-06-18 15:00:00
EUA              2024-06-18 15:00:00
WHEAT_ICE        2024-06-18 15:00:00
EUROSTX200-LARGE 2024-06-18 15:00:00
GILT             2024-06-18 15:00:00
GICS             2024-06-18 15:00:00
ZINC_LME         2024-06-18 15:00:00
GBPJPY           2024-06-18 15:00:00
GASOILINE_ICE    2024-06-18 15:00:00
GASOIL           2024-06-18 15:00:00
FTSE100          2024-06-18 15:00:00
FTSE250          2024-06-18 15:00:00
ALUMINIUM_LME    2024-06-18 15:00:00
WHEY             2024-06-18 15:00:00
EU-TRAVEL        2024-06-18 15:00:00
MILLWHEAT        2024-06-18 15:00:00
EU-RETAIL        2024-06-18 15:00:00
COPPER_LME       2024-06-18 15:00:00
ROBUSTA          2024-06-18 15:00:00
COAL             2024-06-18 15:00:00
CRUDE_ICE        2024-06-18 15:00:00
MSCIASIA         2024-06-18 15:00:00
DJSTX-SMALL      2024-06-18 15:00:00
SARONA           2024-06-18 15:00:00
MIB              2024-06-18 15:00:00
CH10             2024-06-18 15:00:00
SUGAR_WHITE      2024-06-18 15:00:00
LEAD_LME         2024-06-18 15:00:00
EU-DJ-OIL        2024-06-18 15:00:00
SMI-MID          2024-06-18 15:00:00
EU-DJ-TELECOM    2024-06-18 15:00:00
EU-DJ-UTIL       2024-06-18 15:00:00
SONIA3           2024-06-18 15:00:00
COCOA_LDN        2024-06-18 15:00:00
IBEX_mini        2024-06-18 15:00:00
IBEX             2024-06-18 15:00:00
EU-REALESTATE    2024-06-18 15:00:00
SHATZ            2024-06-18 16:00:00
GBPCHF           2024-06-18 16:00:00
MILKDRY          2024-06-18 16:00:00
V2X*             2024-06-18 16:00:00
SMI              2024-06-18 16:00:00
OAT              2024-06-18 16:00:00
AEX*             2024-06-18 16:00:00
EU-HEALTH        2024-06-18 16:00:00
EU-TECH          2024-06-18 16:00:00
EU-OIL           2024-06-18 16:00:00
EU-MID           2024-06-18 16:00:00
EU-MEDIA         2024-06-18 16:00:00
EU-INSURE        2024-06-18 16:00:00
EU-FOOD          2024-06-18 16:00:00
EU-DJ-TECH       2024-06-18 16:00:00
EU-DIV30         2024-06-18 16:00:00
BUXL             2024-06-18 16:00:00
DAX              2024-06-18 16:00:00
EU-CONSTRUCTION  2024-06-18 16:00:00
EU-CHEM          2024-06-18 16:00:00
EU-BASIC         2024-06-18 16:00:00
EU-BANKS         2024-06-18 16:00:00
EU-AUTO          2024-06-18 16:00:00
BUND*            2024-06-18 16:00:00
BTP3             2024-06-18 16:00:00
EU-UTILS         2024-06-18 16:00:00
EUROSTX*         2024-06-18 16:00:00
AUDJPY           2024-06-18 16:00:00
BBCOMM           2024-06-18 16:00:00
EURO600          2024-06-18 16:00:00
BONO             2024-06-18 16:00:00
EUROSTX-SMALL    2024-06-18 16:00:00
EUROSTX-LARGE    2024-06-18 16:00:00
BOBL             2024-06-18 16:00:00
CAC              2024-06-18 16:00:00
BTP              2024-06-18 16:00:00
ETHER-micro      2024-06-18 17:00:00
US-REALESTATE    2024-06-18 17:00:00
SUGAR11          2024-06-18 17:00:00
IG               2024-06-18 17:00:00
US-DISCRETE      2024-06-18 18:00:00
EURAUD           2024-06-18 18:00:00
OJ               2024-06-18 18:00:00
EURCAD           2024-06-18 18:00:00
KRWUSD           2024-06-18 18:00:00
COCOA            2024-06-18 18:00:00
COFFEE           2024-06-18 18:00:00
SEK              2024-06-18 19:00:00
GAS-LAST         2024-06-18 19:00:00
RICE             2024-06-18 19:00:00
REDWHEAT         2024-06-18 19:00:00
OATIES           2024-06-18 19:00:00
CANOLA           2024-06-18 19:00:00
CAD5             2024-06-18 19:00:00
SILVER           2024-06-18 19:00:00
FEEDCOW          2024-06-18 19:00:00
SOYBEAN          2024-06-18 19:00:00
SOYBEAN_mini     2024-06-18 19:00:00
SOYMEAL          2024-06-18 19:00:00
SOYOIL           2024-06-18 19:00:00
NOK              2024-06-18 19:00:00
STEEL            2024-06-18 19:00:00
BRENT-LAST       2024-06-18 19:00:00
BRE              2024-06-18 19:00:00
US-PROPERTY      2024-06-18 19:00:00
US-TECH          2024-06-18 19:00:00
WHEAT            2024-06-18 19:00:00
WHEAT_mini       2024-06-18 19:00:00
CAD10            2024-06-18 19:00:00
COPPER-mini      2024-06-18 19:00:00
R1000            2024-06-18 19:00:00
CORN*            2024-06-18 19:00:00
FANG             2024-06-18 19:00:00
GBPEUR           2024-06-18 19:00:00
CORN_mini        2024-06-18 19:00:00
COTTON2          2024-06-18 19:00:00
JPY_mini         2024-06-18 19:00:00
GASOILINE_micro  2024-06-18 19:00:00
LEANHOG          2024-06-18 19:00:00
LIVECOW*         2024-06-18 19:00:00
NASDAQ_micro*    2024-06-18 20:00:00
GBP*             2024-06-18 20:00:00
US-MATERIAL      2024-06-18 20:00:00
US-INDUSTRY      2024-06-18 20:00:00
US-HEALTH        2024-06-18 20:00:00
US-ENERGY        2024-06-18 20:00:00
US-STAPLES       2024-06-18 20:00:00
EUR_mini         2024-06-18 20:00:00
GBP_micro        2024-06-18 20:00:00
GOLD             2024-06-18 20:00:00
US-FINANCE       2024-06-18 20:00:00
GAS_US_mini*     2024-06-18 20:00:00
US10             2024-06-18 20:00:00
GOLD_micro       2024-06-18 20:00:00
AUD              2024-06-18 20:00:00
ZAR              2024-06-18 20:00:00
YENEUR           2024-06-18 20:00:00
GASOILINE        2024-06-18 20:00:00
FED              2024-06-18 20:00:00
AUD_micro        2024-06-18 20:00:00
GAS_US           2024-06-18 20:00:00
US-UTILS         2024-06-18 20:00:00
VIX_mini         2024-06-18 20:00:00
BITCOIN          2024-06-18 20:00:00
US5              2024-06-18 20:00:00
US30             2024-06-18 20:00:00
US3              2024-06-18 20:00:00
US20             2024-06-18 20:00:00
US2              2024-06-18 20:00:00
US10U            2024-06-18 20:00:00
VIX*             2024-06-18 20:00:00
EURCHF           2024-06-18 20:00:00
GOLD-mini        2024-06-18 20:00:00
EUR              2024-06-18 20:00:00
RUSSELL*         2024-06-18 20:00:00
CHF              2024-06-18 20:00:00
CHF_micro        2024-06-18 20:00:00
MSCIEMASIA       2024-06-18 20:00:00
CRUDE_W_micro*   2024-06-18 20:00:00
CRUDE_W          2024-06-18 20:00:00
RUSSELL_mini     2024-06-18 20:00:00
PLN              2024-06-18 20:00:00
PALLAD           2024-06-18 20:00:00
MXP              2024-06-18 20:00:00
COPPER           2024-06-18 20:00:00
NZD              2024-06-18 20:00:00
NASDAQ           2024-06-18 20:00:00
COPPER-micro     2024-06-18 20:00:00
PLAT             2024-06-18 20:00:00
CHEESE           2024-06-18 20:00:00
MSCIEAFA         2024-06-18 20:00:00
DOW              2024-06-18 20:00:00
INR              2024-06-18 20:00:00
BUTTER           2024-06-18 20:00:00
CRUDE_W_mini     2024-06-18 20:00:00
SP500            2024-06-18 20:00:00
SP400            2024-06-18 20:00:00
ETHEREUM         2024-06-18 20:00:00
LUMBER-new       2024-06-18 20:00:00
JPY*             2024-06-18 20:00:00
CAD              2024-06-18 20:00:00
DX               2024-06-18 20:00:00
MILK             2024-06-18 20:00:00
CAD2             2024-06-18 20:00:00
DOW_mini         2024-06-18 20:00:00
CAD_micro        2024-06-18 20:00:00
SOFR             2024-06-18 20:00:00
JPYUSD           2024-06-18 23:00:00
CNHUSD           2024-06-18 23:00:00
AUDUSD           2024-06-18 23:00:00
KRWUSD           2024-06-18 23:00:00
CHFUSD           2024-06-18 23:00:00
SGDUSD           2024-06-18 23:00:00
MXPUSD           2024-06-18 23:00:00
GBPUSD           2024-06-18 23:00:00
HKDUSD           2024-06-18 23:00:00
CADUSD           2024-06-18 23:00:00
EURUSD           2024-06-18 23:00:00
SEKUSD           2024-06-18 23:00:00


============================================================
           Status of optimal position generation            
============================================================

                                                 last_update
dynamic_TF_carry/CAD              2024-06-18 22:31:24.679826
dynamic_TF_carry/EU-TECH          2024-06-18 22:31:24.680053
dynamic_TF_carry/IRON             2024-06-18 22:31:24.680265
dynamic_TF_carry/EU-REALESTATE    2024-06-18 22:31:24.680472
dynamic_TF_carry/LUMBER-new       2024-06-18 22:31:24.680678
dynamic_TF_carry/COPPER           2024-06-18 22:31:24.680883
dynamic_TF_carry/SUGAR16          2024-06-18 22:31:24.681087
dynamic_TF_carry/COTTON           2024-06-18 22:31:24.681302
dynamic_TF_carry/HEATOIL          2024-06-18 22:31:24.681506
dynamic_TF_carry/CHEESE           2024-06-18 22:31:24.681710
dynamic_TF_carry/NIKKEI400        2024-06-18 22:31:24.681914
dynamic_TF_carry/CAD2             2024-06-18 22:31:24.682117
dynamic_TF_carry/EUA              2024-06-18 22:31:24.682320
dynamic_TF_carry/NOK              2024-06-18 22:31:24.682524
dynamic_TF_carry/US10             2024-06-18 22:31:24.682728
dynamic_TF_carry/CRUDE_ICE        2024-06-18 22:31:24.682930
dynamic_TF_carry/US-REALESTATE    2024-06-18 22:31:24.683133
dynamic_TF_carry/KOSPI            2024-06-18 22:31:24.683336
dynamic_TF_carry/SOYOIL           2024-06-18 22:31:24.683539
dynamic_TF_carry/FTSECHINAH       2024-06-18 22:31:24.683743
dynamic_TF_carry/DX               2024-06-18 22:31:24.683946
dynamic_TF_carry/TOPIX            2024-06-18 22:31:24.684149
dynamic_TF_carry/LEAD_LME         2024-06-18 22:31:24.684353
dynamic_TF_carry/EU-CHEM          2024-06-18 22:31:24.684555
dynamic_TF_carry/FANG             2024-06-18 22:31:24.684757
dynamic_TF_carry/GBP              2024-06-18 22:31:24.684961
dynamic_TF_carry/FTSEINDO         2024-06-18 22:31:24.685168
dynamic_TF_carry/WHEAT            2024-06-18 22:31:24.685371
dynamic_TF_carry/FTSE250          2024-06-18 22:31:24.685575
dynamic_TF_carry/DOW              2024-06-18 22:31:24.685778
dynamic_TF_carry/VIX              2024-06-18 22:31:24.685989
dynamic_TF_carry/SP400            2024-06-18 22:31:24.686197
dynamic_TF_carry/EU-OIL           2024-06-18 22:31:24.686406
dynamic_TF_carry/REDWHEAT         2024-06-18 22:31:24.686614
dynamic_TF_carry/CNH              2024-06-18 22:31:24.686822
dynamic_TF_carry/US5              2024-06-18 22:31:24.687030
dynamic_TF_carry/BRE              2024-06-18 22:31:24.687238
dynamic_TF_carry/CRUDE_W_micro    2024-06-18 22:31:24.687446
dynamic_TF_carry/EU-RETAIL        2024-06-18 22:31:24.687654
dynamic_TF_carry/ETHEREUM         2024-06-18 22:31:24.687863
dynamic_TF_carry/CANOLA           2024-06-18 22:31:24.688070
dynamic_TF_carry/R1000            2024-06-18 22:31:24.688278
dynamic_TF_carry/BBCOMM           2024-06-18 22:31:24.688486
dynamic_TF_carry/JGB-SGX-mini     2024-06-18 22:31:24.688692
dynamic_TF_carry/OAT              2024-06-18 22:31:24.688901
dynamic_TF_carry/OMX              2024-06-18 22:31:24.689109
dynamic_TF_carry/AUDJPY           2024-06-18 22:31:24.689319
dynamic_TF_carry/MSCIWORLD        2024-06-18 22:31:24.689528
dynamic_TF_carry/TWD              2024-06-18 22:31:24.689735
dynamic_TF_carry/BUXL             2024-06-18 22:31:24.689944
dynamic_TF_carry/BOVESPA          2024-06-18 22:31:24.690152
dynamic_TF_carry/COPPER_LME       2024-06-18 22:31:24.690360
dynamic_TF_carry/US10U            2024-06-18 22:31:24.690568
dynamic_TF_carry/US3              2024-06-18 22:31:24.690777
dynamic_TF_carry/COCOA_LDN        2024-06-18 22:31:24.690984
dynamic_TF_carry/JPY              2024-06-18 22:31:24.691193
dynamic_TF_carry/EUROSTX200-LARGE 2024-06-18 22:31:24.691401
dynamic_TF_carry/EU-AUTO          2024-06-18 22:31:24.691608
dynamic_TF_carry/FTSECHINAA       2024-06-18 22:31:24.692024
dynamic_TF_carry/MSCISING         2024-06-18 22:31:24.692232
dynamic_TF_carry/GAS-LAST         2024-06-18 22:31:24.692439
dynamic_TF_carry/CRUDE_W_mini     2024-06-18 22:31:24.692647
dynamic_TF_carry/GASOILINE        2024-06-18 22:31:24.692856
dynamic_TF_carry/ZINC_LME         2024-06-18 22:31:24.693065
dynamic_TF_carry/GILT             2024-06-18 22:31:24.693276
dynamic_TF_carry/CLP              2024-06-18 22:31:24.693486
dynamic_TF_carry/EU-BASIC         2024-06-18 22:31:24.693693
dynamic_TF_carry/DJSTX-SMALL      2024-06-18 22:31:24.693902
dynamic_TF_carry/KOSPI_mini       2024-06-18 22:31:24.694110
dynamic_TF_carry/EURIBOR          2024-06-18 22:31:24.694319
dynamic_TF_carry/ETHANOL          2024-06-18 22:31:24.694527
dynamic_TF_carry/US-MATERIAL      2024-06-18 22:31:24.694734
dynamic_TF_carry/SWISSLEAD        2024-06-18 22:31:24.694943
dynamic_TF_carry/MILLWHEAT        2024-06-18 22:31:24.695152
dynamic_TF_carry/KR3              2024-06-18 22:31:24.695361
dynamic_TF_carry/EU-DJ-UTIL       2024-06-18 22:31:24.695568
dynamic_TF_carry/GAS-PEN          2024-06-18 22:31:24.695775
dynamic_TF_carry/SEK              2024-06-18 22:31:24.695984
dynamic_TF_carry/MSCIASIA         2024-06-18 22:31:24.696193
dynamic_TF_carry/BITCOIN          2024-06-18 22:31:24.696402
dynamic_TF_carry/US-INDUSTRY      2024-06-18 22:31:24.696611
dynamic_TF_carry/SPI200           2024-06-18 22:31:24.696820
dynamic_TF_carry/SONIA3           2024-06-18 22:31:24.697028
dynamic_TF_carry/FTSE100          2024-06-18 22:31:24.697239
dynamic_TF_carry/EU-FOOD          2024-06-18 22:31:24.697448
dynamic_TF_carry/SUGAR_WHITE      2024-06-18 22:31:24.697657
dynamic_TF_carry/EU-DJ-TELECOM    2024-06-18 22:31:24.697865
dynamic_TF_carry/FTSEVIET         2024-06-18 22:31:24.698072
dynamic_TF_carry/EUROSTX          2024-06-18 22:31:24.698281
dynamic_TF_carry/YENEUR           2024-06-18 22:31:24.698489
dynamic_TF_carry/LEANHOG          2024-06-18 22:31:24.698697
dynamic_TF_carry/EU-CONSTRUCTION  2024-06-18 22:31:24.698904
dynamic_TF_carry/KOSDAQ           2024-06-18 22:31:24.699112
dynamic_TF_carry/AEX              2024-06-18 22:31:24.699321
dynamic_TF_carry/EURO600          2024-06-18 22:31:24.699529
dynamic_TF_carry/EUROSTX-SMALL    2024-06-18 22:31:24.699739
dynamic_TF_carry/LIVECOW          2024-06-18 22:31:24.699947
dynamic_TF_carry/COPPER-micro     2024-06-18 22:31:24.700363
dynamic_TF_carry/CAC              2024-06-18 22:31:24.700570
dynamic_TF_carry/COFFEE           2024-06-18 22:31:24.700778
dynamic_TF_carry/MILKWET          2024-06-18 22:31:24.700986
dynamic_TF_carry/MILKDRY          2024-06-18 22:31:24.701197
dynamic_TF_carry/HANGTECH         2024-06-18 22:31:24.701408
dynamic_TF_carry/BTP              2024-06-18 22:31:24.701617
dynamic_TF_carry/KR10             2024-06-18 22:31:24.701827
dynamic_TF_carry/GAS_US_mini      2024-06-18 22:31:24.702036
dynamic_TF_carry/ALUMINIUM        2024-06-18 22:31:24.702245
dynamic_TF_carry/NIKKEI           2024-06-18 22:31:24.702454
dynamic_TF_carry/HANGENT_mini     2024-06-18 22:31:24.702662
dynamic_TF_carry/NZD              2024-06-18 22:31:24.702870
dynamic_TF_carry/CH10             2024-06-18 22:31:24.703078
dynamic_TF_carry/GASOIL           2024-06-18 22:31:24.703285
dynamic_TF_carry/KRWUSD_mini      2024-06-18 22:31:24.703493
dynamic_TF_carry/COAL-GEORDIE     2024-06-18 22:31:24.703701
dynamic_TF_carry/EU-BANKS         2024-06-18 22:31:24.703909
dynamic_TF_carry/SGD              2024-06-18 22:31:24.704118
dynamic_TF_carry/SP500_micro      2024-06-18 22:31:24.704326
dynamic_TF_carry/FEEDCOW          2024-06-18 22:31:24.704533
dynamic_TF_carry/SMI-MID          2024-06-18 22:31:24.704742
dynamic_TF_carry/US-ENERGY        2024-06-18 22:31:24.704950
dynamic_TF_carry/WHEY             2024-06-18 22:31:24.705161
dynamic_TF_carry/MSCIEAFA         2024-06-18 22:31:24.705370
dynamic_TF_carry/BB3M             2024-06-18 22:31:24.705579
dynamic_TF_carry/IG               2024-06-18 22:31:24.705787
dynamic_TF_carry/COTTON2          2024-06-18 22:31:24.705995
dynamic_TF_carry/US-DISCRETE      2024-06-18 22:31:24.706206
dynamic_TF_carry/GOLD_micro       2024-06-18 22:31:24.706414
dynamic_TF_carry/KRWUSD           2024-06-18 22:31:24.706622
dynamic_TF_carry/EU-MEDIA         2024-06-18 22:31:24.706833
dynamic_TF_carry/IBEX_mini        2024-06-18 22:31:24.707041
dynamic_TF_carry/MSCITAIWAN       2024-06-18 22:31:24.707249
dynamic_TF_carry/BONO             2024-06-18 22:31:24.707457
dynamic_TF_carry/RUR              2024-06-18 22:31:24.707665
dynamic_TF_carry/CHFJPY           2024-06-18 22:31:24.707875
dynamic_TF_carry/DAX              2024-06-18 22:31:24.708291
dynamic_TF_carry/GBPJPY           2024-06-18 22:31:24.708498
dynamic_TF_carry/BOBL             2024-06-18 22:31:24.708707
dynamic_TF_carry/US2              2024-06-18 22:31:24.708914
dynamic_TF_carry/OATIES           2024-06-18 22:31:24.709121
dynamic_TF_carry/BUND             2024-06-18 22:31:24.709332
dynamic_TF_carry/PALLAD           2024-06-18 22:31:24.709540
dynamic_TF_carry/PLN              2024-06-18 22:31:24.709749
dynamic_TF_carry/RICE             2024-06-18 22:31:24.709956
dynamic_TF_carry/JGB              2024-06-18 22:31:24.710162
dynamic_TF_carry/COAL             2024-06-18 22:31:24.710368
dynamic_TF_carry/EU-HEALTH        2024-06-18 22:31:24.710576
dynamic_TF_carry/EUROSTX-LARGE    2024-06-18 22:31:24.710783
dynamic_TF_carry/AUD_micro        2024-06-18 22:31:24.710991
dynamic_TF_carry/EU-DIV30         2024-06-18 22:31:24.711200
dynamic_TF_carry/EURIBOR-ICE      2024-06-18 22:31:24.711408
dynamic_TF_carry/SOFR             2024-06-18 22:31:24.711825
dynamic_TF_carry/COCOA            2024-06-18 22:31:24.712033
dynamic_TF_carry/RUBBER           2024-06-18 22:31:24.712240
dynamic_TF_carry/MXP              2024-06-18 22:31:24.712449
dynamic_TF_carry/EU-UTILS         2024-06-18 22:31:24.712658
dynamic_TF_carry/EURAUD           2024-06-18 22:31:24.712864
dynamic_TF_carry/VNKI             2024-06-18 22:31:24.713071
dynamic_TF_carry/GICS             2024-06-18 22:31:24.713282
dynamic_TF_carry/MUMMY            2024-06-18 22:31:24.713489
dynamic_TF_carry/EURCAD           2024-06-18 22:31:24.713697
dynamic_TF_carry/EU-MID           2024-06-18 22:31:24.713905
dynamic_TF_carry/EUR              2024-06-18 22:31:24.714113
dynamic_TF_carry/FTSETAIWAN       2024-06-18 22:31:24.714321
dynamic_TF_carry/GBPEUR           2024-06-18 22:31:24.714530
dynamic_TF_carry/CHF              2024-06-18 22:31:24.714737
dynamic_TF_carry/JP-REALESTATE    2024-06-18 22:31:24.714947
dynamic_TF_carry/SMI              2024-06-18 22:31:24.715153
dynamic_TF_carry/SOYMEAL          2024-06-18 22:31:24.715362
dynamic_TF_carry/ROBUSTA          2024-06-18 22:31:24.715569
dynamic_TF_carry/CZK              2024-06-18 22:31:24.715776
dynamic_TF_carry/US-TECH          2024-06-18 22:31:24.715985
dynamic_TF_carry/SOYBEAN_mini     2024-06-18 22:31:24.716194
dynamic_TF_carry/BRENT_W          2024-06-18 22:31:24.716402
dynamic_TF_carry/FED              2024-06-18 22:31:24.716611
dynamic_TF_carry/US-UTILS         2024-06-18 22:31:24.716820
dynamic_TF_carry/HANG_mini        2024-06-18 22:31:24.717028
dynamic_TF_carry/RUSSELL          2024-06-18 22:31:24.717241
dynamic_TF_carry/CAD5             2024-06-18 22:31:24.717451
dynamic_TF_carry/EUR_micro        2024-06-18 22:31:24.717659
dynamic_TF_carry/MSCIEMASIA       2024-06-18 22:31:24.717868
dynamic_TF_carry/CAD10            2024-06-18 22:31:24.718078
dynamic_TF_carry/SHATZ            2024-06-18 22:31:24.718497
dynamic_TF_carry/US-FINANCE       2024-06-18 22:31:24.718707
dynamic_TF_carry/INR              2024-06-18 22:31:24.718916
dynamic_TF_carry/CHINAA-CON       2024-06-18 22:31:24.719124
dynamic_TF_carry/BTP3             2024-06-18 22:31:24.719542
dynamic_TF_carry/US30             2024-06-18 22:31:24.719748
dynamic_TF_carry/SILVER           2024-06-18 22:31:24.719958
dynamic_TF_carry/IRS              2024-06-18 22:31:24.720168
dynamic_TF_carry/EPRA-EUROPE      2024-06-18 22:31:24.720376
dynamic_TF_carry/GBPCHF           2024-06-18 22:31:24.720585
dynamic_TF_carry/SOYBEAN          2024-06-18 22:31:24.720793
dynamic_TF_carry/BRENT-LAST       2024-06-18 22:31:24.721002
dynamic_TF_carry/US-HEALTH        2024-06-18 22:31:24.721214
dynamic_TF_carry/NASDAQ_micro     2024-06-18 22:31:24.721423
dynamic_TF_carry/OJ               2024-06-18 22:31:24.721632
dynamic_TF_carry/AUD              2024-06-18 22:31:24.721844
dynamic_TF_carry/WHEAT_ICE        2024-06-18 22:31:24.722054
dynamic_TF_carry/HOUSE-US         2024-06-18 22:31:24.722265
dynamic_TF_carry/STEEL            2024-06-18 22:31:24.722474
dynamic_TF_carry/PLAT             2024-06-18 22:31:24.722683
dynamic_TF_carry/ZAR              2024-06-18 22:31:24.723101
dynamic_TF_carry/MIB              2024-06-18 22:31:24.723312
dynamic_TF_carry/EURCHF           2024-06-18 22:31:24.723521
dynamic_TF_carry/EU-HOUSE         2024-06-18 22:31:24.723732
dynamic_TF_carry/NICKEL_LME       2024-06-18 22:31:24.723941
dynamic_TF_carry/SARONA           2024-06-18 22:31:24.724150
dynamic_TF_carry/SGX              2024-06-18 22:31:24.724359
dynamic_TF_carry/EU-INSURE        2024-06-18 22:31:24.724569
dynamic_TF_carry/BUTTER           2024-06-18 22:31:24.724778
dynamic_TF_carry/CORN             2024-06-18 22:31:24.724988
dynamic_TF_carry/MILK             2024-06-18 22:31:24.725200
dynamic_TF_carry/V2X              2024-06-18 22:31:24.725410
dynamic_TF_carry/US20             2024-06-18 22:31:24.725619
dynamic_TF_carry/US-STAPLES       2024-06-18 22:31:24.725829
dynamic_TF_carry/EU-TRAVEL        2024-06-18 22:31:24.726039
dynamic_TF_carry/TIN_LME          2024-06-18 22:31:24.726247
dynamic_TF_carry/US-PROPERTY      2024-06-18 22:31:24.726456
dynamic_TF_carry/HIGHYIELD        2024-06-18 22:31:24.726666
dynamic_TF_carry/SUGAR11          2024-06-18 22:31:24.726874


======================================================================================================================
                                                Status of trade limits                                                
======================================================================================================================

                   period_days  trade_limit  trades_since_last_reset  trade_capacity_remaining   time_since_last_reset
 VIX                        14            4                      3.0                       1.0 11 days 07:54:41.044159
 CRUDE_W_micro               1            4                      2.0                       2.0  0 days 08:53:59.667577
 BUXL                       30            4                      2.0                       2.0 19 days 13:24:34.493922
 VIX                        30            5                      3.0                       2.0 11 days 07:54:41.045857
 US10                       30            4                      1.0                       3.0 15 days 07:55:23.933771
 CHF                        14            4                      1.0                       3.0 12 days 07:55:16.564060
 GBP                        14            4                      1.0                       3.0  8 days 05:19:56.292228
 CHF                        30            4                      1.0                       3.0 12 days 07:55:16.562936
 EU-MID                      1            4                      0.0                       4.0  0 days 00:00:00.000002
 EU-MEDIA                    1            4                      0.0                       4.0  0 days 00:00:00.000002
 EU-HOUSE                    1            4                      0.0                       4.0  0 days 00:00:00.000001
 EU-DJ-UTIL                  1            4                      0.0                       4.0  0 days 00:00:00.000002
 EU-DJ-TELECOM               1            4                      0.0                       4.0  0 days 00:00:00.000002
 CORN                        1            4                      0.0                       4.0  0 days 00:00:00.000002
 EU-CONSTRUCTION             1            4                      0.0                       4.0  0 days 00:00:00.000001
 ETHANOL                     1            4                      0.0                       4.0  0 days 00:00:00.000002
 CZK                         1            4                      0.0                       4.0  0 days 00:00:00.000002
 COTTON                      1            4                      0.0                       4.0  0 days 00:00:00.000002
 COPPER-mini                 1            4                      0.0                       4.0  0 days 00:00:00.000001
 CNH-onshore                 1            4                      0.0                       4.0  0 days 00:00:00.000001
 CLP                         1            4                      0.0                       4.0  0 days 00:00:00.000002
 CH10                        1            4                      0.0                       4.0  0 days 00:00:00.000002
 BUTTER                      1            4                      0.0                       4.0  0 days 00:00:00.000002
 BOVESPA                     1            4                      0.0                       4.0  0 days 00:00:00.000001
 EU-DJ-TECH                  1            4                      0.0                       4.0  0 days 00:00:00.000002
 EU-DJ-OIL                   1            4                      0.0                       4.0  0 days 00:00:00.000002
 EURIBOR                     1            4                      0.0                       4.0  0 days 00:00:00.000001
 EURCHF                      1            4                      0.0                       4.0  0 days 00:00:00.000001
 US-INDUSTRY                 1            4                      0.0                       4.0  0 days 00:00:00.000001
 US-HEALTH                   1            4                      0.0                       4.0  0 days 00:00:00.000002
 US-FINANCE                  1            4                      0.0                       4.0  0 days 00:00:00.000002
 US-ENERGY                   1            4                      0.0                       4.0  0 days 00:00:00.000002
 US-DISCRETE                 1            4                      0.0                       4.0  0 days 00:00:00.000001
 SMI-MID                     1            4                      0.0                       4.0  0 days 00:00:00.000002
 SGX                         1            4                      0.0                       4.0  0 days 00:00:00.000002
 SGD                         1            4                      0.0                       4.0  0 days 00:00:00.000002
 OMX                         1            4                      0.0                       4.0  0 days 00:00:00.000002
 EU-REALESTATE               1            4                      0.0                       4.0  0 days 00:00:00.000002
 MSCIASIA                    1            4                      0.0                       4.0  0 days 00:00:00.000001
 MILKDRY                     1            4                      0.0                       4.0  0 days 00:00:00.000002
 MID-DAX                     1            4                      0.0                       4.0  0 days 00:00:00.000002
 JP-REALESTATE               1            4                      0.0                       4.0  0 days 00:00:00.000001
 JGB-SGX-mini                1            4                      0.0                       4.0  0 days 00:00:00.000002
 IRS                         1            4                      0.0                       4.0  0 days 00:00:00.000001
 FTSEINDO                    1            4                      0.0                       4.0  0 days 00:00:00.000002
 EUROSTX200-LARGE            1            4                      0.0                       4.0  0 days 00:00:00.000002
 EUROSTX-SMALL               1            4                      0.0                       4.0  0 days 00:00:00.000002
 EUROSTX-LARGE               1            4                      0.0                       4.0  0 days 00:00:00.000002
 MILKWET                     1            4                      0.0                       4.0  0 days 00:00:00.000002
 BEL20                       1            4                      0.0                       4.0  0 days 00:00:00.000002
 US30                       30            4                      0.0                       4.0  0 days 00:00:00.000001
 YENEUR                     30            4                      0.0                       4.0  0 days 00:00:00.000002
 ZAR                         1            4                      0.0                       4.0  0 days 00:00:00.000002
 KRWUSD                     14            4                      0.0                       4.0  0 days 00:00:00.000002
 JGB                        14            4                      0.0                       4.0  0 days 00:00:00.000001
 HEATOIL                    14            4                      0.0                       4.0  0 days 00:00:00.000002
 GBPEUR                     14            4                      0.0                       4.0  0 days 00:00:00.000002
 GAS-LAST                   14            4                      0.0                       4.0  0 days 00:00:00.000002
